/*--------------------------------*- C++ -*----------------------------------*\
| =========                 |                                                 |
| \\      /  F ield         | OpenFOAM: The Open Source CFD Toolbox           |
|  \\    /   O peration     | Version:  2106                                  |
|   \\  /    A nd           | Website:  www.openfoam.com                      |
|    \\/     M anipulation  |                                                 |
\*---------------------------------------------------------------------------*/
FoamFile
{
    version     2.0;
    format      ascii;
    arch        "LSB;label=32;scalar=64";
    class       volScalarField;
    location    "0.001";
    object      reconstructedDistanceFunction;
}
// * * * * * * * * * * * * * * * * * * * * * * * * * * * * * * * * * * * * * //

dimensions      [0 1 0 0 0 0 0];

internalField   nonuniform List<scalar> 
1024
(
0
0
0
0
0
0
0
0
0
0
0
0
0
0
0
0
0
0
0
0
0
0
0
0
0
0
0
0
0
0
0
0
0
0
0
0
0
0
0
0
0
0
0
0
0
0
0
0
0
0
0
0
0
0
0
0
0
0
0
0
0
0
0
0
0
0
0
0
0
0
0
0
0
0
0
0
0
0
0
0
0
0
0
0
0
0
0
0
0
0
0
0
0
0
0
0
0
0
0
0
0
0
0
0
0
0
0
0
0
0
0
0
0
0
0
0
0
0
0
0
0
0
0
0
0
0
0
0
0
0
0
0
0
0
0
0
0
0
0
0
0
0
0
0
0
0
0
0
0
0
0
0
0
0
0
0
0
0
0
0
0
0
0
0
0
0
0
0
0
0
0
0
0
0
0
0
0
0
0
0
0
0
0
0
0
0
0
0
0
0
0
0
0
0
0
0
0
0
0
0
0
0
0
0
0
0
0
0
0
0
0
0
0
0
0
0
0
0
0
0
0
0
0
0
0
0
0
0
0
0
0
0
0
0
0
0
0
0
0
0
0
0
0
0
0
0
0
0
0
0
0
0
0
0
0
0
0
0
0
0
0
0
0
0
0
0
0
0
0
0
0
0
0
0
0
0
0
0
0
0
0
0
0
0
0
0
0
0
0
0
0
0
0
0
0
0
0
0
0
0
0
0
0
0
0
0
0
0
0
0
0
0
0
0
0
0
0
0
0
0
0
0
0
0
0
0
0
0
0
0
0
0
0
0
0
0
0
0
0
0
0
0
0
0
0
0
0
0
0
0
0
0
0
0
0
0
0
0
0
0
0
0
0
0
0
0
0
0
0
0
0
0
0
0
0
0
0
0
0
0
0
0
0
0
0.10095617
0.10127214
0.10189202
0.10279642
0.10394727
0.10530141
0.10680347
0.10841174
0.11004097
0.11166834
0.1132104
0
0
0
0
0
0
0
0
0
0
0.1132104
0.11166834
0.11004097
0.10841174
0.10680347
0.10530141
0.10394727
0.10279642
0.10189202
0.10127214
0.10095617
0.069706171
0.070025759
0.070652417
0.071564414
0.072723639
0.074085456
0.075593251
0.077204245
0.078833454
0.080458104
0.081994458
0.083394422
0.084595606
0.0855467
0.086205415
0.086542407
0.086542407
0.086205415
0.0855467
0.084595606
0.083394422
0.081994458
0.080458104
0.078833454
0.077204245
0.075593251
0.074085456
0.072723639
0.071564414
0.070652417
0.070025759
0.069706171
0.038456171
0.038779381
0.039412815
0.040332413
0.041500005
0.042869506
0.044383027
0.045996747
0.04762594
0.049247865
0.050778514
0.05217085
0.053363561
0.054306675
0.054959213
0.055292841
0.055292841
0.054959213
0.054306675
0.053363561
0.05217085
0.050778514
0.049247865
0.04762594
0.045996747
0.044383027
0.042869506
0.041500005
0.040332413
0.039412815
0.038779381
0.038456171
0.0072061715
0.0075330038
0.0081732134
0.0091004115
0.010276371
0.011653556
0.013172804
0.014789248
0.016418427
0.018037626
0.01956257
0.020947277
0.022131517
0.023066651
0.023713011
0.024043275
0.024043275
0.023713011
0.023066651
0.022131517
0.020947277
0.01956257
0.018037626
0.016418427
0.014789248
0.013172804
0.011653556
0.010276371
0.0091004115
0.0081732134
0.0075330038
0.0072061715
-0.024043828
-0.023713374
-0.023066389
-0.02213159
-0.020947262
-0.019562394
-0.01803742
-0.01641825
-0.014789086
-0.013172614
-0.011653373
-0.010276296
-0.0091005282
-0.0081733744
-0.007533191
-0.0072062913
-0.0072062913
-0.007533191
-0.0081733744
-0.0091005282
-0.010276296
-0.011653373
-0.013172614
-0.014789086
-0.01641825
-0.01803742
-0.019562394
-0.020947262
-0.02213159
-0.023066389
-0.023713374
-0.024043828
-0.055293828
-0.054959751
-0.054305991
-0.053363591
-0.052170896
-0.050778344
-0.049247643
-0.047625749
-0.045996599
-0.044382853
-0.042869317
-0.041499868
-0.040332573
-0.039413399
-0.038779393
-0.038455857
-0.038455857
-0.038779393
-0.039413399
-0.040332573
-0.041499868
-0.042869317
-0.044382853
-0.045996599
-0.047625749
-0.049247643
-0.050778344
-0.052170896
-0.053363591
-0.054305991
-0.054959751
-0.055293828
-0.086543828
-0.086206128
-0.085545592
-0.084595592
-0.08339453
-0.081994293
-0.080457866
-0.078833247
-0.077204112
-0.075593093
-0.074085261
-0.072723441
-0.071564618
-0.070653424
-0.070025595
-0.069705423
-0.069705423
-0.070025595
-0.070653424
-0.071564618
-0.072723441
-0.074085261
-0.075593093
-0.077204112
-0.078833247
-0.080457866
-0.081994293
-0.08339453
-0.084595592
-0.085545592
-0.086206128
-0.086543828
0
0
0
0
0
-0.11321024
-0.11166809
-0.11004075
-0.10841163
-0.10680333
-0.1053012
-0.10394701
-0.10279666
-0.10189345
-0.1012718
-0.10095499
-0.10095499
-0.1012718
-0.10189345
-0.10279666
-0.10394701
-0.1053012
-0.10680333
-0.10841163
-0.11004075
-0.11166809
-0.11321024
0
0
0
0
0
0
0
0
0
0
0
0
0
0
0
0
0
0
0
0
0
0
0
0
0
0
0
0
0
0
0
0
0
0
0
0
0
0
0
0
0
0
0
0
0
0
0
0
0
0
0
0
0
0
0
0
0
0
0
0
0
0
0
0
0
0
0
0
0
0
0
0
0
0
0
0
0
0
0
0
0
0
0
0
0
0
0
0
0
0
0
0
0
0
0
0
0
0
0
0
0
0
0
0
0
0
0
0
0
0
0
0
0
0
0
0
0
0
0
0
0
0
0
0
0
0
0
0
0
0
0
0
0
0
0
0
0
0
0
0
0
0
0
0
0
0
0
0
0
0
0
0
0
0
0
0
0
0
0
0
0
0
0
0
0
0
0
0
0
0
0
0
0
0
0
0
0
0
0
0
0
0
0
0
0
0
0
0
0
0
0
0
0
0
0
0
0
0
0
0
0
0
0
0
0
0
0
0
0
0
0
0
0
0
0
0
0
0
0
0
0
0
0
0
0
0
0
0
0
0
0
0
0
0
0
0
0
0
0
0
0
0
0
0
0
0
0
0
0
0
0
0
0
0
0
0
0
0
0
0
0
0
0
0
0
0
0
0
0
0
0
0
0
0
0
0
0
0
0
0
0
0
0
0
0
0
0
0
0
0
0
0
0
0
0
0
0
0
0
0
0
0
0
0
0
0
0
0
0
0
0
0
0
0
0
0
0
0
0
0
0
0
0
0
0
0
0
0
0
0
0
0
0
0
0
0
0
0
0
0
0
0
0
0
0
0
0
0
0
0
0
0
0
0
0
0
0
0
0
0
0
0
0
0
0
0
0
0
0
0
0
0
0
0
0
0
0
0
0
0
0
0
0
0
0
0
0
0
0
)
;

boundaryField
{
    leftWall
    {
        type            cyclic;
    }
    rightWall
    {
        type            cyclic;
    }
    lowerWall
    {
        type            calculated;
        value           uniform 0;
    }
    atmosphere
    {
        type            calculated;
        value           uniform 0;
    }
    defaultFaces
    {
        type            empty;
    }
}


// ************************************************************************* //
