/*--------------------------------*- C++ -*----------------------------------*\
| =========                 |                                                 |
| \\      /  F ield         | OpenFOAM: The Open Source CFD Toolbox           |
|  \\    /   O peration     | Version:  2106                                  |
|   \\  /    A nd           | Website:  www.openfoam.com                      |
|    \\/     M anipulation  |                                                 |
\*---------------------------------------------------------------------------*/
FoamFile
{
    version     2.0;
    format      ascii;
    arch        "LSB;label=32;scalar=64";
    class       volScalarField;
    location    "0.045";
    object      p_rgh;
}
// * * * * * * * * * * * * * * * * * * * * * * * * * * * * * * * * * * * * * //

dimensions      [1 -1 -2 0 0 0 0];

internalField   nonuniform List<scalar> 
4096
(
-1.7286716
-1.7120316
-1.6789117
-1.6296304
-1.5646618
-1.4846308
-1.3903072
-1.2825982
-1.1625401
-1.0312875
-0.8901031
-0.74034501
-0.58345397
-0.42093947
-0.2543652
-0.08533434
0.08452553
0.25358091
0.42020337
0.5827869
0.73976599
0.8896279
1.0309279
1.1623034
1.2824872
1.3903196
1.4847598
1.5648958
1.6299539
1.6793056
1.7124741
1.7291389
1.7291389
1.7124741
1.6793056
1.6299539
1.5648958
1.4847598
1.3903196
1.2824872
1.1623034
1.0309279
0.8896279
0.73976599
0.5827869
0.42020337
0.25358091
0.084525529
-0.085334341
-0.2543652
-0.42093947
-0.58345398
-0.74034501
-0.8901031
-1.0312875
-1.1625401
-1.2825982
-1.3903072
-1.4846308
-1.5646618
-1.6296304
-1.6789117
-1.7120316
-1.7286716
-1.7465069
-1.7296947
-1.6962322
-1.6464413
-1.5808009
-1.4999426
-1.4046442
-1.2958225
-1.1745243
-1.0419166
-0.89927494
-0.74797166
-0.58946236
-0.42527212
-0.25698079
-0.086207964
0.085402503
0.25619891
0.42453695
0.58879466
0.7473899
0.89879438
1.0415486
1.1742761
1.2956965
1.4046384
1.5000501
1.5810106
1.6467379
1.6965973
1.7301069
1.7469431
1.7469431
1.7301069
1.6965973
1.6467379
1.5810106
1.5000501
1.4046384
1.2956965
1.1742761
1.0415486
0.89879438
0.7473899
0.58879466
0.42453695
0.25619891
0.085402502
-0.086207964
-0.25698079
-0.42527212
-0.58946236
-0.74797166
-0.89927494
-1.0419166
-1.1745243
-1.2958225
-1.4046442
-1.4999426
-1.5808009
-1.6464413
-1.6962322
-1.7296947
-1.7465069
-1.7807185
-1.7635767
-1.7294579
-1.6786906
-1.6117632
-1.5293196
-1.4321533
-1.3211989
-1.1975241
-1.0623186
-0.91688317
-0.76261706
-0.60100439
-0.43360007
-0.26201488
-0.087900003
0.087068743
0.26120718
0.43283876
0.60031035
0.7620087
0.91637569
1.0619233
1.1972481
1.3210448
1.4321188
1.5293981
1.6119434
1.6789574
1.7297929
1.7639586
1.7811244
1.7811244
1.7639586
1.7297929
1.6789574
1.6119434
1.5293981
1.4321188
1.3210448
1.1972481
1.0619233
0.91637569
0.7620087
0.60031035
0.43283876
0.26120718
0.087068743
-0.087900003
-0.26201488
-0.43360007
-0.60100439
-0.76261706
-0.91688317
-1.0623186
-1.1975241
-1.3211989
-1.4321533
-1.5293196
-1.6117632
-1.6786906
-1.7294579
-1.7635767
-1.7807185
-1.8319092
-1.8142741
-1.7791737
-1.7269459
-1.6580933
-1.5732785
-1.4733179
-1.3591733
-1.231943
-1.0928513
-0.94323627
-0.78453748
-0.61828169
-0.44606847
-0.26955478
-0.09043911
0.089554757
0.26869436
0.44525506
0.61753654
0.78387928
0.94268045
1.0924094
1.2316222
1.3589762
1.4732424
1.5733177
1.6582358
1.7271764
1.7794734
1.8146215
1.8322809
1.8322809
1.8146215
1.7794734
1.7271764
1.6582358
1.5733177
1.4732424
1.3589762
1.2316222
1.0924094
0.94268045
0.78387928
0.61753654
0.44525506
0.26869436
0.089554756
-0.09043911
-0.26955478
-0.44606847
-0.61828169
-0.78453748
-0.94323627
-1.0928513
-1.231943
-1.3591733
-1.4733179
-1.5732785
-1.6580933
-1.7269459
-1.7791737
-1.8142741
-1.8319092
-1.9006839
-1.8823862
-1.8459672
-1.7917773
-1.7203384
-1.6323381
-1.5286237
-1.4101933
-1.2781867
-1.1338742
-0.9786444
-0.81399075
-0.64149737
-0.46282377
-0.27968895
-0.09385496
0.092889984
0.27874861
0.4619318
0.64067567
0.8132586
0.97801772
1.1333649
1.2778023
1.4099365
1.5284922
1.632325
1.7204319
1.7919617
1.846223
1.8826913
1.9010141
1.9010141
1.8826913
1.846223
1.7919617
1.7204319
1.632325
1.5284922
1.4099365
1.2778023
1.1333649
0.97801772
0.8132586
0.64067567
0.4619318
0.27874861
0.092889983
-0.09385496
-0.27968895
-0.46282377
-0.64149737
-0.81399075
-0.9786444
-1.1338742
-1.2781867
-1.4101933
-1.5286237
-1.6323381
-1.7203384
-1.7917773
-1.8459672
-1.8823862
-1.9006839
-1.9876975
-1.9685615
-1.930474
-1.8738018
-1.7990908
-1.7070604
-1.5985968
-1.4747442
-1.3366949
-1.1857775
-1.0234443
-0.85125705
-0.67087246
-0.48402581
-0.29251457
-0.098181134
0.097104749
0.29146389
0.48302561
0.66994563
0.85042376
1.0227212
1.1851772
1.3362253
1.4744081
1.598392
1.7069796
1.7991218
1.8739281
1.9306753
1.9688145
1.9879768
1.9879768
1.9688145
1.9306753
1.8739281
1.7991218
1.7069796
1.598392
1.4744081
1.3362253
1.1851772
1.0227212
0.85042376
0.66994563
0.48302561
0.29146389
0.097104749
-0.098181134
-0.29251457
-0.48402581
-0.67087246
-0.85125705
-1.0234443
-1.1857775
-1.3366949
-1.4747442
-1.5985968
-1.7070604
-1.7990908
-1.8738018
-1.930474
-1.9685615
-1.9876975
-2.0937778
-2.0736199
-2.0334983
-1.9737996
-1.8950993
-1.7981555
-1.6839021
-1.5534393
-1.4080235
-1.2490542
-1.0780615
-0.89669068
-0.70668655
-0.50987685
-0.30815467
-0.10346033
0.1022371
0.30695863
0.50873421
0.70562156
0.89572476
1.0772124
1.2483353
1.4074433
1.553001
1.6836034
1.7979887
1.8950515
1.9738534
2.0336319
2.0738086
2.0939947
2.0939947
2.0738086
2.0336319
1.9738534
1.8950515
1.7979887
1.6836034
1.553001
1.4074433
1.2483353
1.0772124
0.89572476
0.70562156
0.50873421
0.30695863
0.1022371
-0.10346033
-0.30815467
-0.50987685
-0.70668655
-0.89669068
-1.0780615
-1.2490542
-1.4080235
-1.5534393
-1.6839021
-1.7981555
-1.8950993
-1.9737996
-2.0334983
-2.0736199
-2.0937778
-2.2199442
-2.1985706
-2.1560295
-2.0927311
-2.0092858
-1.906498
-1.7853583
-1.6470337
-1.4928566
-1.3243113
-1.1430202
-0.95072775
-0.74928377
-0.54062587
-0.32676078
-0.10974522
0.10833371
0.32537839
0.53930068
0.74804183
0.9495921
1.1420101
1.3234412
1.4921357
1.6464657
1.7849409
1.906223
2.0091395
2.0926945
2.1560793
2.1986801
2.2200841
2.2200841
2.1986801
2.1560793
2.0926945
2.0091395
1.906223
1.7849409
1.6464657
1.4921357
1.3234412
1.1420101
0.9495921
0.74804183
0.53930068
0.32537839
0.10833371
-0.10974522
-0.32676078
-0.54062587
-0.74928377
-0.95072775
-1.1430202
-1.3243113
-1.4928566
-1.6470337
-1.7853583
-1.906498
-2.0092858
-2.0927311
-2.1560295
-2.1985706
-2.2199442
-2.3674101
-2.3446154
-2.2992459
-2.2317395
-2.1427477
-2.0331288
-1.9039398
-1.756426
-1.5920087
-1.4122713
-1.218944
-1.0138873
-0.79907381
-0.57656937
-0.34851348
-0.11709879
0.11544972
0.34689595
0.57501384
0.7976086
1.0125376
1.2177307
1.4112104
1.5911107
1.755695
1.9033735
2.0327185
2.1424784
2.2315907
2.2991919
2.3446269
2.3674551
2.3674551
2.3446269
2.2991919
2.2315907
2.1424784
2.0327185
1.9033735
1.755695
1.5911107
1.4112104
1.2177307
1.0125376
0.7976086
0.57501384
0.34689595
0.11544973
-0.11709879
-0.34851348
-0.57656937
-0.79907381
-1.0138873
-1.218944
-1.4122713
-1.5920087
-1.756426
-1.9039398
-2.0331288
-2.1427477
-2.2317395
-2.2992459
-2.3446154
-2.3674101
-2.5375938
-2.5131587
-2.4645245
-2.3921612
-2.2967674
-2.1792642
-2.0407853
-1.8826663
-1.7064313
-1.5137781
-1.3065616
-1.086776
-0.85653548
-0.61805397
-0.37362405
-0.12559508
0.12364904
0.37171252
0.61621036
0.85479091
1.0851582
1.305094
1.5124786
1.7053116
1.8817314
2.040033
2.1786851
2.2963451
2.3918728
2.4643419
2.5130491
2.5375215
2.5375215
2.5130491
2.4643419
2.3918728
2.2963451
2.1786851
2.040033
1.8817314
1.7053116
1.5124786
1.305094
1.0851582
0.85479091
0.61621036
0.37171252
0.12364904
-0.12559508
-0.37362405
-0.61805397
-0.85653548
-1.086776
-1.3065616
-1.5137781
-1.7064313
-1.8826663
-2.0407853
-2.1792642
-2.2967674
-2.3921612
-2.4645245
-2.5131587
-2.5375938
-2.7321327
-2.705822
-2.6534551
-2.5755385
-2.4728253
-2.3463082
-2.1972089
-2.0269664
-1.8372225
-1.6298058
-1.4067139
-1.1700938
-0.92222146
-0.66547999
-0.40233677
-0.13532015
0.13300457
0.40005933
0.66327763
0.92012879
1.1681418
1.404929
1.6282084
1.8358261
2.0257771
2.1962246
2.3455186
2.4722124
2.5750767
2.6531127
2.7055622
2.731915
2.731915
2.7055622
2.6531127
2.5750767
2.4722124
2.3455186
2.1962246
2.0257771
1.8358261
1.6282084
1.404929
1.1681418
0.92012879
0.66327763
0.40005933
0.13300457
-0.13532015
-0.40233677
-0.66547998
-0.92222146
-1.1700938
-1.4067139
-1.6298058
-1.8372225
-2.0269664
-2.1972089
-2.3463082
-2.4728253
-2.5755385
-2.6534551
-2.705822
-2.7321327
-2.9528997
-2.9244599
-2.8678557
-2.7836355
-2.6726143
-2.5358663
-2.3747133
-2.1907119
-1.9856378
-1.7614681
-1.5203623
-1.264641
-0.99676382
-0.71930544
-0.43493152
-0.14637321
0.14359861
0.43219935
0.71665696
0.99423787
1.2622727
1.5181817
1.7594987
1.9838957
2.1892046
2.373439
2.5348139
2.6717636
2.7829575
2.8673144
2.9240131
2.9525013
2.9525013
2.9240131
2.8673144
2.7829575
2.6717636
2.5348139
2.373439
2.1892046
1.9838957
1.7594987
1.5181817
1.2622727
0.99423787
0.71665696
0.43219935
0.14359861
-0.14637321
-0.43493152
-0.71930544
-0.99676382
-1.264641
-1.5203623
-1.7614681
-1.9856378
-2.1907119
-2.3747133
-2.5358663
-2.6726143
-2.7836355
-2.8678557
-2.9244599
-2.9528997
-3.2020216
-3.1711783
-3.109791
-3.0184552
-2.8980563
-2.7497608
-2.575004
-2.3754753
-2.1531018
-1.9100286
-1.6485979
-1.3713263
-1.0808802
-0.78005069
-0.47172674
-0.15886802
0.15552301
0.46842923
0.77684705
1.0778144
1.3684385
1.6459229
1.9075942
2.1509271
2.3735699
2.5733666
2.7483794
2.896908
3.0175069
3.1090012
3.1704982
3.2013976
3.2013976
3.1704982
3.1090012
3.0175069
2.896908
2.7483794
2.5733666
2.3735699
2.1509271
1.9075942
1.6459229
1.3684385
1.0778144
0.77684705
0.46842923
0.15552301
-0.15886802
-0.47172674
-0.78005069
-1.0808802
-1.3713263
-1.6485979
-1.9100286
-2.1531018
-2.3754753
-2.575004
-2.7497608
-2.8980563
-3.0184552
-3.109791
-3.1711783
-3.2020216
-3.4819008
-3.448356
-3.3815926
-3.2822595
-3.1513216
-2.9900495
-2.8000063
-2.5830315
-2.3412226
-2.0769136
-1.7926521
-1.4911749
-1.1753809
-0.84830365
-0.51308288
-0.17293447
0.16887951
0.50908129
0.84440782
1.171641
1.4876375
1.789358
2.0738958
2.3385048
2.5806259
2.7979126
2.9882545
3.1497993
3.2809717
3.3804907
3.4473831
3.4809938
3.4809938
3.4473831
3.3804907
3.2809717
3.1497993
2.9882545
2.7979126
2.5806259
2.3385048
2.0738958
1.789358
1.4876375
1.171641
0.84440782
0.50908129
0.16887951
-0.17293447
-0.51308288
-0.84830365
-1.1753809
-1.4911749
-1.7926521
-2.0769136
-2.3412226
-2.5830315
-2.8000063
-2.9900495
-3.1513216
-3.2822595
-3.3815926
-3.448356
-3.4819008
-3.795239
-3.7586679
-3.6858824
-3.5775916
-3.4348498
-3.259045
-3.051884
-2.8153751
-2.5518069
-2.2637253
-1.9539084
-1.6253391
-1.2811765
-0.92472564
-0.55940614
-0.18872027
0.18377998
0.55452585
0.91996473
1.2765927
1.6209867
1.949836
2.2599732
2.5484044
2.8123384
3.0492143
3.2567279
3.4328554
3.5758754
3.684387
3.7573258
3.7939753
3.7939753
3.7573258
3.684387
3.5758754
3.4328554
3.2567279
3.0492143
2.8123384
2.5484044
2.2599732
1.949836
1.6209867
1.2765927
0.91996473
0.55452585
0.18377998
-0.18872027
-0.55940614
-0.92472564
-1.2811765
-1.6253391
-1.9539084
-2.2637253
-2.5518069
-2.8153751
-3.051884
-3.259045
-3.4348498
-3.5775916
-3.6858824
-3.7586679
-3.795239
-4.145065
-4.1051128
-4.0255994
-3.9073017
-3.7513746
-3.5593381
-3.3330606
-3.0747393
-2.7868772
-2.4722574
-2.1339152
-1.7751088
-1.3992871
-1.0100578
-0.61115266
-0.20639285
0.20034681
0.6051738
1.0042134
1.393644
1.7697311
2.1288618
2.4675779
2.7826089
3.0709036
3.329661
3.5563592
3.7487817
3.9050422
4.023605
4.1033026
4.143349
4.143349
4.1033026
4.023605
3.9050422
3.7487817
3.5563592
3.329661
3.0709036
2.7826089
2.4675779
2.1288618
1.7697311
1.393644
1.0042134
0.6051738
0.20034681
-0.20639285
-0.61115266
-1.0100578
-1.3992871
-1.7751088
-2.1339152
-2.4722574
-2.7868772
-3.0747393
-3.3330606
-3.5593381
-3.7513746
-3.9073017
-4.0255994
-4.1051128
-4.145065
-4.5347655
-4.4910436
-4.404029
-4.2745754
-4.1039507
-3.8938231
-3.6462425
-3.3636177
-3.0486915
-2.7045118
-2.3344011
-1.9419235
-1.5308512
-1.105128
-0.66883278
-0.22614113
0.21871361
0.66147965
1.0979252
1.5238763
1.9352533
2.3281077
2.6986578
3.0433247
3.3587672
3.6419151
3.8900024
4.1005961
4.2716244
4.4013993
4.4886372
4.5324736
4.5324736
4.4886372
4.4013993
4.2716244
4.1005961
3.8900024
3.6419151
3.3587672
3.0433247
2.6986578
2.3281077
1.9352533
1.5238763
1.0979252
0.66147965
0.21871361
-0.22614113
-0.66883278
-1.105128
-1.5308512
-1.9419235
-2.3344011
-2.7045118
-3.0486915
-3.3636177
-3.6462425
-3.8938231
-4.1039507
-4.2745754
-4.404029
-4.4910436
-4.5347655
-4.9681202
-4.9202016
-4.8248369
-4.6829659
-4.495984
-4.265726
-3.994445
-3.6847874
-3.3397636
-2.9627169
-2.5572892
-2.1273854
-1.6771359
-1.2108579
-0.73301523
-0.24817686
0.23902651
0.72394538
1.2019533
1.6684869
2.1190851
2.5494276
2.9553738
3.3330017
3.6786462
3.9889365
4.2608325
4.4916581
4.6791323
4.8213957
4.9170334
4.9650921
4.9650921
4.9170334
4.8213957
4.6791323
4.4916581
4.2608325
3.9889365
3.6786462
3.3330017
2.9553738
2.5494276
2.1190851
1.6684869
1.2019533
0.72394538
0.23902651
-0.24817686
-0.73301523
-1.2108579
-1.6771359
-2.1273854
-2.5572892
-2.9627169
-3.3397636
-3.6847874
-3.994445
-4.265726
-4.495984
-4.6829659
-4.8248369
-4.9202016
-4.9681202
-5.4493407
-5.3967552
-5.2921059
-5.1364296
-4.9312653
-4.6786353
-4.381021
-4.0413345
-3.6628855
-3.2493464
-2.8047144
-2.333272
-1.8395469
-1.3282696
-0.80433081
-0.2727351
0.26144665
0.7931256
1.3172403
1.8287989
2.3229196
2.7948719
3.2401176
3.6543535
4.0335532
4.3740097
4.6723754
4.9257009
5.1314694
5.2876278
5.3926127
5.4453704
5.4453704
5.3926127
5.2876278
5.1314694
4.9257009
4.6723754
4.3740097
4.0335532
3.6543535
3.2401176
2.7948719
2.3229196
1.8287989
1.3172403
0.7931256
0.26144665
-0.2727351
-0.80433081
-1.3282696
-1.8395469
-2.333272
-2.8047144
-3.2493464
-3.6628855
-4.0413345
-4.381021
-4.6786353
-4.9312653
-5.1364296
-5.2921059
-5.3967552
-5.4493407
-5.9831136
-5.9253425
-5.8103775
-5.6393652
-5.4140068
-5.1365359
-4.8096907
-4.436681
-4.0211513
-3.5671403
-3.0790395
-2.56155
-2.0196384
-1.4584925
-0.88347467
-0.3000729
0.28615464
0.86963462
1.4448279
2.0062729
2.5486262
3.0667054
3.5555328
4.0103817
4.4268235
4.8007743
5.1285419
5.4068683
5.632971
5.8045778
5.9199568
5.9779404
5.9779404
5.9199568
5.8045778
5.632971
5.4068683
5.1285419
4.8007743
4.4268235
4.0103817
3.5555328
3.0667054
2.5486262
2.0062729
1.4448279
0.86963462
0.28615464
-0.3000729
-0.88347467
-1.4584925
-2.0196384
-2.56155
-3.0790395
-3.5671403
-4.0211513
-4.436681
-4.8096907
-5.1365359
-5.4140068
-5.6393652
-5.8103775
-5.9253425
-5.9831136
-6.5746496
-6.5111187
-6.3846972
-6.1966566
-5.9488816
-5.6438448
-5.2845738
-4.8746129
-4.4179805
-3.9191239
-3.3828718
-2.8143876
-2.2191221
-1.6027669
-0.97120633
-0.330465
0.31335836
0.95415682
1.5858692
2.2025219
2.7982672
3.3674267
3.9045376
4.4044033
4.8621461
5.2732605
5.6336659
5.939757
6.18845
6.3772241
6.5041565
6.5679495
6.5679495
6.5041565
6.3772241
6.18845
5.939757
5.6336659
5.2732605
4.8621461
4.4044033
3.9045376
3.3674267
2.7982672
2.2025219
1.5858692
0.95415682
0.31335836
-0.330465
-0.97120633
-1.6027669
-2.2191221
-2.8143876
-3.3828718
-3.9191239
-4.4179805
-4.8746129
-5.2845738
-5.6438448
-5.9488816
-6.1966566
-6.3846972
-6.5111187
-6.5746496
-7.2297354
-7.1598077
-7.0206644
-6.8137193
-6.5410663
-6.2054491
-5.8102226
-5.3593076
-4.8571419
-4.3086275
-3.7190777
-3.0941658
-2.4398741
-1.7624474
-1.0683464
-0.36419478
0.34330571
1.0474612
1.7416444
2.4193282
3.0741176
3.6997913
4.290352
4.8400812
5.3435997
5.7959286
6.1925498
6.5294648
6.8032483
7.0110966
7.1508689
7.2211193
7.2211193
7.1508689
7.0110966
6.8032483
6.5294648
6.1925498
5.7959286
5.3435997
4.8400812
4.290352
3.6997913
3.0741176
2.4193282
1.7416444
1.0474612
0.34330571
-0.36419478
-1.0683464
-1.7624474
-2.4398741
-3.0941658
-3.7190777
-4.3086275
-4.8571419
-5.3593076
-5.8102226
-6.2054491
-6.5410663
-6.8137193
-7.0206644
-7.1598077
-7.2297354
-7.954793
-7.877759
-7.7244858
-7.4965503
-7.1962858
-6.8267452
-6.3916551
-5.8953621
-5.3427748
-4.7393028
-4.0907961
-3.4034877
-2.6839415
-1.9390051
-1.1757724
-0.40154064
0.37630387
1.1504217
1.9135805
2.6586645
3.3786878
4.0668378
4.7165279
5.3214599
5.8756933
6.3737161
6.810516
7.1816482
7.4832984
7.7123404
7.8663837
7.9438127
7.9438127
7.8663837
7.7123404
7.4832984
7.1816482
6.810516
6.3737161
5.8756933
5.3214599
4.7165279
4.0668378
3.3786878
2.6586645
1.9135805
1.1504217
0.37630387
-0.40154064
-1.1757724
-1.9390051
-2.6839415
-3.4034877
-4.0907961
-4.7393028
-5.3427748
-5.8953621
-6.3916551
-6.8267452
-7.1962858
-7.4965503
-7.7244858
-7.877759
-7.954793
-8.7569431
-8.6720102
-8.5030347
-8.2517819
-7.9208606
-7.5136788
-7.0343876
-6.4878175
-5.8794081
-5.2151366
-4.5014469
-3.7451852
-2.9535439
-2.1340221
-1.2944057
-0.44275612
0.41274695
1.2640475
2.1032785
2.922717
3.7147485
4.4719161
5.1869834
5.8530062
6.4634133
7.0120911
7.4934666
7.902587
8.235194
8.4877911
8.6577014
8.7431135
8.7431135
8.6577014
8.4877911
8.235194
7.902587
7.4934666
7.0120911
6.4634133
5.8530062
5.1869834
4.4719161
3.7147485
2.922717
2.1032785
1.2640475
0.41274695
-0.44275612
-1.2944057
-2.1340221
-2.9535439
-3.7451852
-4.5014469
-5.2151366
-5.8794081
-6.4878175
-7.0343876
-7.5136788
-7.9208606
-8.2517819
-8.5030347
-8.6720102
-8.7569431
-9.6440766
-9.5503554
-9.3639146
-9.0867386
-8.7217563
-8.2727857
-7.7444666
-7.1421821
-6.4719747
-5.740459
-4.9547371
-4.1223214
-3.2510743
-2.3491786
-1.4251691
-0.48800691
0.45317732
1.3895356
2.3125597
3.2139168
4.0853561
4.9187162
5.7060377
6.4396513
7.1122744
7.7171112
8.2479505
8.6992594
9.0662701
9.3450602
9.5326218
9.6269171
9.6269171
9.5326218
9.3450602
9.0662701
8.6992594
8.2479505
7.7171112
7.1122744
6.4396513
5.7060377
4.9187162
4.0853561
3.2139168
2.3125597
1.3895356
0.45317732
-0.48800691
-1.4251691
-2.3491786
-3.2510743
-4.1223214
-4.9547371
-5.740459
-6.4719747
-7.1421821
-7.7444666
-8.2727857
-8.7217563
-9.0867386
-9.3639146
-9.5503554
-9.6440766
-10.624938
-10.521427
-10.315535
-10.009506
-9.6066413
-9.1112385
-8.5285028
-7.8644548
-7.1258258
-6.3199519
-5.4546678
-4.538211
-3.579142
-2.586315
-1.569019
-0.53734736
0.49830688
1.5282562
2.5434424
3.5349518
4.4938715
5.4112934
6.278446
7.0868373
7.8283767
8.4954908
9.0812404
9.5794273
9.9846972
10.292635
10.49985
10.604038
10.604038
10.49985
10.292635
9.9846972
9.5794273
9.0812404
8.4954908
7.8283767
7.0868373
6.278446
5.4112934
4.4938715
3.5349518
2.5434424
1.5282562
0.49830688
-0.53734736
-1.569019
-2.586315
-3.579142
-4.538211
-5.4546678
-6.3199519
-7.1258258
-7.8644548
-8.5285028
-9.1112385
-9.6066413
-10.009506
-10.315535
-10.521427
-10.624938
-11.70925
-11.594813
-11.367223
-11.029029
-10.583975
-10.036919
-9.3937281
-8.6611647
-7.8467549
-6.9586612
-6.005543
-4.9964309
-3.9405964
-2.8474692
-1.7269315
-0.59059729
0.54919479
1.6818761
2.798157
3.8887195
4.9439501
5.9540857
6.9094368
7.8005713
8.6184753
9.3546862
10.001431
10.551748
10.999604
11.340013
11.569133
11.684353
11.684353
11.569133
11.340013
10.999604
10.551748
10.001431
9.3546862
8.6184753
7.8005713
6.9094368
5.9540857
4.9439501
3.8887195
2.798157
1.6818761
0.54919479
-0.59059729
-1.7269315
-2.8474692
-3.9405964
-4.9964309
-6.005543
-6.9586612
-7.8467549
-8.6611647
-9.3937281
-10.036919
-10.583975
-11.029029
-11.367223
-11.594813
-11.70925
-12.907854
-12.781202
-12.529357
-12.155235
-11.663108
-11.058501
-10.348059
-9.5394146
-8.6410218
-7.6620046
-6.6119699
-5.500835
-4.3385728
-3.134925
-1.8998456
-0.64718283
0.60735576
1.852399
3.0791936
4.2783395
5.4395134
6.5519058
7.6047312
8.587467
9.490042
10.302973
11.017535
11.625885
12.121203
12.497834
12.751409
12.87895
12.87895
12.751409
12.497834
12.121203
11.625885
11.017535
10.302973
9.490042
8.587467
7.6047312
6.5519058
5.4395134
4.2783395
3.0791936
1.852399
0.60735576
-0.64718283
-1.8998456
-3.134925
-4.3385728
-5.500835
-6.6119699
-7.6620046
-8.6410218
-9.5394146
-10.348059
-11.058501
-11.663108
-12.155235
-12.529357
-12.781202
-12.907854
-14.232541
-14.092199
-13.813177
-13.398843
-12.854098
-12.185265
-11.399911
-10.506696
-9.5151681
-8.4355918
-7.2786991
-6.0554663
-4.7765478
-3.4513311
-2.0887257
-0.70608118
0.67478556
2.0420642
3.3890783
4.7069483
5.9845769
7.2097635
8.3703612
9.4545577
10.451072
11.34925
12.139281
12.812305
13.360589
13.777688
14.058608
14.199934
14.199934
14.058608
13.777688
13.360589
12.812305
12.139281
11.34925
10.451072
9.4545577
8.3703612
7.2097635
5.9845769
4.7069483
3.3890783
2.0420642
0.67478556
-0.70608118
-2.0887257
-3.4513311
-4.7765478
-6.0554663
-7.2786991
-8.4355918
-9.5151681
-10.506696
-11.399911
-12.185265
-12.854098
-13.398843
-13.813177
-14.092199
-14.232541
-15.695496
-15.539735
-15.230196
-14.770782
-14.167145
-13.426565
-12.557695
-11.570421
-10.475581
-9.2848279
-8.0103163
-6.6645466
-5.2592221
-3.8016437
-2.2955766
-0.76479302
0.75509498
2.2537797
3.7301976
5.1772742
6.5828109
7.9324398
9.2122218
10.408812
11.509561
12.502473
13.376512
14.121654
14.729093
15.191451
15.502989
15.65976
15.65976
15.502989
15.191451
14.729093
14.121654
13.376512
12.502473
11.509561
10.408812
9.2122218
7.9324398
6.5828109
5.1772742
3.7301976
2.2537797
0.75509498
-0.76479302
-2.2955766
-3.8016437
-5.2592221
-6.6645466
-8.0103163
-9.2848279
-10.475581
-11.570421
-12.557695
-13.426565
-14.167145
-14.770782
-15.230196
-15.539735
-15.695496
-17.313624
-17.140469
-16.796527
-16.286359
-15.616521
-14.795479
-13.833156
-12.740912
-11.531083
-10.217077
-8.8129564
-7.3339277
-5.7952858
-4.2030801
-2.5281857
-0.81094061
0.86042273
2.4914657
4.1037637
5.6915745
7.2385398
8.7261291
10.138176
11.459609
12.676362
13.774824
14.742645
15.568507
16.242263
16.755466
17.101445
17.275603
17.275603
17.101445
16.755466
16.242263
15.568507
14.742645
13.774824
12.676362
11.459609
10.138176
8.7261291
7.2385398
5.6915745
4.1037637
2.4914657
0.86042273
-0.81094061
-2.5281857
-4.2030801
-5.7952858
-7.3339277
-8.8129564
-10.217077
-11.531083
-12.740912
-13.833156
-14.795479
-15.616521
-16.286359
-16.796527
-17.140469
-17.313624
-18.250131
-18.073889
-17.72341
-17.202916
-16.518093
-15.676634
-14.687028
-13.559562
-12.304845
-10.935384
-9.4642225
-7.9077936
-6.2856723
-4.6318627
-2.9445017
-0.96435033
1.0206042
2.7512954
4.5049483
6.2524854
7.9615494
9.6054733
11.167209
12.629485
13.977177
15.195195
16.269861
17.187555
17.937301
18.508742
18.894356
19.088508
19.088508
18.894356
18.508742
17.937301
17.187555
16.269861
15.195195
13.977177
12.629485
11.167209
9.6054733
7.9615494
6.2524854
4.5049483
2.7512954
1.0206042
-0.96435033
-2.9445017
-4.6318627
-6.2856723
-7.9077936
-9.4642225
-10.935384
-12.304845
-13.559562
-14.687028
-15.676634
-16.518093
-17.202916
-17.72341
-18.073889
-18.250131
19.06472
18.870797
18.485637
17.914876
17.16603
16.24946
15.176136
13.959769
12.613587
11.153107
9.5933521
7.951535
6.244637
4.4992649
2.7480145
1.0195501
-0.96340952
-2.9404791
-4.6254292
-6.2777195
-7.897616
-9.4519606
-10.921236
-12.288896
-13.542
-14.668031
-15.656429
-16.496824
-17.18083
-17.700689
-18.050765
-18.226799
-18.226799
-18.050765
-17.700689
-17.18083
-16.496824
-15.656429
-14.668031
-13.542
-12.288896
-10.921236
-9.4519606
-7.897616
-6.2777195
-4.6254292
-2.9404791
-0.96340952
1.0195501
2.7480145
4.4992649
6.244637
7.951535
9.5933521
11.153107
12.613587
13.959769
15.176136
16.24946
17.16603
17.914876
18.485637
18.870797
19.06472
17.251567
17.077639
16.732117
16.219605
15.546756
14.722022
13.755511
12.658499
11.443506
10.123931
8.7138485
7.2283512
5.6835804
4.098027
2.4880443
0.85926736
-0.80970473
-2.5244618
-4.1970281
-5.7871293
-7.323623
-8.8005965
-10.202793
-11.515007
-12.723213
-13.814
-14.775067
-15.595045
-16.26403
-16.773553
-17.117068
-17.290008
-17.290008
-17.117068
-16.773553
-16.26403
-15.595045
-14.775067
-13.814
-12.723213
-11.515007
-10.202793
-8.8005965
-7.323623
-5.7871293
-4.1970281
-2.5244618
-0.80970473
0.85926736
2.4880443
4.098027
5.6835804
7.2283512
8.7138485
10.123931
11.443506
12.658499
13.755511
14.722022
15.546756
16.219605
16.732117
17.077639
17.251567
15.635252
15.478717
15.167649
14.705992
14.09948
13.355479
12.48278
11.491395
10.392378
9.1976702
7.9198994
6.5724
5.1690925
3.7243178
2.2502513
0.75394188
-0.7635282
-2.2918846
-3.7955961
-5.2509189
-6.6540584
-7.9977407
-9.2702875
-10.459216
-11.552395
-12.538183
-13.405759
-14.145248
-14.748003
-15.20675
-15.515844
-15.671382
-15.671382
-15.515844
-15.20675
-14.748003
-14.145248
-13.405759
-12.538183
-11.552395
-10.459216
-9.2702875
-7.9977407
-6.6540584
-5.2509189
-3.7955961
-2.2918846
-0.7635282
0.75394188
2.2502513
3.7243178
5.1690925
6.5724
7.9198994
9.1976702
10.392378
11.491395
12.48278
13.355479
14.09948
14.705992
15.167649
15.478717
15.635252
14.174722
14.033639
13.753203
13.336826
12.789495
12.117644
11.328994
10.432391
9.437645
8.3553768
7.1968467
5.9738493
4.698511
3.3830082
2.0384158
0.67358998
-0.70479911
-2.0849712
-3.4451591
-4.7680388
-6.0447029
-7.2657853
-8.4206538
-9.4983514
-10.488166
-11.379847
-12.163864
-12.831566
-13.375396
-13.789039
-14.067597
-14.207706
-14.207706
-14.067597
-13.789039
-13.375396
-12.831566
-12.163864
-11.379847
-10.488166
-9.4983514
-8.4206538
-7.2657853
-6.0447029
-4.7680388
-3.4451591
-2.0849712
-0.70479911
0.67358998
2.0384158
3.3830082
4.698511
5.9738493
7.1968467
8.3553768
9.437645
10.432391
11.328994
12.117644
12.789495
13.336826
13.753203
14.033639
14.174722
12.852793
12.725505
12.472433
12.096551
11.60222
10.995087
10.281958
9.4706626
8.5699154
7.5891754
6.5384926
5.4283698
4.2695703
3.0728801
1.8485992
0.60610362
-0.64587074
-1.895981
-3.1285557
-4.3297718
-5.4896902
-6.5985909
-7.6465225
-8.6235878
-9.5201989
-10.327248
-11.036297
-11.639725
-12.130898
-12.504297
-12.755656
-12.882065
-12.882065
-12.755656
-12.504297
-12.130898
-11.639725
-11.036297
-10.327248
-9.5201989
-8.6235878
-7.6465225
-6.5985909
-5.4896902
-4.3297718
-3.1285557
-1.895981
-0.64587074
0.60610362
1.8485992
3.0728801
4.2695703
5.4283698
6.5384926
7.5891754
8.5699154
9.4706626
10.281958
10.995087
11.60222
12.096551
12.472433
12.725505
12.852793
11.657003
11.542047
11.313453
10.973828
10.527004
9.9779585
9.3327115
8.5982109
7.7822145
6.8931636
5.940051
4.9322871
3.8795381
2.7915429
1.6778905
0.54787387
-0.58924072
-1.7229124
-2.8408326
-3.9314133
-4.9847937
-5.9915667
-6.942483
-7.8285327
-8.641076
-9.3719679
-10.013697
-10.559516
-11.003567
-11.341002
-11.568081
-11.682262
-11.682262
-11.568081
-11.341002
-11.003567
-10.559516
-10.013697
-9.3719679
-8.641076
-7.8285327
-6.942483
-5.9915667
-4.9847937
-3.9314133
-2.8408326
-1.7229124
-0.58924072
0.54787387
1.6778905
2.7915429
3.8795381
4.9322871
5.940051
6.8931636
7.7822145
8.5982109
9.3327115
9.9779585
10.527004
10.973828
11.313453
11.542047
11.657003
10.575234
10.471324
10.264664
9.9575506
9.5533677
9.0565195
8.4723472
7.8070337
7.0675011
6.2613022
5.3965056
4.4815802
3.5252734
2.5364675
1.5240492
0.49690599
-0.53593049
-1.5648008
-2.5793407
-3.5694838
-4.5259658
-5.4399566
-6.302919
-7.1066373
-7.8432974
-8.5055815
-9.0867745
-9.5808703
-9.9826748
-10.287901
-10.493253
-10.596494
-10.596494
-10.493253
-10.287901
-9.9826748
-9.5808703
-9.0867745
-8.5055815
-7.8432974
-7.1066373
-6.302919
-5.4399566
-4.5259658
-3.5694838
-2.5793407
-1.5648008
-0.53593049
0.49690599
1.5240492
2.5364675
3.5252734
4.4815802
5.3965056
6.2613022
7.0675011
7.8070337
8.4723472
9.0565195
9.5533677
9.9575506
10.264664
10.471324
10.575234
9.5963855
9.5023853
9.3154111
9.037495
8.6716364
8.2217462
7.6925783
7.0896496
6.4191524
5.6878614
4.9030361
4.0723214
3.2036511
2.3051593
1.3850691
0.45168494
-0.48651338
-1.4207072
-2.3417951
-3.2408443
-4.1093471
-4.9391465
-5.7224049
-6.4516329
-7.1197502
-7.7201617
-8.2468425
-8.6944243
-9.0582803
-9.3346026
-9.5204699
-9.6139031
-9.6139031
-9.5204699
-9.3346026
-9.0582803
-8.6944243
-8.2468425
-7.7201617
-7.1197502
-6.4516329
-5.7224049
-4.9391465
-4.1093471
-3.2408443
-2.3417951
-1.4207072
-0.48651338
0.45168494
1.3850691
2.3051593
3.2036511
4.0723214
4.9030361
5.6878614
6.4191524
7.0896496
7.6925783
8.2217462
8.6716364
9.037495
9.3154111
9.5023853
9.5963855
8.7105636
8.6254662
8.4561821
8.2045167
7.8731377
7.4655295
6.9859356
6.4392914
5.8311499
5.1676025
4.4551957
3.7008479
2.9117678
2.0953838
1.2592806
0.41115098
-0.44116883
-1.2896538
-2.126155
-2.9426408
-3.7313543
-4.4848245
-5.1958852
-5.8577151
-6.4638934
-7.0084638
-7.4860053
-7.8917038
-8.2214218
-8.4717624
-8.6401251
-8.7247502
-8.7247502
-8.6401251
-8.4717624
-8.2214218
-7.8917038
-7.4860053
-7.0084638
-6.4638934
-5.8577151
-5.1958852
-4.4848245
-3.7313543
-2.9426408
-2.126155
-1.2896538
-0.44116883
0.41115098
1.2592806
2.0953838
2.9117678
3.7008479
4.4551957
5.1676025
5.8311499
6.4392914
6.9859356
7.4655295
7.8731377
8.2045167
8.4561821
8.6254662
8.7105636
7.908935
7.8318431
7.6784707
7.4504269
7.1500923
6.7805802
6.345689
5.8498448
5.2980385
4.6957583
4.0489186
3.3637897
2.6469288
1.9051177
1.1453106
0.37459071
-0.39984246
-1.1706825
-1.930576
-2.6722579
-3.3886651
-4.07298
-4.7186672
-5.3195204
-5.8697142
-6.3638616
-6.7970742
-7.1650228
-7.4639957
-7.6909519
-7.8435672
-7.9202707
-7.9202707
-7.8435672
-7.6909519
-7.4639957
-7.1650228
-6.7970742
-6.3638616
-5.8697142
-5.3195204
-4.7186672
-4.07298
-3.3886651
-2.6722579
-1.930576
-1.1706825
-0.39984246
0.37459071
1.1453106
1.9051177
2.6469288
3.3637897
4.0489186
4.6957583
5.2980385
5.8498448
6.345689
6.7805802
7.1500923
7.4504269
7.6784707
7.8318431
7.908935
7.1835816
7.1136939
6.9746436
6.7678695
6.4955017
6.1603301
5.7657628
5.3157783
4.8148716
4.267996
3.6805028
3.0580805
2.4066947
1.7325336
1.0419581
0.3414602
-0.36236808
-1.0628683
-1.753374
-2.4272962
-3.0782074
-3.6998952
-4.2864079
-4.8321011
-5.331688
-5.780291
-6.1734942
-6.5073956
-6.7786564
-6.9845459
-7.1229799
-7.1925513
-7.1925513
-7.1229799
-6.9845459
-6.7786564
-6.5073956
-6.1734942
-5.780291
-5.331688
-4.8321011
-4.2864079
-3.6998952
-3.0782074
-2.4272962
-1.753374
-1.0628683
-0.36236808
0.3414602
1.0419581
1.7325336
2.4066947
3.0580805
3.6805028
4.267996
4.8148716
5.3157783
5.7657628
6.1603301
6.4955017
6.7678695
6.9746436
7.1136939
7.1835816
6.5273942
6.4639931
6.3378406
6.1502267
5.903063
5.5988551
5.2406684
4.8320865
4.3771651
3.880382
3.346585
2.7809382
2.1888702
1.5760238
0.94820961
0.31136356
-0.32849137
-0.96528653
-1.5929612
-2.2055281
-2.7971391
-3.3621375
-3.8951057
-4.3909116
-4.8447551
-5.2522155
-5.6092979
-5.9124787
-6.1587475
-6.3456461
-6.4713002
-6.5344455
-6.5344455
-6.4713002
-6.3456461
-6.1587475
-5.9124787
-5.6092979
-5.2522155
-4.8447551
-4.3909116
-3.8951057
-3.3621375
-2.7971391
-2.2055281
-1.5929612
-0.96528653
-0.32849137
0.31136356
0.94820961
1.5760238
2.1888702
2.7809382
3.346585
3.880382
4.3771651
4.8320865
5.2406684
5.5988551
5.903063
6.1502267
6.3378406
6.4639931
6.5273942
5.9339809
5.8764221
5.7618882
5.5915389
5.3670935
5.0908079
4.7654449
4.3942386
3.9808547
3.529347
3.0441114
2.5298398
1.9914727
1.4341539
0.86318664
0.28399177
-0.29793301
-0.87705586
-1.4478598
-2.0048973
-2.5428452
-3.0565537
-3.5410922
-3.9917934
-4.4042974
-4.7745939
-5.0990642
-5.3745209
-5.5982448
-5.7680175
-5.8821497
-5.9395024
-5.9395024
-5.8821497
-5.7680175
-5.5982448
-5.3745209
-5.0990642
-4.7745939
-4.4042974
-3.9917934
-3.5410922
-3.0565537
-2.5428452
-2.0048973
-1.4478598
-0.87705586
-0.29793301
0.28399177
0.86318664
1.4341539
1.9914727
2.5298398
3.0441114
3.529347
3.9808547
4.3942386
4.7654449
5.0908079
5.3670935
5.5915389
5.7618882
5.8764221
5.9339809
5.3975877
5.3452915
5.241225
5.086433
4.8824656
4.6313581
4.3356055
3.9981319
3.6222555
3.2116511
2.7703095
2.302496
1.8127084
1.3056353
0.78611502
0.25909496
-0.2704084
-0.79735133
-1.3167077
-1.8235169
-2.312931
-2.7802608
-3.2210177
-3.6309562
-4.0061133
-4.3428479
-4.6378781
-4.8883163
-5.0917019
-5.2460292
-5.3497721
-5.4019022
-5.4019022
-5.3497721
-5.2460292
-5.0917019
-4.8883163
-4.6378781
-4.3428479
-4.0061133
-3.6309562
-3.2210177
-2.7802608
-2.312931
-1.8235169
-1.3167077
-0.79735133
-0.2704084
0.25909496
0.78611502
1.3056353
1.8127084
2.302496
2.7703095
3.2116511
3.6222555
3.9981319
4.3356055
4.6313581
4.8824656
5.086433
5.241225
5.3452915
5.3975877
4.9130301
4.8654741
4.7708369
4.6300619
4.4445496
4.21614
3.9470907
3.6400498
3.2980259
2.9243542
2.5226615
2.0968285
1.6509518
1.189306
0.71630477
0.2364632
-0.24564129
-0.72540833
-1.198256
-1.6596632
-2.105213
-2.5306329
-2.9318354
-3.3049559
-3.6463899
-3.9528283
-4.221291
-4.4491585
-4.6342003
-4.7746
-4.8689759
-4.9163979
-4.9163979
-4.8689759
-4.7746
-4.6342003
-4.4491585
-4.221291
-3.9528283
-3.6463899
-3.3049559
-2.9318354
-2.5306329
-2.105213
-1.6596632
-1.198256
-0.72540833
-0.24564129
0.2364632
0.71630477
1.189306
1.6509518
2.0968285
2.5226615
2.9243542
3.2980259
3.6400498
3.9470907
4.21614
4.4445496
4.6300619
4.7708369
4.8654741
4.9130301
4.4756355
4.4323478
4.3462018
4.2180514
4.0491645
3.8412078
3.5962278
3.3166267
3.0051365
2.6647884
2.2988818
1.9109505
1.5047284
1.084114
0.65313541
0.21591374
-0.22337273
-0.66052582
-1.0913655
-1.5117685
-1.9177069
-2.3052861
-2.6707809
-3.010671
-3.3216748
-3.6007818
-3.8452828
-4.0527981
-4.2213026
-4.3491483
-4.4350823
-4.4782613
-4.4782613
-4.4350823
-4.3491483
-4.2213026
-4.0527981
-3.8452828
-3.6007818
-3.3216748
-3.010671
-2.6707809
-2.3052861
-1.9177069
-1.5117685
-1.0913655
-0.66052582
-0.22337273
0.21591374
0.65313541
1.084114
1.5047284
1.9109505
2.2988818
2.6647884
3.0051365
3.3166267
3.5962278
3.8412078
4.0491645
4.2180514
4.3462018
4.4323478
4.4756355
4.0811921
4.0417455
3.9632417
3.846455
3.6925356
3.5029963
3.2796954
3.0248162
2.7408428
2.4305344
2.096896
1.7431491
1.3726996
0.98910577
0.59604564
0.19728318
-0.20336542
-0.60206629
-0.99500289
-1.3784114
-1.7486157
-2.1020622
-2.4353531
-2.7452785
-3.0288478
-3.283319
-3.5062257
-3.6954029
-3.8490091
-3.9655467
-4.0438773
-4.0832352
-4.0832352
-4.0438773
-3.9655467
-3.8490091
-3.6954029
-3.5062257
-3.283319
-3.0288478
-2.7452785
-2.4353531
-2.1020622
-1.7486157
-1.3784114
-0.99500289
-0.60206629
-0.20336542
0.19728318
0.59604564
0.98910577
1.3726996
1.7431491
2.096896
2.4305344
2.7408428
3.0248162
3.2796954
3.5029963
3.6925356
3.846455
3.9632417
4.0417455
4.0811921
3.7259059
3.6899131
3.6182813
3.5117142
3.3712574
3.1982867
2.9944928
2.7618633
2.5026611
2.2194012
1.9148245
1.5918711
1.2536511
0.90341572
0.54452612
0.18042303
-0.18540499
-0.54945341
-0.90823408
-1.2583076
-1.5963154
-1.9190115
-2.2232931
-2.5062303
-2.765094
-2.9973833
-3.2008498
-3.3735206
-3.5137186
-3.62008
-3.6915691
-3.7274887
-3.7274887
-3.6915691
-3.62008
-3.5137186
-3.3735206
-3.2008498
-2.9973833
-2.765094
-2.5062303
-2.2232931
-1.9190115
-1.5963154
-1.2583076
-0.90823408
-0.54945341
-0.18540499
0.18042303
0.54452612
0.90341572
1.2536511
1.5918711
1.9148245
2.2194012
2.5026611
2.7618633
2.9944928
3.1982867
3.3712574
3.5117142
3.6182813
3.6899131
3.7259059
3.4063617
3.3734708
3.3080111
3.2106236
3.0822608
2.9241765
2.7379121
2.5252805
2.2883468
2.0294072
1.7509658
1.4557096
1.1464828
0.82625911
0.49811431
0.16519718
-0.16929946
-0.50216826
-0.83021719
-1.1502992
-1.4593419
-1.7543763
-2.0325653
-2.2912303
-2.5278777
-2.7402227
-2.9262122
-3.0840454
-3.2121919
-3.3094079
-3.3747486
-3.4075786
-3.4075786
-3.3747486
-3.3094079
-3.2121919
-3.0840454
-2.9262122
-2.7402227
-2.5278777
-2.2912303
-2.0325653
-1.7543763
-1.4593419
-1.1502992
-0.83021719
-0.50216826
-0.16929946
0.16519718
0.49811431
0.82625911
1.1464828
1.4557096
1.7509658
2.0294072
2.2883468
2.5252805
2.7379121
2.9241765
3.0822608
3.2106236
3.3080111
3.3734708
3.4063617
3.1194889
3.0893793
3.0294543
2.9402989
2.822783
2.6780516
2.5075133
2.3128249
2.0958748
1.8587635
1.6037828
1.333393
1.0501989
0.75692522
0.45639042
0.15148054
-0.15487787
-0.45974499
-0.76019523
-1.0533446
-1.3363779
-1.6065751
-1.8613377
-2.0982131
-2.3149183
-2.5093625
-2.6796674
-2.8241859
-2.941519
-3.0305295
-3.0903542
-3.1204124
-3.1204124
-3.0903542
-3.0305295
-2.941519
-2.8241859
-2.6796674
-2.5093625
-2.3149183
-2.0982131
-1.8613377
-1.6065751
-1.3363779
-1.0533446
-0.76019523
-0.45974499
-0.15487787
0.15148054
0.45639042
0.75692522
1.0501989
1.333393
1.6037828
1.8587635
2.0958748
2.3128249
2.5075133
2.6780516
2.822783
2.9402989
3.0294543
3.0893793
3.1194889
2.8625288
2.8349081
2.7799359
2.6981477
2.5903397
2.4575606
2.3011001
2.1224764
1.9234201
1.7058571
1.4718892
1.2237734
0.96390051
0.69477143
0.41897399
0.13915826
-0.1419883
-0.42176606
-0.69748856
-0.96650783
-1.2262393
-1.4741864
-1.7079642
-1.9253224
-2.1241668
-2.30258
-2.4588397
-2.5914363
-2.6990877
-2.780752
-2.8356385
-2.8632153
-2.8632153
-2.8356385
-2.780752
-2.6990877
-2.5914363
-2.4588397
-2.30258
-2.1241668
-1.9253224
-1.7079642
-1.4741864
-1.2262393
-0.96650783
-0.69748856
-0.42176606
-0.1419883
0.13915826
0.41897399
0.69477143
0.96390051
1.2237734
1.4718892
1.7058571
1.9234201
2.1224764
2.3011001
2.4575606
2.5903397
2.6981477
2.7799359
2.8349081
2.8625288
2.6330169
2.6076174
2.5570655
2.4818527
2.38271
2.2606001
2.1167076
1.9524272
1.7693489
1.569243
1.3540419
1.1258214
0.88678052
0.63922047
0.38552258
0.12812578
-0.13049644
-0.38785935
-0.64149048
-0.88895294
-1.1278685
-1.3559401
-1.5709739
-1.7709001
-1.9537931
-2.1178899
-2.2616077
-2.3835592
-2.4825662
-2.5576717
-2.6081494
-2.633511
-2.633511
-2.6081494
-2.5576717
-2.4825662
-2.3835592
-2.2616077
-2.1178899
-1.9537931
-1.7709001
-1.5709739
-1.3559401
-1.1278685
-0.88895294
-0.64149048
-0.38785935
-0.13049644
0.12812578
0.38552258
0.63922047
0.88678052
1.1258214
1.3540419
1.569243
1.7693489
1.9524272
2.1167076
2.2606001
2.38271
2.4818527
2.5570655
2.6076174
2.6330169
2.4288172
2.4053927
2.3587711
2.2894051
2.1979678
2.085346
1.952631
1.801108
1.6322424
1.4476662
1.2491612
1.0386419
0.81813709
0.58976978
0.35573745
0.11829091
-0.12028704
-0.35770317
-0.59167564
-0.81995562
-1.0403486
-1.2507352
-1.4490916
-1.6335087
-1.8022106
-1.9535719
-2.0861332
-2.1986159
-2.2899342
-2.3592063
-2.405763
-2.4291544
-2.4291544
-2.405763
-2.3592063
-2.2899342
-2.1986159
-2.0861332
-1.9535719
-1.8022106
-1.6335087
-1.4490916
-1.2507352
-1.0403486
-0.81995562
-0.59167564
-0.35770317
-0.12028704
0.11829091
0.35573745
0.58976978
0.81813709
1.0386419
1.2491612
1.4476662
1.6322424
1.801108
1.952631
2.085346
2.1979678
2.2894051
2.3587711
2.4053927
2.4288172
2.2480833
2.2264058
2.1832609
2.1190672
2.0344467
1.9302192
1.8073939
1.6671591
1.5108704
1.3400375
1.1563092
0.96145716
0.75735925
0.54598095
0.32935678
0.10957078
-0.11126329
-0.3310217
-0.54759161
-0.75889084
-0.96288762
-1.15762
-1.3412146
-1.5119046
-1.6680466
-1.8081367
-1.9308248
-2.0349282
-2.1194427
-2.1835529
-2.22664
-2.2482881
-2.2482881
-2.22664
-2.1835529
-2.1194427
-2.0349282
-1.9308248
-1.8081367
-1.6680466
-1.5119046
-1.3412146
-1.15762
-0.96288762
-0.75889084
-0.54759161
-0.3310217
-0.11126329
0.10957078
0.32935678
0.54598095
0.75735925
0.96145716
1.1563092
1.3400375
1.5108704
1.6671591
1.8073939
1.9302192
2.0344467
2.1190672
2.1832609
2.2264058
2.2480833
2.0881067
2.0679747
2.0279058
1.968288
1.8896988
1.7928989
1.6788246
1.5485791
1.4034207
1.2447512
1.0741015
0.89311728
0.70354265
0.50720356
0.30599021
0.10183871
-0.10328827
-0.30741431
-0.50857764
-0.70484395
-0.89432561
-1.0752
-1.2457271
-1.4042659
-1.5492903
-1.6794037
-1.793353
-1.8900401
-1.9685329
-2.0280748
-2.0680913
-2.0881965
-2.0881965
-2.0680913
-2.0280748
-1.9685329
-1.8900401
-1.793353
-1.6794037
-1.5492903
-1.4042659
-1.2457271
-1.0752
-0.89432561
-0.70484395
-0.50857764
-0.30741431
-0.10328827
0.10183871
0.30599021
0.50720356
0.70354265
0.89311728
1.0741015
1.2447512
1.4034207
1.5485791
1.6788246
1.7928989
1.8896988
1.968288
2.0279058
2.0679747
2.0881067
1.9433987
1.9246651
1.8873794
1.8319022
1.7587703
1.668691
1.562535
1.4413279
1.3062404
1.1585762
0.99975973
0.83132213
0.65488652
0.47215234
0.28487921
0.094869557
-0.09605392
-0.28604241
-0.47327398
-0.65594773
-0.83230622
-1.0006528
-1.1593679
-1.306924
-1.4419009
-1.5629991
-1.6690522
-1.7590387
-1.8320914
-1.8875062
-1.9247489
-1.9434605
-1.9434605
-1.9247489
-1.8875062
-1.8320914
-1.7590387
-1.6690522
-1.5629991
-1.4419009
-1.306924
-1.1593679
-1.0006528
-0.83230622
-0.65594773
-0.47327398
-0.28604241
-0.09605392
0.094869557
0.28487921
0.47215234
0.65488652
0.83132213
0.99975973
1.1585762
1.3062404
1.4413279
1.562535
1.668691
1.7587703
1.8319022
1.8873794
1.9246651
1.9433987
1.8157923
1.7982983
1.7634793
1.7116713
1.6433742
1.5592471
1.4601014
1.3468931
1.2207138
1.0827793
0.93441857
0.77706033
0.61221957
0.4414828
0.2664928
0.088936094
-0.089459735
-0.26701498
-0.44200205
-0.61273453
-0.7775699
-0.93492198
-1.0832761
-1.2212037
-1.3473764
-1.4605782
-1.5597182
-1.6438403
-1.7121333
-1.7639382
-1.7987551
-1.8162479
-1.8162479
-1.7987551
-1.7639382
-1.7121333
-1.6438403
-1.5597182
-1.4605782
-1.3473764
-1.2212037
-1.0832761
-0.93492198
-0.7775699
-0.61273453
-0.44200205
-0.26701498
-0.089459736
0.088936093
0.2664928
0.4414828
0.61221957
0.77706033
0.93441857
1.0827793
1.2207138
1.3468931
1.4601014
1.5592471
1.6433742
1.7116713
1.7634793
1.7982983
1.8157923
1.8863703
1.8681642
1.831929
1.7780171
1.7069525
1.6194258
1.5162866
1.3985358
1.2673149
1.1238952
0.96966484
0.80611547
0.6348277
0.45745581
0.2757112
0.091340372
-0.093905221
-0.27819369
-0.4597767
-0.63691362
-0.80790159
-0.9710973
-1.1249333
-1.2679328
-1.3987235
-1.5160509
-1.6187897
-1.705955
-1.7767113
-1.8303804
-1.8664481
-1.8845688
-1.8845688
-1.8664481
-1.8303804
-1.7767113
-1.705955
-1.6187897
-1.5160509
-1.3987235
-1.2679328
-1.1249333
-0.9710973
-0.80790158
-0.63691362
-0.4597767
-0.27819369
-0.093905221
0.091340372
0.2757112
0.45745581
0.6348277
0.80611547
0.96966484
1.1238952
1.2673149
1.3985358
1.5162866
1.6194258
1.7069525
1.7780171
1.831929
1.8681642
1.8863703
1.070585
1.0603201
1.0398871
1.0094793
0.96938415
0.91998112
0.86173815
0.79520747
0.72102055
0.63988234
0.55256463
0.45989879
0.36276783
0.26209799
0.15885149
0.054024958
-0.051345881
-0.15628632
-0.25975612
-0.36075075
-0.45829639
-0.55145168
-0.63931556
-0.72103619
-0.79581969
-0.86293815
-0.9217372
-0.97164264
-1.0121665
-1.0429121
-1.0635782
-1.0739622
-1.0739622
-1.0635782
-1.0429121
-1.0121665
-0.97164264
-0.9217372
-0.86293815
-0.79581969
-0.72103619
-0.63931556
-0.55145168
-0.45829639
-0.36075075
-0.25975612
-0.15628632
-0.051345882
0.054024957
0.15885149
0.26209799
0.36276783
0.45989879
0.55256463
0.63988234
0.72102055
0.79520747
0.86173815
0.91998112
0.96938415
1.0094793
1.0398871
1.0603201
1.070585
2.9483418
2.9198568
2.8631651
2.7788202
2.6676451
2.5307243
2.369392
2.1852191
1.9799973
1.755721
1.5145675
1.258876
0.9911243
0.71390605
0.42990425
0.14185554
-0.14750023
-0.43534432
-0.71894487
-0.99557966
-1.2625869
-1.5174007
-1.7575757
-1.9808096
-2.184965
-2.3680882
-2.5284286
-2.6644541
-2.7748657
-2.8586096
-2.9148866
-2.9431599
-2.9431599
-2.9148866
-2.8586096
-2.7748657
-2.6644541
-2.5284286
-2.3680882
-2.184965
-1.9808096
-1.7575757
-1.5174007
-1.2625869
-0.99557966
-0.71894487
-0.43534432
-0.14750023
0.14185554
0.42990425
0.71390605
0.99112431
1.258876
1.5145675
1.755721
1.9799973
2.1852191
2.369392
2.5307243
2.6676451
2.7788202
2.8631651
2.9198568
2.9483418
-1.1816616
-1.1701809
-1.1473343
-1.11335
-1.0685673
-1.0134325
-0.94849387
-0.87439612
-0.79187304
-0.70173997
-0.60488544
-0.50226231
-0.39487884
-0.28379059
-0.17009222
-0.054899889
0.060692878
0.1756565
0.28890599
0.39934127
0.50589144
0.60753162
0.70329014
0.79225539
0.87358325
0.94650433
1.0103306
1.0644611
1.1083873
1.141697
1.1640782
1.1753214
1.1753214
1.1640782
1.141697
1.1083873
1.0644611
1.0103306
0.94650433
0.87358324
0.79225538
0.70329014
0.60753161
0.50589144
0.39934127
0.28890599
0.17565649
0.060692876
-0.054899891
-0.17009223
-0.28379059
-0.39487884
-0.50226232
-0.60488544
-0.70173997
-0.79187304
-0.87439613
-0.94849387
-1.0134325
-1.0685673
-1.11335
-1.1473343
-1.1701809
-1.1816616
5.8885558
5.83173
5.7186305
5.5503562
5.3285413
5.0553396
4.7334022
4.3658517
3.9562508
3.5085675
3.027136
2.5166143
1.9819387
1.4282776
0.86099392
0.28560735
-0.29235206
-0.8674902
-1.4342862
-1.9872383
-2.5210099
-3.0304662
-3.5107109
-3.9571309
-4.3654402
-4.7317205
-5.0524583
-5.3245778
-5.5454703
-5.7130188
-5.8256177
-5.8821882
-5.8821882
-5.8256177
-5.7130188
-5.5454703
-5.3245778
-5.0524583
-4.7317205
-4.3654402
-3.9571309
-3.5107109
-3.0304662
-2.5210099
-1.9872383
-1.4342862
-0.86749019
-0.29235206
0.28560735
0.86099392
1.4282776
1.9819387
2.5166143
3.027136
3.5085675
3.9562508
4.3658517
4.7334022
5.0553396
5.3285413
5.5503562
5.7186305
5.83173
5.8885558
)
;

boundaryField
{
    leftWall
    {
        type            cyclic;
    }
    rightWall
    {
        type            cyclic;
    }
    lowerWall
    {
        type            fixedFluxPressure;
        gradient        uniform 0;
        value           nonuniform List<scalar> 
64
(
-1.7286716
-1.7120316
-1.6789117
-1.6296304
-1.5646618
-1.4846308
-1.3903072
-1.2825982
-1.1625401
-1.0312875
-0.8901031
-0.74034501
-0.58345397
-0.42093947
-0.2543652
-0.08533434
0.08452553
0.25358091
0.42020337
0.5827869
0.73976599
0.8896279
1.0309279
1.1623034
1.2824872
1.3903196
1.4847598
1.5648958
1.6299539
1.6793056
1.7124741
1.7291389
1.7291389
1.7124741
1.6793056
1.6299539
1.5648958
1.4847598
1.3903196
1.2824872
1.1623034
1.0309279
0.8896279
0.73976599
0.5827869
0.42020337
0.25358091
0.084525529
-0.085334341
-0.2543652
-0.42093947
-0.58345398
-0.74034501
-0.8901031
-1.0312875
-1.1625401
-1.2825982
-1.3903072
-1.4846308
-1.5646618
-1.6296304
-1.6789117
-1.7120316
-1.7286716
)
;
    }
    atmosphere
    {
        type            totalPressure;
        rho             rho;
        psi             none;
        gamma           1;
        p0              uniform 0;
        value           nonuniform List<scalar> 
64
(
0
0
0
0
0
0
0
0
0
0
0
0
0
0
0
0
-0.00042090138
-0.00041308299
-0.00039747839
-0.00037468929
-0.00034558762
-0.00031128898
-0.00027311146
-0.00023252496
-0.00019109451
-0.00015041974
-0.0001120729
-7.7537665e-05
-4.8151348e-05
-2.5052633e-05
-9.137041e-06
-1.0218395e-06
-1.0218394e-06
-9.1370409e-06
-2.5052633e-05
-4.8151348e-05
-7.7537665e-05
-0.0001120729
-0.00015041974
-0.00019109451
-0.00023252496
-0.00027311146
-0.00031128898
-0.00034558762
-0.00037468929
-0.00039747839
-0.00041308299
-0.00042090138
0
0
0
0
0
0
0
0
0
0
0
0
0
0
0
0
)
;
    }
    defaultFaces
    {
        type            empty;
    }
}


// ************************************************************************* //
