/*--------------------------------*- C++ -*----------------------------------*\
| =========                 |                                                 |
| \\      /  F ield         | OpenFOAM: The Open Source CFD Toolbox           |
|  \\    /   O peration     | Version:  2306                                  |
|   \\  /    A nd           | Website:  www.openfoam.com                      |
|    \\/     M anipulation  |                                                 |
\*---------------------------------------------------------------------------*/
FoamFile
{
    version     2.0;
    format      ascii;
    arch        "LSB;label=32;scalar=64";
    class       volScalarField;
    location    "0.18";
    object      p;
}
// * * * * * * * * * * * * * * * * * * * * * * * * * * * * * * * * * * * * * //

dimensions      [1 -1 -2 0 0 0 0];

internalField   nonuniform List<scalar> 
6400
(
1000000.2
1000000.2
1000000.2
1000000.2
1000000.2
1000000.1
1000000.1
1000000.1
1000000.1
1000000.1
1000000.1
1000000.1
1000000.1
1000000.1
1000000
1000000
1000000
999999.99
999999.98
999999.96
999999.95
999999.93
999999.92
999999.91
999999.9
999999.9
999999.89
999999.89
999999.89
999999.89
999999.9
999999.9
999999.91
999999.92
999999.93
999999.95
999999.96
999999.97
999999.98
1000000
1000000
1000000
1000000
1000000
1000000
1000000.1
1000000.1
1000000.1
1000000.1
1000000.1
1000000.1
1000000.1
1000000.1
1000000.1
1000000.1
1000000.1
1000000.1
1000000.1
1000000.1
1000000.1
1000000.1
1000000.1
1000000.1
1000000.1
1000000.1
1000000.1
1000000.1
1000000.1
1000000.1
1000000.1
1000000.1
1000000.1
1000000.1
1000000.1
1000000.1
1000000.1
1000000.1
1000000.1
1000000.1
1000000.1
1000000.2
1000000.2
1000000.2
1000000.2
1000000.2
1000000.2
1000000.1
1000000.1
1000000.1
1000000.1
1000000.1
1000000.1
1000000.1
1000000.1
1000000
1000000
1000000
999999.98
999999.96
999999.95
999999.93
999999.91
999999.9
999999.89
999999.88
999999.87
999999.86
999999.86
999999.86
999999.86
999999.87
999999.88
999999.89
999999.9
999999.91
999999.93
999999.94
999999.96
999999.97
999999.98
1000000
1000000
1000000
1000000
1000000
1000000
1000000.1
1000000.1
1000000.1
1000000.1
1000000.1
1000000.1
1000000.1
1000000.1
1000000.1
1000000.1
1000000.1
1000000.1
1000000.1
1000000.1
1000000.1
1000000.1
1000000.1
1000000.1
1000000.1
1000000.1
1000000.1
1000000.1
1000000.1
1000000.1
1000000.1
1000000.1
1000000.1
1000000.1
1000000.1
1000000.1
1000000.1
1000000.1
1000000.1
1000000.1
1000000.2
1000000.2
1000000.2
1000000.2
1000000.2
1000000.2
1000000.2
1000000.1
1000000.1
1000000.1
1000000.1
1000000.1
1000000.1
1000000.1
1000000
1000000
999999.99
999999.97
999999.95
999999.93
999999.91
999999.89
999999.87
999999.86
999999.85
999999.84
999999.83
999999.83
999999.83
999999.83
999999.84
999999.85
999999.86
999999.87
999999.89
999999.9
999999.92
999999.94
999999.96
999999.97
999999.99
1000000
1000000
1000000
1000000
1000000
1000000
1000000.1
1000000.1
1000000.1
1000000.1
1000000.1
1000000.1
1000000.1
1000000.1
1000000.1
1000000.1
1000000.1
1000000.1
1000000.1
1000000.1
1000000.1
1000000.1
1000000.1
1000000.1
1000000.1
1000000.1
1000000.1
1000000.1
1000000.1
1000000.1
1000000.1
1000000.1
1000000.1
1000000.1
1000000.1
1000000.1
1000000.1
1000000.1
1000000.1
1000000.2
1000000.2
1000000.2
1000000.2
1000000.2
1000000.2
1000000.2
1000000.2
1000000.1
1000000.1
1000000.1
1000000.1
1000000.1
1000000.1
1000000
1000000
999999.99
999999.96
999999.94
999999.91
999999.89
999999.87
999999.85
999999.83
999999.82
999999.8
999999.8
999999.79
999999.79
999999.79
999999.8
999999.81
999999.83
999999.84
999999.86
999999.88
999999.9
999999.92
999999.94
999999.96
999999.97
999999.99
1000000
1000000
1000000
1000000
1000000
1000000
1000000
1000000.1
1000000.1
1000000.1
1000000.1
1000000.1
1000000.1
1000000.1
1000000.1
1000000.1
1000000.1
1000000.1
1000000.1
1000000.1
1000000.1
1000000.1
1000000.1
1000000.1
1000000.1
1000000.1
1000000.1
1000000.1
1000000.1
1000000.1
1000000.1
1000000.1
1000000.1
1000000.1
1000000.1
1000000.1
1000000.1
1000000.1
1000000.2
1000000.2
1000000.2
1000000.2
1000000.2
1000000.2
1000000.2
1000000.2
1000000.2
1000000.1
1000000.1
1000000.1
1000000.1
1000000.1
1000000
1000000
999999.98
999999.95
999999.93
999999.9
999999.87
999999.85
999999.82
999999.8
999999.78
999999.77
999999.76
999999.75
999999.75
999999.75
999999.76
999999.78
999999.79
999999.81
999999.84
999999.86
999999.88
999999.91
999999.93
999999.95
999999.97
999999.98
1000000
1000000
1000000
1000000
1000000
1000000
1000000
1000000
1000000.1
1000000.1
1000000.1
1000000.1
1000000.1
1000000.1
1000000.1
1000000.1
1000000.1
1000000.1
1000000.1
1000000.1
1000000.1
1000000.1
1000000.1
1000000.1
1000000.1
1000000.1
1000000.1
1000000.1
1000000.1
1000000.1
1000000.1
1000000.1
1000000.1
1000000.1
1000000.1
1000000.1
1000000.1
1000000.1
1000000.3
1000000.3
1000000.3
1000000.2
1000000.2
1000000.2
1000000.2
1000000.2
1000000.2
1000000.2
1000000.1
1000000.1
1000000.1
1000000.1
1000000
1000000
999999.98
999999.95
999999.92
999999.88
999999.85
999999.82
999999.79
999999.77
999999.74
999999.73
999999.71
999999.7
999999.7
999999.71
999999.72
999999.74
999999.76
999999.78
999999.81
999999.83
999999.86
999999.89
999999.91
999999.94
999999.96
999999.98
999999.99
1000000
1000000
1000000
1000000
1000000
1000000
1000000
1000000
1000000
1000000
1000000.1
1000000.1
1000000.1
1000000.1
1000000.1
1000000.1
1000000.1
1000000.1
1000000.1
1000000.1
1000000.1
1000000.1
1000000.1
1000000.1
1000000.1
1000000.1
1000000.1
1000000.1
1000000.1
1000000.1
1000000.1
1000000.1
1000000.1
1000000.1
1000000.1
1000000.1
1000000.1
1000000.3
1000000.3
1000000.3
1000000.3
1000000.3
1000000.3
1000000.2
1000000.2
1000000.2
1000000.2
1000000.2
1000000.1
1000000.1
1000000.1
1000000
1000000
999999.98
999999.94
999999.91
999999.87
999999.83
999999.8
999999.76
999999.73
999999.7
999999.68
999999.66
999999.65
999999.65
999999.66
999999.67
999999.69
999999.71
999999.74
999999.78
999999.81
999999.84
999999.87
999999.9
999999.93
999999.95
999999.97
999999.99
1000000
1000000
1000000
1000000
1000000
1000000
1000000
1000000
1000000
1000000
1000000
1000000
1000000
1000000
1000000
1000000.1
1000000.1
1000000.1
1000000.1
1000000.1
1000000.1
1000000.1
1000000.1
1000000.1
1000000.1
1000000.1
1000000.1
1000000.1
1000000.1
1000000.1
1000000.1
1000000.1
1000000.1
1000000.1
1000000.1
1000000.1
1000000.1
1000000.3
1000000.3
1000000.3
1000000.3
1000000.3
1000000.3
1000000.3
1000000.3
1000000.2
1000000.2
1000000.2
1000000.2
1000000.1
1000000.1
1000000.1
1000000
999999.98
999999.94
999999.9
999999.86
999999.81
999999.77
999999.73
999999.69
999999.66
999999.63
999999.61
999999.59
999999.59
999999.6
999999.61
999999.64
999999.67
999999.7
999999.74
999999.78
999999.82
999999.86
999999.89
999999.92
999999.95
999999.97
999999.99
1000000
1000000
1000000
1000000
1000000
1000000
1000000
1000000
1000000
1000000
1000000
1000000
1000000
1000000
1000000
1000000
1000000
1000000
1000000
1000000
1000000
1000000
1000000
1000000
1000000
1000000
1000000
1000000.1
1000000.1
1000000.1
1000000.1
1000000.1
1000000.1
1000000.1
1000000.1
1000000.1
1000000.1
1000000.4
1000000.4
1000000.3
1000000.3
1000000.3
1000000.3
1000000.3
1000000.3
1000000.3
1000000.2
1000000.2
1000000.2
1000000.2
1000000.1
1000000.1
1000000
999999.99
999999.94
999999.89
999999.84
999999.79
999999.74
999999.69
999999.65
999999.6
999999.57
999999.54
999999.52
999999.52
999999.53
999999.54
999999.57
999999.61
999999.66
999999.71
999999.75
999999.8
999999.85
999999.88
999999.92
999999.95
999999.97
999999.99
1000000
1000000
1000000
1000000
1000000
1000000
1000000
1000000
1000000
1000000
1000000
1000000
1000000
1000000
1000000
1000000
1000000
1000000
1000000
1000000
1000000
1000000
1000000
1000000
1000000
1000000
1000000
1000000
1000000
1000000
1000000
1000000
1000000
1000000
1000000
1000000
1000000
1000000.4
1000000.4
1000000.4
1000000.4
1000000.4
1000000.4
1000000.3
1000000.3
1000000.3
1000000.3
1000000.2
1000000.2
1000000.2
1000000.1
1000000.1
1000000
1000000
999999.95
999999.89
999999.83
999999.78
999999.72
999999.66
999999.6
999999.55
999999.5
999999.47
999999.44
999999.43
999999.44
999999.47
999999.5
999999.55
999999.61
999999.67
999999.73
999999.78
999999.83
999999.88
999999.92
999999.95
999999.98
1000000
1000000
1000000
1000000
1000000
1000000
1000000
1000000
1000000
1000000
1000000
1000000
1000000
1000000
1000000
1000000
1000000
1000000
1000000
1000000
1000000
1000000
1000000
1000000
1000000
1000000
1000000
1000000
1000000
1000000
1000000
1000000
1000000
1000000
1000000
1000000
1000000
1000000
1000000.4
1000000.4
1000000.4
1000000.4
1000000.4
1000000.4
1000000.4
1000000.4
1000000.4
1000000.3
1000000.3
1000000.3
1000000.2
1000000.2
1000000.1
1000000.1
1000000
999999.96
999999.89
999999.83
999999.76
999999.69
999999.62
999999.55
999999.48
999999.43
999999.38
999999.35
999999.33
999999.34
999999.37
999999.42
999999.48
999999.55
999999.62
999999.7
999999.77
999999.83
999999.88
999999.93
999999.96
999999.99
1000000
1000000
1000000
1000000
1000000
1000000
1000000
1000000
1000000
1000000
1000000
1000000
1000000
1000000
1000000
1000000
1000000
1000000
1000000
1000000
1000000
1000000
1000000
1000000
1000000
1000000
1000000
1000000
1000000
1000000
1000000
1000000
1000000
1000000
1000000
1000000
1000000
1000000
1000000.5
1000000.5
1000000.5
1000000.5
1000000.5
1000000.5
1000000.4
1000000.4
1000000.4
1000000.4
1000000.3
1000000.3
1000000.3
1000000.2
1000000.2
1000000.1
1000000
999999.97
999999.9
999999.83
999999.75
999999.67
999999.58
999999.5
999999.41
999999.34
999999.27
999999.23
999999.21
999999.22
999999.25
999999.31
999999.39
999999.48
999999.58
999999.67
999999.75
999999.83
999999.89
999999.94
999999.98
1000000
1000000
1000000
1000000
1000000
1000000
1000000
1000000
1000000
1000000
1000000
1000000
1000000
1000000
1000000
1000000
1000000
1000000
1000000
1000000
1000000
1000000
1000000
1000000
1000000
1000000
1000000
1000000
1000000
1000000
1000000
1000000
1000000
1000000
1000000
1000000
1000000
1000000
1000000
1000000.5
1000000.6
1000000.5
1000000.5
1000000.5
1000000.5
1000000.5
1000000.5
1000000.5
1000000.4
1000000.4
1000000.3
1000000.3
1000000.2
1000000.2
1000000.1
1000000.1
999999.99
999999.91
999999.83
999999.74
999999.65
999999.54
999999.44
999999.34
999999.24
999999.15
999999.09
999999.05
999999.06
999999.11
999999.19
999999.29
999999.41
999999.53
999999.64
999999.74
999999.84
999999.91
999999.97
1000000
1000000
1000000.1
1000000.1
1000000.1
1000000
1000000
1000000
1000000
1000000
1000000
1000000
1000000
1000000
1000000
1000000
1000000
1000000
1000000
1000000
1000000
1000000
1000000
1000000
1000000
1000000
1000000
1000000
1000000
1000000
1000000
1000000
1000000
1000000
1000000
1000000
1000000
1000000
1000000
1000000
1000000.6
1000000.6
1000000.6
1000000.6
1000000.6
1000000.6
1000000.6
1000000.5
1000000.5
1000000.5
1000000.4
1000000.4
1000000.4
1000000.3
1000000.2
1000000.2
1000000.1
1000000
999999.93
999999.84
999999.74
999999.63
999999.51
999999.39
999999.25
999999.12
999999
999998.91
999998.86
999998.86
999998.92
999999.03
999999.17
999999.32
999999.47
999999.62
999999.75
999999.85
999999.94
1000000
1000000.1
1000000.1
1000000.1
1000000.1
1000000.1
1000000.1
1000000
1000000
1000000
1000000
999999.99
999999.99
999999.99
999999.99
999999.99
999999.99
999999.99
999999.99
999999.99
999999.99
1000000
1000000
1000000
1000000
1000000
1000000
1000000
1000000
1000000
1000000
1000000
1000000
1000000
1000000
1000000
1000000
1000000
1000000
1000000
1000000
1000000.6
1000000.7
1000000.6
1000000.7
1000000.6
1000000.6
1000000.6
1000000.6
1000000.6
1000000.6
1000000.5
1000000.5
1000000.4
1000000.4
1000000.3
1000000.2
1000000.1
1000000.1
999999.96
999999.86
999999.75
999999.62
999999.49
999999.33
999999.17
999998.99
999998.83
999998.68
999998.6
999998.6
999998.67
999998.83
999999.02
999999.22
999999.42
999999.6
999999.76
999999.89
999999.99
1000000.1
1000000.1
1000000.1
1000000.1
1000000.1
1000000.1
1000000.1
1000000.1
1000000
1000000
999999.99
999999.98
999999.98
999999.98
999999.98
999999.98
999999.98
999999.98
999999.99
999999.99
999999.99
999999.99
999999.99
999999.99
999999.99
999999.99
999999.99
999999.99
999999.99
999999.99
999999.99
999999.99
999999.99
999999.99
999999.99
999999.99
999999.99
999999.99
999999.99
999999.99
999999.99
1000000.7
1000000.8
1000000.7
1000000.9
1000000.6
1000000.7
1000000.7
1000000.7
1000000.6
1000000.6
1000000.6
1000000.5
1000000.5
1000000.4
1000000.3
1000000.3
1000000.2
1000000.1
1000000
999999.89
999999.77
999999.63
999999.47
999999.29
999999.08
999998.86
999998.62
999998.4
999998.26
999998.25
999998.38
999998.58
999998.83
999999.1
999999.36
999999.59
999999.79
999999.95
1000000.1
1000000.1
1000000.2
1000000.2
1000000.2
1000000.2
1000000.1
1000000.1
1000000.1
1000000
999999.99
999999.97
999999.96
999999.96
999999.96
999999.97
999999.97
999999.97
999999.98
999999.98
999999.98
999999.98
999999.98
999999.98
999999.98
999999.98
999999.98
999999.98
999999.98
999999.98
999999.98
999999.98
999999.98
999999.98
999999.98
999999.98
999999.98
999999.98
999999.98
999999.98
999999.98
999999.98
1000000.2
1000000.8
1000000.7
1000001.1
1000000.6
1000000.7
1000000.7
1000000.7
1000000.7
1000000.7
1000000.7
1000000.6
1000000.6
1000000.5
1000000.4
1000000.3
1000000.2
1000000.1
1000000
999999.93
999999.8
999999.66
999999.48
999999.26
999999.01
999998.7
999998.36
999998.02
999997.77
999997.72
999997.92
999998.24
999998.6
999998.96
999999.3
999999.6
999999.85
1000000
1000000.2
1000000.3
1000000.3
1000000.3
1000000.3
1000000.2
1000000.2
1000000.1
1000000.1
1000000
999999.98
999999.96
999999.94
999999.94
999999.95
999999.95
999999.96
999999.97
999999.97
999999.97
999999.97
999999.97
999999.97
999999.97
999999.97
999999.97
999999.97
999999.97
999999.97
999999.97
999999.97
999999.97
999999.97
999999.97
999999.97
999999.97
999999.97
999999.97
999999.97
999999.97
999999.97
999999.97
1000001.1
1000000.8
1000000.9
1000001.5
1000000.6
1000000.7
1000000.7
1000000.7
1000000.8
1000000.8
1000000.7
1000000.7
1000000.6
1000000.6
1000000.5
1000000.4
1000000.3
1000000.2
1000000.1
999999.99
999999.86
999999.71
999999.51
999999.27
999998.96
999998.57
999998.1
999997.59
999997.12
999997
999997.3
999997.78
999998.31
999998.8
999999.24
999999.63
999999.94
1000000.2
1000000.3
1000000.4
1000000.4
1000000.4
1000000.4
1000000.3
1000000.2
1000000.1
1000000
999999.98
999999.93
999999.91
999999.9
999999.91
999999.93
999999.94
999999.95
999999.96
999999.97
999999.97
999999.97
999999.97
999999.96
999999.96
999999.96
999999.96
999999.96
999999.96
999999.96
999999.96
999999.96
999999.96
999999.96
999999.96
999999.96
999999.96
999999.96
999999.96
999999.96
999999.96
999999.96
999999.96
1000004.7
1000009.1
1000001.3
1000014.9
1000002.6
1000000.7
1000000.6
1000000.7
1000000.8
1000000.8
1000000.8
1000000.7
1000000.7
1000000.6
1000000.5
1000000.5
1000000.4
1000000.3
1000000.2
1000000.1
999999.93
999999.78
999999.59
999999.33
999998.98
999998.49
999997.81
999996.96
999997.06
999997.76
999998.22
999998.48
999998.68
999998.89
999999.23
999999.74
1000000.1
1000000.3
1000000.5
1000000.6
1000000.6
1000000.5
1000000.5
1000000.4
1000000.3
1000000.2
1000000
999999.96
999999.9
999999.87
999999.87
999999.88
999999.91
999999.93
999999.95
999999.96
999999.96
999999.96
999999.96
999999.96
999999.96
999999.95
999999.95
999999.95
999999.95
999999.95
999999.95
999999.95
999999.95
999999.95
999999.95
999999.95
999999.95
999999.95
999999.95
999999.95
999999.95
999999.95
999999.95
999999.95
1000001.4
1000003
1000011.3
1000001.6
999999.41
1000000.2
1000000.6
1000000.7
1000000.8
1000000.8
1000000.8
1000000.8
1000000.7
1000000.7
1000000.6
1000000.5
1000000.4
1000000.3
1000000.2
1000000.1
1000000
999999.89
999999.71
999999.47
999999.12
999998.56
999998.91
999999.9
1000000.2
1000000.1
1000000.1
1000000.1
1000000
1000000
999999.95
999999.92
1000000.1
1000000.3
1000000.6
1000000.7
1000000.8
1000000.8
1000000.7
1000000.5
1000000.3
1000000.2
999999.98
999999.85
999999.78
999999.76
999999.79
999999.84
999999.89
999999.93
999999.95
999999.97
999999.97
999999.97
999999.96
999999.95
999999.95
999999.95
999999.94
999999.94
999999.94
999999.94
999999.94
999999.94
999999.94
999999.94
999999.94
999999.94
999999.94
999999.94
999999.94
999999.94
999999.94
999999.94
999999.94
999999.94
1000001.9
1000002.1
1000004.3
1000000.2
1000000.7
1000000.7
1000000.7
1000000.7
1000000.8
1000000.8
1000000.8
1000000.8
1000000.7
1000000.7
1000000.6
1000000.5
1000000.5
1000000.4
1000000.3
1000000.2
1000000.1
1000000
999999.88
999999.72
999999.66
999999.95
1000000.1
1000000.1
1000000.1
1000000.1
1000000.1
1000000
1000000
1000000
999999.98
999999.95
999999.92
999999.89
999999.88
999999.87
999999.87
999999.88
999999.9
999999.92
999999.93
999999.94
999999.95
999999.96
999999.96
999999.96
999999.95
999999.95
999999.94
999999.94
999999.94
999999.94
999999.94
999999.94
999999.94
999999.94
999999.94
999999.94
999999.94
999999.94
999999.94
999999.94
999999.94
999999.94
999999.94
999999.94
999999.94
999999.94
999999.94
999999.94
999999.94
999999.94
999999.94
999999.94
999999.94
999999.94
1000003.6
1000002.1
1000003.2
1000001.1
1000001
1000000.8
1000000.8
1000000.7
1000000.7
1000000.7
1000000.7
1000000.7
1000000.7
1000000.7
1000000.6
1000000.5
1000000.5
1000000.4
1000000.4
1000000.3
1000000.3
1000000.2
1000000
999999.91
1000000
1000000
1000000.1
1000000.1
1000000.1
1000000.1
1000000
1000000
1000000
1000000
999999.98
999999.95
999999.93
999999.91
999999.9
999999.89
999999.89
999999.89
999999.9
999999.91
999999.92
999999.93
999999.94
999999.95
999999.95
999999.95
999999.95
999999.95
999999.94
999999.94
999999.94
999999.94
999999.94
999999.94
999999.94
999999.94
999999.94
999999.94
999999.94
999999.94
999999.94
999999.94
999999.94
999999.94
999999.94
999999.94
999999.94
999999.94
999999.93
999999.93
999999.93
999999.93
999999.93
999999.93
999999.93
999999.93
1000001.8
1000001.7
1000002.1
1000001.2
1000001
1000000.9
1000000.8
1000000.7
1000000.7
1000000.7
1000000.7
1000000.6
1000000.6
1000000.6
1000000.5
1000000.5
1000000.4
1000000.4
1000000.4
1000000.4
1000000.4
1000000.3
1000000
1000000
1000000
1000000
1000000
1000000
1000000
1000000
1000000
1000000
1000000
999999.99
999999.98
999999.96
999999.94
999999.93
999999.91
999999.91
999999.91
999999.91
999999.91
999999.92
999999.93
999999.93
999999.94
999999.94
999999.95
999999.95
999999.94
999999.94
999999.94
999999.94
999999.94
999999.94
999999.94
999999.94
999999.94
999999.94
999999.94
999999.94
999999.94
999999.94
999999.94
999999.94
999999.94
999999.93
999999.93
999999.93
999999.93
999999.93
999999.93
999999.93
999999.93
999999.93
999999.93
999999.93
999999.93
999999.93
1000001.6
1000001.5
1000001.6
1000001.2
1000001
1000000.9
1000000.8
1000000.7
1000000.6
1000000.6
1000000.6
1000000.5
1000000.5
1000000.4
1000000.4
1000000.3
1000000.4
1000000.4
1000000.4
1000000.5
1000000.5
1000000.1
999999.96
999999.98
999999.99
1000000
1000000
1000000
1000000
1000000
1000000
1000000
1000000
999999.99
999999.98
999999.96
999999.95
999999.93
999999.93
999999.92
999999.92
999999.92
999999.92
999999.92
999999.93
999999.93
999999.94
999999.94
999999.94
999999.94
999999.94
999999.94
999999.94
999999.94
999999.94
999999.94
999999.94
999999.94
999999.94
999999.94
999999.94
999999.94
999999.94
999999.93
999999.93
999999.93
999999.93
999999.93
999999.93
999999.93
999999.93
999999.93
999999.93
999999.93
999999.93
999999.93
999999.93
999999.93
999999.93
999999.93
1000001.3
1000001.3
1000001.3
1000001.1
1000000.9
1000000.8
1000000.7
1000000.6
1000000.6
1000000.5
1000000.5
1000000.4
1000000.3
1000000.3
1000000.2
1000000.2
1000000.3
1000000.3
1000000.5
1000000.5
1000000
999999.94
999999.95
999999.97
999999.99
1000000
1000000
1000000
1000000
1000000
1000000
1000000
1000000
999999.99
999999.97
999999.96
999999.95
999999.94
999999.93
999999.93
999999.92
999999.92
999999.92
999999.93
999999.93
999999.93
999999.94
999999.94
999999.94
999999.94
999999.94
999999.94
999999.94
999999.94
999999.94
999999.94
999999.94
999999.94
999999.94
999999.93
999999.93
999999.93
999999.93
999999.93
999999.93
999999.93
999999.93
999999.93
999999.93
999999.93
999999.93
999999.93
999999.93
999999.93
999999.93
999999.93
999999.93
999999.93
999999.93
999999.93
1000001.1
1000001.1
1000001.1
1000001
1000000.9
1000000.7
1000000.7
1000000.6
1000000.5
1000000.4
1000000.3
1000000.3
1000000.2
1000000.1
1000000.1
1000000.1
1000000.1
1000000.3
1000000.4
1000000
999999.92
999999.94
999999.95
999999.97
999999.98
999999.99
1000000
1000000
1000000
1000000
1000000
1000000
999999.99
999999.98
999999.97
999999.96
999999.95
999999.94
999999.94
999999.93
999999.93
999999.93
999999.93
999999.93
999999.93
999999.93
999999.94
999999.94
999999.94
999999.94
999999.94
999999.94
999999.94
999999.94
999999.94
999999.94
999999.94
999999.93
999999.93
999999.93
999999.93
999999.93
999999.93
999999.93
999999.93
999999.93
999999.93
999999.93
999999.93
999999.93
999999.93
999999.93
999999.93
999999.93
999999.93
999999.93
999999.93
999999.93
999999.93
999999.93
1000001
1000001
1000001
1000000.9
1000000.8
1000000.7
1000000.6
1000000.5
1000000.4
1000000.3
1000000.2
1000000.1
1000000
999999.93
999999.88
999999.9
1000000
1000000.2
999999.99
999999.91
999999.92
999999.94
999999.95
999999.97
999999.98
999999.99
1000000
1000000
1000000
1000000
1000000
999999.99
999999.99
999999.98
999999.97
999999.96
999999.95
999999.95
999999.94
999999.94
999999.93
999999.93
999999.93
999999.93
999999.93
999999.93
999999.93
999999.94
999999.94
999999.94
999999.94
999999.94
999999.94
999999.94
999999.94
999999.94
999999.93
999999.93
999999.93
999999.93
999999.93
999999.93
999999.93
999999.93
999999.93
999999.93
999999.93
999999.93
999999.93
999999.93
999999.93
999999.93
999999.93
999999.93
999999.93
999999.93
999999.93
999999.93
999999.93
999999.93
1000000.9
1000000.9
1000000.9
1000000.8
1000000.7
1000000.6
1000000.5
1000000.4
1000000.3
1000000.2
1000000.1
999999.93
999999.79
999999.69
999999.62
999999.65
999999.74
999999.93
999999.91
999999.92
999999.93
999999.94
999999.95
999999.96
999999.97
999999.98
999999.99
999999.99
999999.99
999999.99
999999.99
999999.99
999999.98
999999.97
999999.97
999999.96
999999.95
999999.95
999999.94
999999.94
999999.94
999999.93
999999.93
999999.93
999999.93
999999.93
999999.93
999999.94
999999.94
999999.94
999999.94
999999.94
999999.94
999999.94
999999.93
999999.93
999999.93
999999.93
999999.93
999999.93
999999.93
999999.93
999999.93
999999.93
999999.93
999999.93
999999.93
999999.93
999999.93
999999.93
999999.93
999999.93
999999.93
999999.93
999999.93
999999.93
999999.93
999999.93
999999.93
999999.93
1000000.9
1000000.9
1000000.9
1000000.8
1000000.7
1000000.6
1000000.5
1000000.4
1000000.2
1000000.1
999999.91
999999.73
999999.52
999999.38
999999.28
999999.31
999999.71
999999.94
999999.92
999999.92
999999.93
999999.94
999999.95
999999.96
999999.97
999999.98
999999.98
999999.99
999999.99
999999.99
999999.98
999999.98
999999.98
999999.97
999999.96
999999.96
999999.95
999999.95
999999.94
999999.94
999999.94
999999.94
999999.93
999999.93
999999.93
999999.93
999999.93
999999.93
999999.93
999999.94
999999.93
999999.93
999999.93
999999.93
999999.93
999999.93
999999.93
999999.93
999999.93
999999.93
999999.93
999999.93
999999.93
999999.93
999999.93
999999.93
999999.93
999999.93
999999.93
999999.93
999999.93
999999.93
999999.93
999999.93
999999.93
999999.93
999999.93
999999.93
999999.93
999999.93
1000000.9
1000000.9
1000000.9
1000000.8
1000000.7
1000000.6
1000000.5
1000000.4
1000000.2
1000000
999999.76
999999.51
999999.18
999998.93
999998.76
999999.13
999999.93
999999.91
999999.91
999999.92
999999.92
999999.94
999999.95
999999.96
999999.97
999999.97
999999.98
999999.98
999999.98
999999.98
999999.98
999999.98
999999.97
999999.97
999999.96
999999.96
999999.95
999999.95
999999.94
999999.94
999999.94
999999.94
999999.94
999999.94
999999.93
999999.93
999999.93
999999.93
999999.93
999999.93
999999.93
999999.93
999999.93
999999.93
999999.93
999999.93
999999.93
999999.93
999999.93
999999.93
999999.93
999999.93
999999.93
999999.93
999999.93
999999.93
999999.93
999999.93
999999.93
999999.93
999999.93
999999.93
999999.93
999999.93
999999.93
999999.93
999999.93
999999.93
999999.93
999999.93
1000001
1000000.9
1000000.9
1000000.9
1000000.8
1000000.7
1000000.5
1000000.4
1000000.2
999999.97
999999.65
999999.31
999998.76
999998.27
999997.39
999999.34
999999.91
999999.9
999999.9
999999.91
999999.92
999999.93
999999.95
999999.96
999999.96
999999.97
999999.97
999999.98
999999.98
999999.98
999999.97
999999.97
999999.97
999999.96
999999.96
999999.96
999999.95
999999.95
999999.94
999999.94
999999.94
999999.94
999999.94
999999.94
999999.93
999999.93
999999.93
999999.93
999999.93
999999.93
999999.93
999999.93
999999.93
999999.93
999999.93
999999.93
999999.93
999999.93
999999.93
999999.93
999999.93
999999.93
999999.93
999999.93
999999.93
999999.93
999999.93
999999.93
999999.93
999999.93
999999.93
999999.93
999999.93
999999.93
999999.93
999999.93
999999.93
999999.93
999999.93
999999.93
1000001
1000001
1000001
1000000.9
1000000.9
1000000.8
1000000.6
1000000.5
1000000.3
1000000
999999.63
999999.24
999998.45
999997.86
999996.36
1000000.1
999999.93
999999.9
999999.89
999999.9
999999.92
999999.93
999999.94
999999.95
999999.96
999999.97
999999.97
999999.97
999999.97
999999.97
999999.97
999999.97
999999.96
999999.96
999999.96
999999.95
999999.95
999999.95
999999.94
999999.94
999999.94
999999.94
999999.94
999999.94
999999.93
999999.93
999999.93
999999.93
999999.93
999999.93
999999.93
999999.93
999999.93
999999.93
999999.93
999999.93
999999.93
999999.93
999999.93
999999.93
999999.93
999999.93
999999.93
999999.93
999999.93
999999.93
999999.93
999999.93
999999.93
999999.93
999999.93
999999.93
999999.93
999999.93
999999.93
999999.93
999999.93
999999.93
999999.93
999999.93
1000001.2
1000001.2
1000001.1
1000001.1
1000001
1000000.9
1000000.8
1000000.6
1000000.4
1000000.1
999999.77
999999.34
999998.5
999997.91
999996.76
1000000
999999.92
999999.89
999999.9
999999.91
999999.92
999999.93
999999.94
999999.95
999999.96
999999.96
999999.96
999999.96
999999.96
999999.96
999999.96
999999.96
999999.96
999999.96
999999.95
999999.95
999999.95
999999.95
999999.94
999999.94
999999.94
999999.94
999999.94
999999.94
999999.93
999999.93
999999.93
999999.93
999999.93
999999.93
999999.93
999999.93
999999.93
999999.93
999999.93
999999.93
999999.93
999999.93
999999.93
999999.93
999999.93
999999.93
999999.93
999999.93
999999.93
999999.93
999999.93
999999.93
999999.93
999999.93
999999.93
999999.93
999999.93
999999.93
999999.93
999999.93
999999.93
999999.93
999999.93
999999.93
1000001.3
1000001.3
1000001.3
1000001.2
1000001.2
1000001.1
1000001
1000000.8
1000000.6
1000000.4
1000000
999999.61
999998.92
999998.29
999996.89
1000000
999999.93
999999.9
999999.9
999999.91
999999.92
999999.93
999999.94
999999.95
999999.95
999999.96
999999.96
999999.96
999999.96
999999.96
999999.96
999999.96
999999.95
999999.95
999999.95
999999.95
999999.95
999999.94
999999.94
999999.94
999999.94
999999.94
999999.94
999999.93
999999.93
999999.93
999999.93
999999.93
999999.93
999999.93
999999.93
999999.93
999999.93
999999.93
999999.93
999999.93
999999.93
999999.93
999999.93
999999.93
999999.93
999999.93
999999.93
999999.93
999999.93
999999.93
999999.93
999999.93
999999.93
999999.93
999999.93
999999.93
999999.93
999999.93
999999.93
999999.93
999999.93
999999.93
999999.93
999999.93
1000001.5
1000001.5
1000001.5
1000001.4
1000001.4
1000001.3
1000001.2
1000001.1
1000000.9
1000000.7
1000000.4
1000000.1
999999.58
999998.99
999997.76
999999.73
999999.93
999999.9
999999.91
999999.92
999999.92
999999.93
999999.94
999999.94
999999.95
999999.95
999999.95
999999.95
999999.95
999999.95
999999.95
999999.95
999999.95
999999.95
999999.95
999999.95
999999.94
999999.94
999999.94
999999.94
999999.94
999999.94
999999.93
999999.93
999999.93
999999.93
999999.93
999999.93
999999.93
999999.93
999999.93
999999.93
999999.93
999999.93
999999.93
999999.93
999999.93
999999.93
999999.93
999999.93
999999.93
999999.93
999999.93
999999.93
999999.93
999999.93
999999.93
999999.93
999999.93
999999.93
999999.93
999999.93
999999.93
999999.93
999999.93
999999.93
999999.93
999999.93
999999.93
999999.93
1000001.7
1000001.7
1000001.7
1000001.6
1000001.6
1000001.5
1000001.4
1000001.3
1000001.2
1000001.1
1000000.9
1000000.6
1000000.3
999999.94
999999.43
999999.76
999999.92
999999.89
999999.91
999999.92
999999.92
999999.93
999999.94
999999.94
999999.94
999999.95
999999.95
999999.95
999999.95
999999.95
999999.95
999999.95
999999.95
999999.95
999999.94
999999.94
999999.94
999999.94
999999.94
999999.94
999999.94
999999.93
999999.93
999999.93
999999.93
999999.93
999999.93
999999.93
999999.93
999999.93
999999.93
999999.93
999999.93
999999.93
999999.93
999999.93
999999.93
999999.93
999999.93
999999.93
999999.93
999999.93
999999.93
999999.93
999999.93
999999.93
999999.93
999999.93
999999.93
999999.93
999999.93
999999.93
999999.93
999999.93
999999.93
999999.93
999999.93
999999.93
999999.93
999999.93
1000001.9
1000001.9
1000001.9
1000001.9
1000001.8
1000001.8
1000001.7
1000001.7
1000001.6
1000001.5
1000001.3
1000001.2
1000001
1000000.8
1000000.6
1000000.5
1000000
999999.93
999999.91
999999.92
999999.92
999999.93
999999.93
999999.94
999999.94
999999.94
999999.94
999999.94
999999.95
999999.95
999999.95
999999.94
999999.94
999999.94
999999.94
999999.94
999999.94
999999.94
999999.94
999999.94
999999.93
999999.93
999999.93
999999.93
999999.93
999999.93
999999.93
999999.93
999999.93
999999.93
999999.93
999999.93
999999.93
999999.93
999999.93
999999.93
999999.93
999999.93
999999.93
999999.93
999999.93
999999.93
999999.93
999999.93
999999.93
999999.93
999999.93
999999.93
999999.93
999999.93
999999.93
999999.93
999999.93
999999.93
999999.93
999999.93
999999.93
999999.93
999999.93
999999.93
1000002.2
1000002.1
1000002.1
1000002.1
1000002.1
1000002.1
1000002
1000002
1000001.9
1000001.9
1000001.8
1000001.7
1000001.6
1000001.5
1000001.5
1000001.5
1000001
999999.9
999999.9
999999.91
999999.92
999999.92
999999.93
999999.93
999999.93
999999.94
999999.94
999999.94
999999.94
999999.94
999999.94
999999.94
999999.94
999999.94
999999.94
999999.94
999999.94
999999.94
999999.94
999999.93
999999.93
999999.93
999999.93
999999.93
999999.93
999999.93
999999.93
999999.93
999999.93
999999.93
999999.93
999999.93
999999.93
999999.93
999999.93
999999.93
999999.93
999999.93
999999.93
999999.93
999999.93
999999.93
999999.93
999999.93
999999.93
999999.93
999999.93
999999.93
999999.93
999999.93
999999.93
999999.93
999999.93
999999.93
999999.93
999999.92
999999.92
999999.92
999999.92
999999.92
1000002.4
1000002.4
1000002.4
1000002.3
1000002.3
1000002.3
1000002.3
1000002.3
1000002.3
1000002.2
1000002.2
1000002.2
1000002.2
1000002.2
1000002.2
1000002.3
1000002.5
1000000.2
999999.92
999999.91
999999.92
999999.92
999999.92
999999.93
999999.93
999999.93
999999.93
999999.94
999999.94
999999.94
999999.94
999999.94
999999.94
999999.94
999999.94
999999.94
999999.93
999999.93
999999.93
999999.93
999999.93
999999.93
999999.93
999999.93
999999.93
999999.93
999999.93
999999.93
999999.93
999999.93
999999.93
999999.93
999999.93
999999.93
999999.93
999999.93
999999.93
999999.93
999999.93
999999.93
999999.93
999999.93
999999.93
999999.93
999999.93
999999.93
999999.93
999999.92
999999.92
999999.92
999999.92
999999.92
999999.92
999999.92
999999.92
999999.92
999999.92
999999.92
999999.92
999999.92
1000002.6
1000002.6
1000002.6
1000002.6
1000002.6
1000002.6
1000002.6
1000002.6
1000002.6
1000002.6
1000002.6
1000002.6
1000002.7
1000002.7
1000002.8
1000002.9
1000003.1
1000001.7
999999.92
999999.9
999999.91
999999.91
999999.92
999999.92
999999.92
999999.93
999999.93
999999.93
999999.93
999999.93
999999.93
999999.93
999999.93
999999.93
999999.93
999999.93
999999.93
999999.93
999999.93
999999.93
999999.93
999999.93
999999.93
999999.93
999999.93
999999.93
999999.93
999999.93
999999.93
999999.93
999999.93
999999.93
999999.93
999999.93
999999.93
999999.93
999999.93
999999.93
999999.93
999999.93
999999.93
999999.92
999999.92
999999.92
999999.92
999999.92
999999.92
999999.92
999999.92
999999.92
999999.92
999999.92
999999.92
999999.92
999999.92
999999.92
999999.92
999999.92
999999.92
999999.92
1000002.8
1000002.8
1000002.8
1000002.8
1000002.8
1000002.8
1000002.8
1000002.8
1000002.9
1000002.9
1000002.9
1000003
1000003.1
1000003.2
1000003.3
1000003.4
1000003.6
1000003.7
1000000
999999.89
999999.89
999999.9
999999.91
999999.91
999999.92
999999.92
999999.92
999999.93
999999.93
999999.93
999999.93
999999.93
999999.93
999999.93
999999.93
999999.93
999999.93
999999.93
999999.93
999999.93
999999.93
999999.93
999999.93
999999.93
999999.93
999999.93
999999.93
999999.93
999999.93
999999.93
999999.93
999999.93
999999.93
999999.93
999999.93
999999.93
999999.92
999999.92
999999.92
999999.92
999999.92
999999.92
999999.92
999999.92
999999.92
999999.92
999999.92
999999.92
999999.92
999999.92
999999.92
999999.92
999999.92
999999.92
999999.92
999999.92
999999.92
999999.92
999999.92
999999.92
1000003
1000003
1000003
1000003
1000003
1000003
1000003
1000003.1
1000003.1
1000003.2
1000003.2
1000003.3
1000003.4
1000003.5
1000003.7
1000003.8
1000004
1000004.3
1000001.4
999999.88
999999.88
999999.89
999999.9
999999.91
999999.91
999999.92
999999.92
999999.92
999999.92
999999.93
999999.93
999999.93
999999.93
999999.93
999999.93
999999.93
999999.93
999999.93
999999.93
999999.93
999999.93
999999.93
999999.93
999999.93
999999.93
999999.93
999999.93
999999.93
999999.93
999999.93
999999.93
999999.93
999999.92
999999.92
999999.92
999999.92
999999.92
999999.92
999999.92
999999.92
999999.92
999999.92
999999.92
999999.92
999999.92
999999.92
999999.92
999999.92
999999.92
999999.92
999999.92
999999.92
999999.92
999999.92
999999.92
999999.92
999999.92
999999.92
999999.92
999999.92
1000003.2
1000003.2
1000003.2
1000003.2
1000003.2
1000003.2
1000003.2
1000003.3
1000003.3
1000003.4
1000003.5
1000003.6
1000003.7
1000003.8
1000004
1000004.2
1000004.4
1000004.6
1000003
999999.86
999999.87
999999.88
999999.89
999999.9
999999.91
999999.91
999999.91
999999.92
999999.92
999999.92
999999.92
999999.92
999999.93
999999.93
999999.93
999999.93
999999.93
999999.93
999999.93
999999.93
999999.93
999999.93
999999.93
999999.93
999999.93
999999.93
999999.93
999999.92
999999.92
999999.92
999999.92
999999.92
999999.92
999999.92
999999.92
999999.92
999999.92
999999.92
999999.92
999999.92
999999.92
999999.92
999999.92
999999.92
999999.92
999999.92
999999.92
999999.92
999999.92
999999.92
999999.92
999999.92
999999.92
999999.92
999999.92
999999.92
999999.92
999999.92
999999.92
999999.92
1000003.3
1000003.3
1000003.3
1000003.3
1000003.4
1000003.4
1000003.4
1000003.5
1000003.5
1000003.6
1000003.7
1000003.8
1000003.9
1000004.1
1000004.2
1000004.4
1000004.6
1000004.8
1000004.2
999999.84
999999.86
999999.87
999999.88
999999.89
999999.9
999999.91
999999.91
999999.91
999999.92
999999.92
999999.92
999999.92
999999.92
999999.92
999999.92
999999.92
999999.92
999999.92
999999.93
999999.93
999999.92
999999.92
999999.92
999999.92
999999.92
999999.92
999999.92
999999.92
999999.92
999999.92
999999.92
999999.92
999999.92
999999.92
999999.92
999999.92
999999.92
999999.92
999999.92
999999.92
999999.92
999999.92
999999.92
999999.92
999999.92
999999.92
999999.92
999999.92
999999.92
999999.92
999999.92
999999.92
999999.92
999999.92
999999.92
999999.92
999999.92
999999.92
999999.92
999999.92
1000003.5
1000003.5
1000003.5
1000003.5
1000003.5
1000003.5
1000003.6
1000003.6
1000003.7
1000003.8
1000003.9
1000004
1000004.1
1000004.3
1000004.4
1000004.6
1000004.8
1000005
1000005.1
999999.82
999999.85
999999.86
999999.88
999999.89
999999.89
999999.9
999999.91
999999.91
999999.91
999999.92
999999.92
999999.92
999999.92
999999.92
999999.92
999999.92
999999.92
999999.92
999999.92
999999.92
999999.92
999999.92
999999.92
999999.92
999999.92
999999.92
999999.92
999999.92
999999.92
999999.92
999999.92
999999.92
999999.92
999999.92
999999.92
999999.92
999999.92
999999.92
999999.92
999999.92
999999.92
999999.92
999999.92
999999.92
999999.92
999999.92
999999.92
999999.92
999999.92
999999.92
999999.92
999999.92
999999.92
999999.92
999999.92
999999.92
999999.92
999999.92
999999.92
999999.92
1000003.6
1000003.6
1000003.6
1000003.6
1000003.6
1000003.6
1000003.7
1000003.7
1000003.8
1000003.9
1000004
1000004.1
1000004.2
1000004.4
1000004.6
1000004.8
1000005
1000005.2
1000005.5
999999.81
999999.83
999999.85
999999.87
999999.88
999999.89
999999.9
999999.9
999999.91
999999.91
999999.91
999999.92
999999.92
999999.92
999999.92
999999.92
999999.92
999999.92
999999.92
999999.92
999999.92
999999.92
999999.92
999999.92
999999.92
999999.92
999999.92
999999.92
999999.92
999999.92
999999.92
999999.92
999999.92
999999.92
999999.92
999999.92
999999.92
999999.92
999999.92
999999.92
999999.92
999999.92
999999.92
999999.92
999999.92
999999.92
999999.92
999999.92
999999.92
999999.92
999999.92
999999.92
999999.92
999999.92
999999.92
999999.92
999999.92
999999.92
999999.92
999999.92
999999.92
1000003.7
1000003.7
1000003.7
1000003.7
1000003.7
1000003.7
1000003.8
1000003.8
1000003.9
1000004
1000004.1
1000004.2
1000004.3
1000004.5
1000004.7
1000004.9
1000005.1
1000005.4
1000005.3
999999.8
999999.83
999999.85
999999.87
999999.88
999999.89
999999.89
999999.9
999999.9
999999.91
999999.91
999999.91
999999.91
999999.92
999999.92
999999.92
999999.92
999999.92
999999.92
999999.92
999999.92
999999.92
999999.92
999999.92
999999.92
999999.92
999999.92
999999.92
999999.92
999999.92
999999.92
999999.92
999999.92
999999.92
999999.92
999999.92
999999.92
999999.92
999999.92
999999.92
999999.92
999999.92
999999.92
999999.92
999999.92
999999.92
999999.92
999999.92
999999.92
999999.92
999999.92
999999.92
999999.92
999999.92
999999.92
999999.92
999999.92
999999.92
999999.92
999999.92
999999.92
1000003.7
1000003.7
1000003.7
1000003.8
1000003.8
1000003.8
1000003.9
1000003.9
1000004
1000004
1000004.1
1000004.2
1000004.4
1000004.5
1000004.7
1000004.9
1000005.2
1000005.4
1000004.2
999999.8
999999.83
999999.85
999999.87
999999.88
999999.89
999999.89
999999.9
999999.9
999999.91
999999.91
999999.91
999999.91
999999.91
999999.92
999999.92
999999.92
999999.92
999999.92
999999.92
999999.92
999999.92
999999.92
999999.92
999999.92
999999.92
999999.92
999999.92
999999.92
999999.92
999999.92
999999.92
999999.92
999999.92
999999.92
999999.92
999999.92
999999.92
999999.92
999999.92
999999.92
999999.92
999999.92
999999.92
999999.92
999999.92
999999.92
999999.92
999999.92
999999.92
999999.92
999999.92
999999.92
999999.92
999999.92
999999.92
999999.92
999999.92
999999.92
999999.92
999999.92
1000003.8
1000003.8
1000003.8
1000003.8
1000003.8
1000003.9
1000003.9
1000003.9
1000004
1000004.1
1000004.1
1000004.2
1000004.4
1000004.5
1000004.7
1000004.9
1000005.1
1000005.4
1000002.4
999999.82
999999.84
999999.86
999999.87
999999.88
999999.89
999999.89
999999.9
999999.9
999999.91
999999.91
999999.91
999999.91
999999.91
999999.91
999999.92
999999.92
999999.92
999999.92
999999.92
999999.92
999999.92
999999.92
999999.92
999999.92
999999.92
999999.92
999999.92
999999.92
999999.92
999999.92
999999.92
999999.92
999999.92
999999.92
999999.92
999999.92
999999.92
999999.92
999999.92
999999.92
999999.92
999999.92
999999.92
999999.92
999999.92
999999.92
999999.92
999999.92
999999.92
999999.92
999999.92
999999.92
999999.92
999999.92
999999.92
999999.92
999999.92
999999.92
999999.92
999999.92
1000003.8
1000003.8
1000003.9
1000003.9
1000003.9
1000003.9
1000003.9
1000004
1000004
1000004.1
1000004.1
1000004.2
1000004.3
1000004.4
1000004.6
1000004.8
1000005
1000005.1
1000000.4
999999.83
999999.85
999999.86
999999.87
999999.88
999999.89
999999.89
999999.9
999999.9
999999.9
999999.91
999999.91
999999.91
999999.91
999999.91
999999.91
999999.92
999999.92
999999.92
999999.92
999999.92
999999.92
999999.92
999999.92
999999.92
999999.92
999999.92
999999.92
999999.92
999999.92
999999.92
999999.92
999999.92
999999.92
999999.92
999999.92
999999.92
999999.92
999999.92
999999.92
999999.92
999999.92
999999.92
999999.92
999999.92
999999.92
999999.92
999999.92
999999.92
999999.92
999999.92
999999.92
999999.92
999999.92
999999.92
999999.92
999999.92
999999.92
999999.92
999999.92
999999.92
1000003.9
1000003.9
1000003.9
1000003.9
1000003.9
1000003.9
1000003.9
1000004
1000004
1000004
1000004.1
1000004.1
1000004.2
1000004.3
1000004.4
1000004.6
1000004.9
1000002.7
999999.85
999999.84
999999.86
999999.87
999999.88
999999.88
999999.89
999999.89
999999.9
999999.9
999999.9
999999.91
999999.91
999999.91
999999.91
999999.91
999999.91
999999.91
999999.92
999999.92
999999.92
999999.92
999999.92
999999.92
999999.92
999999.92
999999.92
999999.92
999999.92
999999.92
999999.92
999999.92
999999.92
999999.92
999999.92
999999.92
999999.92
999999.92
999999.92
999999.92
999999.92
999999.92
999999.92
999999.92
999999.92
999999.92
999999.92
999999.92
999999.92
999999.92
999999.92
999999.92
999999.92
999999.92
999999.92
999999.92
999999.92
999999.92
999999.92
999999.92
999999.92
999999.92
1000003.9
1000003.9
1000003.9
1000003.9
1000003.9
1000003.9
1000003.9
1000004
1000004
1000004
1000004
1000004
1000004.1
1000004.1
1000004.2
1000004.3
1000003.7
1000000.1
999999.87
999999.87
999999.88
999999.88
999999.89
999999.89
999999.89
999999.9
999999.9
999999.9
999999.9
999999.91
999999.91
999999.91
999999.91
999999.91
999999.91
999999.91
999999.91
999999.91
999999.92
999999.92
999999.92
999999.92
999999.92
999999.92
999999.92
999999.92
999999.92
999999.92
999999.92
999999.92
999999.92
999999.92
999999.92
999999.92
999999.92
999999.92
999999.92
999999.92
999999.92
999999.92
999999.92
999999.92
999999.92
999999.92
999999.92
999999.92
999999.92
999999.92
999999.92
999999.92
999999.92
999999.92
999999.92
999999.92
999999.92
999999.92
999999.92
999999.92
999999.92
999999.92
1000003.9
1000003.9
1000003.9
1000003.9
1000003.9
1000003.9
1000003.9
1000004
1000004
1000004
1000003.9
1000003.9
1000003.9
1000003.9
1000003.9
1000003.7
1000000.7
999999.91
999999.89
999999.89
999999.89
999999.89
999999.89
999999.89
999999.9
999999.9
999999.9
999999.9
999999.9
999999.91
999999.91
999999.91
999999.91
999999.91
999999.91
999999.91
999999.91
999999.91
999999.91
999999.91
999999.92
999999.92
999999.92
999999.92
999999.92
999999.92
999999.92
999999.92
999999.92
999999.92
999999.92
999999.92
999999.92
999999.92
999999.92
999999.92
999999.92
999999.92
999999.92
999999.92
999999.92
999999.92
999999.92
999999.92
999999.92
999999.92
999999.92
999999.92
999999.92
999999.92
999999.92
999999.92
999999.92
999999.92
999999.92
999999.92
999999.92
999999.92
999999.92
999999.92
1000003.9
1000003.9
1000003.9
1000003.9
1000003.9
1000003.9
1000003.9
1000003.9
1000003.9
1000003.9
1000003.9
1000003.8
1000003.7
1000003.7
1000003.4
1000000.9
999999.95
999999.92
999999.91
999999.9
999999.9
999999.9
999999.9
999999.9
999999.9
999999.9
999999.9
999999.9
999999.9
999999.91
999999.91
999999.91
999999.91
999999.91
999999.91
999999.91
999999.91
999999.91
999999.91
999999.91
999999.91
999999.91
999999.91
999999.91
999999.91
999999.92
999999.92
999999.92
999999.92
999999.92
999999.92
999999.92
999999.92
999999.92
999999.92
999999.92
999999.92
999999.92
999999.92
999999.92
999999.92
999999.92
999999.92
999999.91
999999.91
999999.91
999999.91
999999.91
999999.91
999999.91
999999.91
999999.91
999999.91
999999.91
999999.91
999999.91
999999.91
999999.91
999999.91
999999.91
1000004
1000004
1000004
1000004
1000004
1000004
1000004
1000003.9
1000003.9
1000003.9
1000003.8
1000003.7
1000003.6
1000003.2
1000000.8
999999.98
999999.95
999999.93
999999.92
999999.91
999999.9
999999.9
999999.9
999999.9
999999.9
999999.9
999999.9
999999.9
999999.91
999999.91
999999.91
999999.91
999999.91
999999.91
999999.91
999999.91
999999.91
999999.91
999999.91
999999.91
999999.91
999999.91
999999.91
999999.91
999999.91
999999.91
999999.91
999999.91
999999.91
999999.91
999999.91
999999.91
999999.91
999999.91
999999.91
999999.91
999999.91
999999.91
999999.91
999999.91
999999.91
999999.91
999999.91
999999.91
999999.91
999999.91
999999.91
999999.91
999999.91
999999.91
999999.91
999999.91
999999.91
999999.91
999999.91
999999.91
999999.91
999999.91
999999.91
999999.91
1000004
1000004
1000004
1000004
1000004
1000004
1000004
1000004
1000003.9
1000003.9
1000003.8
1000003.7
1000003.2
1000000.7
999999.98
999999.97
999999.95
999999.93
999999.92
999999.91
999999.91
999999.91
999999.9
999999.9
999999.9
999999.9
999999.9
999999.91
999999.91
999999.91
999999.91
999999.91
999999.91
999999.91
999999.91
999999.91
999999.91
999999.91
999999.91
999999.91
999999.91
999999.91
999999.91
999999.91
999999.91
999999.91
999999.91
999999.91
999999.91
999999.91
999999.91
999999.91
999999.91
999999.91
999999.91
999999.91
999999.91
999999.91
999999.91
999999.91
999999.91
999999.91
999999.91
999999.91
999999.91
999999.91
999999.91
999999.91
999999.91
999999.91
999999.91
999999.91
999999.91
999999.91
999999.91
999999.91
999999.91
999999.91
999999.91
999999.91
1000004
1000004
1000004
1000004
1000004
1000004
1000004
1000004
1000004
1000003.9
1000003.9
1000002.9
1000000.4
999999.96
999999.96
999999.95
999999.94
999999.93
999999.92
999999.92
999999.91
999999.91
999999.91
999999.91
999999.9
999999.9
999999.91
999999.91
999999.91
999999.91
999999.91
999999.91
999999.91
999999.91
999999.91
999999.91
999999.91
999999.91
999999.91
999999.91
999999.91
999999.91
999999.91
999999.91
999999.91
999999.91
999999.91
999999.91
999999.91
999999.91
999999.91
999999.91
999999.91
999999.91
999999.91
999999.91
999999.91
999999.91
999999.91
999999.91
999999.91
999999.91
999999.91
999999.91
999999.91
999999.91
999999.91
999999.91
999999.91
999999.91
999999.91
999999.91
999999.91
999999.91
999999.91
999999.91
999999.91
999999.91
999999.91
999999.91
1000004
1000004
1000004
1000004
1000004
1000004
1000004
1000004
1000004
1000003.9
1000001.9
1000000
999999.94
999999.94
999999.94
999999.94
999999.93
999999.93
999999.92
999999.92
999999.91
999999.91
999999.91
999999.91
999999.91
999999.91
999999.91
999999.91
999999.91
999999.91
999999.91
999999.91
999999.91
999999.91
999999.91
999999.91
999999.91
999999.91
999999.91
999999.91
999999.91
999999.91
999999.91
999999.91
999999.91
999999.91
999999.91
999999.91
999999.91
999999.91
999999.91
999999.91
999999.91
999999.91
999999.91
999999.91
999999.91
999999.91
999999.91
999999.91
999999.91
999999.91
999999.91
999999.91
999999.91
999999.91
999999.91
999999.91
999999.91
999999.91
999999.91
999999.91
999999.91
999999.91
999999.91
999999.91
999999.91
999999.91
999999.91
999999.91
1000004
1000004
1000004
1000004
1000004
1000004
1000004
1000004
1000002.5
1000000.4
999999.91
999999.92
999999.93
999999.93
999999.93
999999.93
999999.93
999999.92
999999.92
999999.92
999999.91
999999.91
999999.91
999999.91
999999.91
999999.91
999999.91
999999.91
999999.91
999999.91
999999.91
999999.91
999999.91
999999.91
999999.91
999999.91
999999.91
999999.91
999999.91
999999.91
999999.91
999999.91
999999.91
999999.91
999999.91
999999.91
999999.91
999999.91
999999.91
999999.91
999999.91
999999.91
999999.91
999999.91
999999.91
999999.91
999999.91
999999.91
999999.91
999999.91
999999.91
999999.91
999999.91
999999.91
999999.91
999999.91
999999.91
999999.91
999999.91
999999.91
999999.91
999999.91
999999.91
999999.91
999999.91
999999.91
999999.91
999999.91
999999.91
999999.91
1000004
1000004
1000004
1000004
1000004
1000003.2
1000001.9
1000000.3
999999.9
999999.91
999999.91
999999.92
999999.92
999999.93
999999.93
999999.93
999999.92
999999.92
999999.92
999999.92
999999.91
999999.91
999999.91
999999.91
999999.91
999999.91
999999.91
999999.91
999999.91
999999.91
999999.91
999999.91
999999.91
999999.91
999999.91
999999.91
999999.91
999999.91
999999.91
999999.91
999999.91
999999.91
999999.91
999999.91
999999.91
999999.91
999999.91
999999.91
999999.91
999999.91
999999.91
999999.91
999999.91
999999.91
999999.91
999999.91
999999.91
999999.91
999999.91
999999.91
999999.91
999999.91
999999.91
999999.91
999999.91
999999.91
999999.91
999999.91
999999.91
999999.91
999999.91
999999.91
999999.91
999999.91
999999.91
999999.91
999999.91
999999.91
999999.91
999999.91
1000002.3
1000002.1
1000001.6
1000001
1000000.2
999999.91
999999.91
999999.91
999999.91
999999.91
999999.91
999999.92
999999.92
999999.92
999999.92
999999.92
999999.92
999999.92
999999.92
999999.91
999999.91
999999.91
999999.91
999999.91
999999.91
999999.91
999999.91
999999.91
999999.91
999999.91
999999.91
999999.91
999999.91
999999.91
999999.91
999999.91
999999.91
999999.91
999999.91
999999.91
999999.91
999999.91
999999.91
999999.91
999999.91
999999.91
999999.91
999999.91
999999.91
999999.91
999999.91
999999.91
999999.91
999999.91
999999.91
999999.91
999999.91
999999.91
999999.91
999999.91
999999.91
999999.91
999999.91
999999.91
999999.91
999999.91
999999.91
999999.91
999999.91
999999.91
999999.91
999999.91
999999.91
999999.91
999999.91
999999.91
999999.91
999999.91
999999.91
999999.91
999999.91
999999.91
999999.91
999999.91
999999.91
999999.91
999999.91
999999.91
999999.91
999999.91
999999.91
999999.91
999999.92
999999.92
999999.92
999999.92
999999.92
999999.92
999999.92
999999.91
999999.91
999999.91
999999.91
999999.91
999999.91
999999.91
999999.91
999999.91
999999.91
999999.91
999999.91
999999.91
999999.91
999999.91
999999.91
999999.91
999999.91
999999.91
999999.91
999999.91
999999.91
999999.91
999999.91
999999.91
999999.91
999999.91
999999.91
999999.91
999999.91
999999.91
999999.91
999999.91
999999.91
999999.91
999999.91
999999.91
999999.91
999999.91
999999.91
999999.91
999999.91
999999.91
999999.91
999999.91
999999.91
999999.91
999999.91
999999.91
999999.91
999999.91
999999.91
999999.91
999999.91
999999.91
999999.91
999999.91
999999.91
999999.91
999999.91
999999.91
999999.91
999999.91
999999.91
999999.91
999999.91
999999.91
999999.91
999999.91
999999.91
999999.91
999999.91
999999.91
999999.92
999999.92
999999.92
999999.92
999999.92
999999.91
999999.91
999999.91
999999.91
999999.91
999999.91
999999.91
999999.91
999999.91
999999.91
999999.91
999999.91
999999.91
999999.91
999999.91
999999.91
999999.91
999999.91
999999.91
999999.91
999999.91
999999.91
999999.91
999999.91
999999.91
999999.91
999999.91
999999.91
999999.91
999999.91
999999.91
999999.91
999999.91
999999.91
999999.91
999999.91
999999.91
999999.91
999999.91
999999.91
999999.91
999999.91
999999.91
999999.91
999999.91
999999.91
999999.91
999999.91
999999.91
999999.91
999999.91
999999.91
999999.91
999999.91
999999.91
999999.91
999999.91
999999.91
999999.91
999999.91
999999.91
999999.91
999999.91
999999.91
999999.91
999999.91
999999.91
999999.91
999999.91
999999.91
999999.91
999999.91
999999.91
999999.91
999999.91
999999.91
999999.91
999999.91
999999.91
999999.91
999999.91
999999.91
999999.91
999999.91
999999.91
999999.91
999999.91
999999.91
999999.91
999999.91
999999.91
999999.91
999999.91
999999.91
999999.91
999999.91
999999.91
999999.91
999999.91
999999.91
999999.91
999999.91
999999.91
999999.91
999999.91
999999.91
999999.91
999999.91
999999.91
999999.91
999999.91
999999.91
999999.91
999999.91
999999.91
999999.91
999999.91
999999.91
999999.91
999999.91
999999.91
999999.91
999999.91
999999.91
999999.91
999999.91
999999.91
999999.91
999999.91
999999.91
999999.91
999999.91
999999.91
999999.91
999999.91
999999.91
999999.91
999999.91
999999.91
999999.91
999999.91
999999.91
999999.91
999999.91
999999.91
999999.91
999999.91
999999.91
999999.91
999999.91
999999.91
999999.91
999999.91
999999.91
999999.91
999999.91
999999.91
999999.91
999999.91
999999.91
999999.91
999999.91
999999.91
999999.91
999999.91
999999.91
999999.91
999999.91
999999.91
999999.91
999999.91
999999.91
999999.91
999999.91
999999.91
999999.91
999999.91
999999.91
999999.91
999999.91
999999.91
999999.91
999999.91
999999.91
999999.91
999999.91
999999.91
999999.91
999999.91
999999.91
999999.91
999999.91
999999.91
999999.91
999999.91
999999.91
999999.91
999999.91
999999.91
999999.91
999999.91
999999.91
999999.91
999999.91
999999.91
999999.91
999999.91
999999.91
999999.91
999999.91
999999.91
999999.91
999999.91
999999.91
999999.91
999999.91
999999.91
999999.91
999999.91
999999.91
999999.91
999999.91
999999.91
999999.91
999999.91
999999.91
999999.91
999999.91
999999.91
999999.91
999999.91
999999.91
999999.91
999999.91
999999.91
999999.91
999999.91
999999.91
999999.91
999999.91
999999.91
999999.91
999999.91
999999.91
999999.91
999999.91
999999.91
999999.91
999999.91
999999.91
999999.91
999999.91
999999.91
999999.91
999999.91
999999.91
999999.91
999999.91
999999.91
999999.91
999999.91
999999.91
999999.91
999999.91
999999.91
999999.91
999999.91
999999.91
999999.91
999999.91
999999.91
999999.91
999999.91
999999.91
999999.91
999999.91
999999.91
999999.91
999999.91
999999.91
999999.91
999999.91
999999.91
999999.91
999999.91
999999.91
999999.91
999999.91
999999.91
999999.91
999999.91
999999.91
999999.91
999999.91
999999.91
999999.91
999999.91
999999.91
999999.91
999999.91
999999.91
999999.91
999999.91
999999.91
999999.91
999999.91
999999.91
999999.91
999999.91
999999.91
999999.91
999999.91
999999.91
999999.91
999999.91
999999.91
999999.91
999999.91
999999.91
999999.91
999999.91
999999.91
999999.91
999999.91
999999.91
999999.91
999999.91
999999.91
999999.91
999999.91
999999.91
999999.91
999999.91
999999.91
999999.91
999999.91
999999.91
999999.91
999999.91
999999.91
999999.91
999999.91
999999.91
999999.91
999999.91
999999.91
999999.91
999999.91
999999.91
999999.91
999999.91
999999.91
999999.91
999999.91
999999.91
999999.91
999999.91
999999.91
999999.91
999999.91
999999.91
999999.91
999999.91
999999.91
999999.91
999999.91
999999.91
999999.91
999999.91
999999.91
999999.91
999999.91
999999.91
999999.91
999999.91
999999.91
999999.91
999999.91
999999.91
999999.91
999999.91
999999.91
999999.91
999999.91
999999.91
999999.91
999999.91
999999.91
999999.91
999999.91
999999.91
999999.91
999999.91
999999.91
999999.91
999999.91
999999.91
999999.91
999999.91
999999.91
999999.91
999999.91
999999.91
999999.91
999999.91
999999.91
999999.91
999999.91
999999.91
999999.91
999999.9
999999.9
999999.9
999999.9
999999.9
999999.9
999999.9
999999.9
999999.9
999999.9
999999.9
999999.9
999999.9
999999.9
999999.9
999999.91
999999.91
999999.91
999999.91
999999.91
999999.91
999999.91
999999.91
999999.91
999999.91
999999.91
999999.91
999999.91
999999.91
999999.91
999999.91
999999.91
999999.91
999999.91
999999.91
999999.91
999999.91
999999.91
999999.91
999999.91
999999.91
999999.91
999999.91
999999.91
999999.91
999999.91
999999.91
999999.91
999999.91
999999.91
999999.91
999999.91
999999.91
999999.91
999999.91
999999.91
999999.91
999999.91
999999.91
999999.91
999999.91
999999.91
999999.91
999999.91
999999.91
999999.91
999999.91
999999.91
999999.91
999999.91
999999.91
999999.91
999999.91
999999.91
999999.91
999999.91
999999.91
999999.9
999999.9
999999.9
999999.9
999999.9
999999.9
999999.9
999999.9
999999.9
999999.9
999999.9
999999.9
999999.9
999999.9
999999.9
999999.9
999999.9
999999.9
999999.9
999999.9
999999.9
999999.9
999999.9
999999.9
999999.9
999999.9
999999.9
999999.9
999999.9
999999.9
999999.9
999999.9
999999.9
999999.9
999999.9
999999.9
999999.9
999999.9
999999.9
999999.9
999999.9
999999.9
999999.9
999999.9
999999.9
999999.9
999999.9
999999.9
999999.9
999999.9
999999.9
999999.9
999999.9
999999.9
999999.9
999999.9
999999.91
999999.91
999999.91
999999.91
999999.91
999999.91
999999.91
999999.91
999999.91
999999.91
999999.91
999999.91
999999.91
999999.91
999999.91
999999.91
999999.91
999999.91
999999.91
999999.91
999999.91
999999.91
999999.9
999999.9
999999.9
999999.9
999999.9
999999.9
999999.9
999999.9
999999.9
999999.9
999999.9
999999.9
999999.9
999999.9
999999.9
999999.9
999999.9
999999.9
999999.9
999999.9
999999.9
999999.9
999999.9
999999.9
999999.9
999999.9
999999.9
999999.9
999999.9
999999.9
999999.9
999999.9
999999.9
999999.9
999999.9
999999.9
999999.9
999999.9
999999.9
999999.9
999999.9
999999.9
999999.9
999999.9
999999.9
999999.9
999999.9
999999.9
999999.9
999999.9
999999.9
999999.9
999999.9
999999.9
999999.9
999999.9
999999.9
999999.9
999999.91
999999.91
999999.91
999999.91
999999.91
999999.91
999999.91
999999.91
999999.91
999999.91
999999.91
999999.91
999999.91
999999.91
999999.91
999999.91
999999.91
999999.91
999999.91
999999.9
999999.9
999999.9
999999.9
999999.9
999999.9
999999.9
999999.9
999999.9
999999.9
999999.9
999999.9
999999.9
999999.9
999999.9
999999.9
999999.9
999999.9
999999.9
999999.9
999999.9
999999.9
999999.9
999999.9
999999.9
999999.9
999999.9
999999.9
999999.9
999999.9
999999.9
999999.9
999999.9
999999.9
999999.9
999999.9
999999.9
999999.9
999999.9
999999.9
999999.9
999999.9
999999.9
999999.9
999999.9
999999.9
999999.9
999999.9
999999.9
999999.9
999999.9
999999.9
999999.9
999999.9
999999.9
999999.9
999999.9
999999.9
999999.9
999999.9
999999.9
999999.9
999999.9
999999.9
999999.9
999999.9
999999.9
999999.9
999999.9
999999.9
999999.9
999999.9
999999.9
999999.9
999999.9
999999.9
999999.9
999999.9
999999.9
999999.9
999999.9
999999.9
999999.9
999999.9
999999.9
999999.9
999999.9
999999.9
999999.9
999999.9
999999.9
999999.9
999999.9
999999.9
999999.9
999999.9
999999.9
999999.9
999999.9
999999.9
999999.9
999999.9
999999.9
999999.9
999999.9
999999.9
999999.9
999999.9
999999.9
999999.9
999999.9
999999.9
999999.9
999999.9
999999.9
999999.9
999999.9
999999.9
999999.9
999999.9
999999.9
999999.9
999999.9
999999.9
999999.9
999999.9
999999.9
999999.9
999999.9
999999.9
999999.9
999999.9
999999.9
999999.9
999999.9
999999.9
999999.9
999999.9
999999.9
999999.9
999999.9
999999.9
999999.9
999999.9
999999.9
999999.9
999999.9
999999.9
999999.9
999999.9
999999.9
999999.9
999999.9
999999.9
999999.9
999999.9
999999.9
999999.9
999999.9
999999.9
999999.9
999999.9
999999.9
999999.9
999999.9
999999.9
999999.9
999999.9
999999.9
999999.9
999999.9
999999.9
999999.9
999999.9
999999.9
999999.9
999999.9
999999.9
999999.9
999999.9
999999.9
999999.9
999999.9
999999.9
999999.9
999999.9
999999.9
999999.9
999999.9
999999.9
999999.9
999999.9
999999.9
999999.9
999999.9
999999.9
999999.9
999999.9
999999.9
999999.9
999999.9
999999.9
999999.9
999999.9
999999.9
999999.9
999999.9
999999.9
999999.9
999999.9
999999.9
999999.9
999999.9
999999.9
999999.9
999999.9
999999.9
999999.9
999999.9
999999.9
999999.9
999999.9
999999.9
999999.9
999999.9
999999.9
999999.9
999999.9
999999.9
999999.9
999999.9
999999.9
999999.9
999999.9
999999.9
999999.9
999999.9
999999.9
999999.9
999999.9
999999.9
999999.9
999999.9
999999.9
999999.9
999999.9
999999.9
999999.9
999999.9
999999.9
999999.9
999999.9
999999.9
999999.9
999999.9
999999.9
999999.9
999999.9
999999.9
999999.9
999999.9
999999.9
999999.9
999999.9
999999.9
999999.9
999999.9
999999.9
999999.9
999999.9
999999.9
999999.9
999999.9
999999.9
999999.9
999999.9
999999.9
999999.9
999999.9
999999.9
999999.9
999999.9
999999.9
999999.9
999999.9
999999.9
999999.9
999999.9
999999.9
999999.9
999999.9
999999.9
999999.9
999999.9
999999.9
999999.9
999999.9
999999.9
999999.9
999999.9
999999.9
999999.9
999999.9
999999.9
999999.9
999999.9
999999.9
999999.9
999999.9
999999.9
999999.9
999999.9
999999.9
999999.9
999999.9
999999.9
999999.9
999999.9
999999.9
999999.9
999999.9
999999.9
999999.9
999999.9
999999.9
999999.9
999999.9
999999.9
999999.9
999999.9
999999.9
999999.9
999999.9
999999.9
999999.9
999999.9
999999.9
999999.9
999999.9
999999.9
999999.9
999999.9
999999.9
999999.9
999999.9
999999.9
999999.9
999999.9
999999.9
999999.9
999999.9
999999.9
999999.9
999999.9
999999.9
999999.9
999999.9
999999.9
999999.9
999999.9
999999.9
999999.9
999999.9
999999.9
999999.9
999999.9
999999.9
999999.9
999999.9
999999.9
999999.9
999999.9
999999.9
999999.9
999999.9
999999.9
999999.9
999999.9
999999.9
999999.9
999999.9
999999.9
999999.9
999999.9
999999.9
999999.9
999999.9
999999.9
999999.9
999999.9
999999.9
999999.9
999999.9
999999.9
999999.9
999999.9
999999.9
999999.9
999999.9
999999.9
999999.9
999999.9
999999.9
999999.9
999999.9
999999.9
999999.9
999999.9
999999.9
999999.9
999999.9
999999.9
999999.9
999999.9
999999.9
999999.9
999999.9
999999.9
999999.9
999999.9
999999.9
999999.9
999999.9
999999.9
999999.9
999999.9
999999.9
999999.9
999999.9
999999.9
999999.9
999999.9
999999.9
999999.9
999999.9
999999.9
999999.9
999999.9
999999.9
999999.9
999999.9
999999.9
999999.9
999999.9
999999.9
999999.9
999999.9
999999.9
999999.9
999999.9
999999.9
999999.9
999999.9
999999.9
999999.9
999999.9
999999.9
999999.9
999999.9
999999.9
999999.9
999999.9
999999.9
999999.9
999999.9
999999.9
999999.9
999999.9
999999.9
999999.9
999999.9
999999.9
999999.9
999999.9
999999.9
999999.9
999999.9
999999.9
999999.9
999999.9
999999.9
999999.9
999999.9
999999.9
999999.9
999999.9
999999.9
999999.9
999999.9
999999.9
999999.9
999999.9
999999.9
999999.9
999999.9
999999.9
999999.9
999999.9
999999.9
999999.9
999999.9
999999.9
999999.9
999999.9
999999.9
999999.9
999999.9
999999.9
999999.9
999999.9
999999.9
999999.9
999999.9
999999.9
999999.9
999999.9
999999.9
999999.9
999999.9
999999.9
999999.9
999999.9
999999.9
999999.9
999999.9
999999.9
999999.9
999999.9
999999.9
999999.9
999999.9
999999.9
999999.9
999999.9
999999.9
999999.9
999999.9
999999.9
999999.9
999999.9
999999.9
999999.9
999999.9
999999.9
999999.9
999999.9
999999.9
999999.9
999999.9
999999.9
999999.9
999999.9
999999.9
999999.9
999999.9
999999.9
999999.9
999999.9
999999.9
999999.9
999999.9
999999.9
999999.9
999999.9
999999.9
999999.9
999999.9
999999.9
999999.9
999999.9
999999.9
999999.9
999999.9
999999.9
999999.9
999999.9
999999.9
999999.9
999999.9
999999.9
999999.9
999999.9
999999.9
999999.9
999999.9
999999.9
999999.9
999999.9
999999.9
999999.9
999999.9
999999.9
999999.9
999999.9
999999.9
999999.9
999999.9
999999.9
999999.9
999999.9
999999.9
999999.9
999999.9
999999.9
999999.9
999999.9
999999.9
999999.9
999999.9
999999.9
999999.9
999999.9
999999.9
999999.9
999999.9
999999.9
999999.9
999999.9
999999.9
999999.9
999999.9
999999.9
999999.9
999999.9
999999.9
999999.9
999999.9
999999.9
999999.9
999999.9
999999.9
999999.9
999999.9
999999.9
999999.9
999999.9
999999.9
999999.9
999999.9
999999.9
999999.9
999999.9
999999.9
999999.9
999999.9
999999.9
999999.9
999999.9
999999.9
999999.9
999999.9
999999.9
999999.9
999999.9
999999.9
999999.9
999999.9
999999.9
999999.9
999999.9
999999.9
999999.9
999999.9
999999.9
999999.9
999999.9
999999.9
999999.9
999999.9
999999.9
999999.9
999999.9
999999.9
999999.9
999999.9
999999.9
999999.9
999999.9
999999.9
999999.9
999999.9
999999.9
999999.9
999999.9
999999.9
999999.9
999999.9
999999.9
999999.9
999999.9
999999.9
999999.9
999999.9
999999.9
999999.9
999999.9
999999.9
999999.9
999999.9
999999.9
999999.9
999999.9
999999.9
999999.9
999999.9
999999.9
999999.9
999999.9
999999.9
999999.9
999999.9
999999.9
999999.9
999999.9
999999.9
999999.9
999999.9
999999.9
999999.9
999999.9
999999.9
999999.9
999999.9
999999.9
999999.9
999999.9
999999.9
999999.9
999999.9
999999.9
999999.9
999999.9
999999.9
999999.9
999999.9
999999.9
999999.9
999999.9
999999.9
999999.9
999999.9
999999.9
999999.9
999999.9
999999.9
999999.9
999999.9
999999.9
999999.9
999999.9
999999.9
999999.9
999999.9
999999.9
999999.9
999999.9
999999.9
999999.9
999999.9
999999.9
999999.9
999999.9
999999.9
999999.9
999999.9
999999.9
999999.9
999999.9
999999.9
999999.9
999999.9
999999.9
999999.9
999999.9
999999.9
999999.9
999999.9
999999.9
999999.9
999999.9
999999.9
)
;

boundaryField
{
    bottom
    {
        type            calculated;
        value           nonuniform List<scalar> 0();
    }
    top
    {
        type            calculated;
        value           nonuniform List<scalar> 0();
    }
    right
    {
        type            calculated;
        value           nonuniform List<scalar> 0();
    }
    back
    {
        type            wedge;
    }
    front
    {
        type            wedge;
    }
    axis
    {
        type            empty;
    }
    procBoundary2to0
    {
        type            processor;
        value           nonuniform List<scalar> 
80
(
1000000.2
1000000.2
1000000.2
1000000.2
1000000.1
1000000.1
1000000.1
1000000.1
1000000.1
1000000.1
1000000.1
1000000.1
1000000.1
1000000.1
1000000
1000000
1000000
1000000
999999.99
999999.98
999999.96
999999.95
999999.94
999999.93
999999.93
999999.92
999999.92
999999.92
999999.92
999999.92
999999.92
999999.93
999999.94
999999.95
999999.96
999999.97
999999.98
999999.99
1000000
1000000
1000000
1000000
1000000
1000000
1000000.1
1000000.1
1000000.1
1000000.1
1000000.1
1000000.1
1000000.1
1000000.1
1000000.1
1000000.1
1000000.1
1000000.1
1000000.1
1000000.1
1000000.1
1000000.1
1000000.1
1000000.1
1000000.1
1000000.1
1000000.1
1000000.1
1000000.1
1000000.1
1000000.1
1000000.1
1000000.1
1000000.1
1000000.1
1000000.1
1000000.1
1000000.1
1000000.1
1000000.1
1000000.1
1000000.1
)
;
    }
    procBoundary2to3
    {
        type            processor;
        value           nonuniform List<scalar> 
80
(
1000000.1
1000000.1
1000000.1
1000000.1
1000000.1
1000000.1
1000000.1
1000000.1
1000000
1000000
1000000
1000000
1000000
1000000
999999.99
999999.98
999999.97
999999.96
999999.95
999999.94
999999.94
999999.93
999999.93
999999.93
999999.93
999999.93
999999.93
999999.93
999999.93
999999.93
999999.93
999999.93
999999.93
999999.93
999999.93
999999.93
999999.93
999999.92
999999.92
999999.92
999999.92
999999.92
999999.92
999999.92
999999.92
999999.92
999999.92
999999.92
999999.92
999999.92
999999.92
999999.92
999999.91
999999.91
999999.91
999999.91
999999.91
999999.91
999999.91
999999.91
999999.91
999999.91
999999.91
999999.91
999999.91
999999.91
999999.91
999999.91
999999.9
999999.9
999999.9
999999.9
999999.9
999999.9
999999.9
999999.9
999999.9
999999.9
999999.9
999999.9
)
;
    }
    procBoundary2to4
    {
        type            processor;
        value           nonuniform List<scalar> 
80
(
999999.9
999999.9
999999.9
999999.9
999999.9
999999.9
999999.9
999999.9
999999.9
999999.9
999999.9
999999.9
999999.9
999999.9
999999.9
999999.9
999999.9
999999.9
999999.9
999999.9
999999.9
999999.9
999999.9
999999.9
999999.9
999999.9
999999.9
999999.9
999999.9
999999.9
999999.9
999999.9
999999.9
999999.9
999999.9
999999.9
999999.9
999999.9
999999.9
999999.9
999999.9
999999.9
999999.9
999999.9
999999.9
999999.9
999999.9
999999.9
999999.9
999999.9
999999.9
999999.9
999999.9
999999.9
999999.9
999999.9
999999.9
999999.9
999999.9
999999.9
999999.9
999999.9
999999.9
999999.9
999999.9
999999.9
999999.9
999999.9
999999.9
999999.9
999999.9
999999.9
999999.9
999999.9
999999.9
999999.9
999999.9
999999.9
999999.9
999999.9
)
;
    }
}


// ************************************************************************* //
