/*--------------------------------*- C++ -*----------------------------------*\
| =========                 |                                                 |
| \\      /  F ield         | OpenFOAM: The Open Source CFD Toolbox           |
|  \\    /   O peration     | Version:  2106                                  |
|   \\  /    A nd           | Website:  www.openfoam.com                      |
|    \\/     M anipulation  |                                                 |
\*---------------------------------------------------------------------------*/
FoamFile
{
    version     2.0;
    format      ascii;
    arch        "LSB;label=32;scalar=64";
    class       volScalarField;
    location    "0.012";
    object      reconstructedDistanceFunction;
}
// * * * * * * * * * * * * * * * * * * * * * * * * * * * * * * * * * * * * * //

dimensions      [0 1 0 0 0 0 0];

internalField   nonuniform List<scalar> 
1024
(
0
0
0
0
0
0
0
0
0
0
0
0
0
0
0
0
0
0
0
0
0
0
0
0
0
0
0
0
0
0
0
0
0
0
0
0
0
0
0
0
0
0
0
0
0
0
0
0
0
0
0
0
0
0
0
0
0
0
0
0
0
0
0
0
0
0
0
0
0
0
0
0
0
0
0
0
0
0
0
0
0
0
0
0
0
0
0
0
0
0
0
0
0
0
0
0
0
0
0
0
0
0
0
0
0
0
0
0
0
0
0
0
0
0
0
0
0
0
0
0
0
0
0
0
0
0
0
0
0
0
0
0
0
0
0
0
0
0
0
0
0
0
0
0
0
0
0
0
0
0
0
0
0
0
0
0
0
0
0
0
0
0
0
0
0
0
0
0
0
0
0
0
0
0
0
0
0
0
0
0
0
0
0
0
0
0
0
0
0
0
0
0
0
0
0
0
0
0
0
0
0
0
0
0
0
0
0
0
0
0
0
0
0
0
0
0
0
0
0
0
0
0
0
0
0
0
0
0
0
0
0
0
0
0
0
0
0
0
0
0
0
0
0
0
0
0
0
0
0
0
0
0
0
0
0
0
0
0
0
0
0
0
0
0
0
0
0
0
0
0
0
0
0
0
0
0
0
0
0
0
0
0
0
0
0
0
0
0
0
0
0
0
0
0
0
0
0
0
0
0
0
0
0
0
0
0
0
0
0
0
0
0
0
0
0
0
0
0
0
0
0
0
0
0
0
0
0
0
0
0
0
0
0
0
0
0
0
0
0
0
0
0
0
0
0
0
0
0
0
0
0
0
0
0
0
0
0
0
0
0
0
0
0
0
0
0
0
0
0
0
0
0
0
0
0
0
0
0
0
0
0
0
0
0
0.10474474
0.10491911
0.10526349
0.1057616
0.10640106
0.10714973
0.10798474
0.10887755
0.10978105
0.11068015
0.11152798
0
0
0
0
0
0
0
0
0
0
0.11152798
0.11068015
0.10978105
0.10887755
0.10798474
0.10714973
0.10640106
0.1057616
0.10526349
0.10491911
0.10474474
0.073494742
0.073670187
0.074016578
0.074516988
0.075159007
0.075910066
0.076746907
0.077640604
0.078544107
0.079442322
0.080288322
0.081051227
0.081706087
0.082218284
0.082574194
0.082754824
0.082754824
0.082574194
0.082218284
0.081706087
0.081051227
0.080288322
0.079442322
0.078544107
0.077640604
0.076746907
0.075910066
0.075159007
0.074516988
0.074016578
0.073670187
0.073494742
0.042244742
0.042421267
0.042769667
0.043272377
0.043916959
0.044670403
0.045509078
0.046403663
0.047307166
0.048204493
0.04904866
0.049809196
0.050461465
0.050971253
0.051325322
0.051504953
0.051504953
0.051325322
0.050971253
0.050461465
0.049809196
0.04904866
0.048204493
0.047307166
0.046403663
0.045509078
0.044670403
0.043916959
0.043272377
0.042769667
0.042421267
0.042244742
0.010994742
0.011172346
0.011522755
0.012027767
0.012674911
0.01343074
0.01427125
0.015166721
0.016070226
0.016966663
0.017808998
0.018567164
0.019216843
0.019724221
0.020076451
0.020255081
0.020255081
0.020076451
0.019724221
0.019216843
0.018567164
0.017808998
0.016966663
0.016070226
0.015166721
0.01427125
0.01343074
0.012674911
0.012027767
0.011522755
0.011172346
0.010994742
-0.020255257
-0.020076575
-0.019724157
-0.019216843
-0.018567137
-0.017808924
-0.016966579
-0.01607022
-0.015166714
-0.014271166
-0.013430665
-0.012674868
-0.012027778
-0.011522811
-0.01117242
-0.01099479
-0.01099479
-0.01117242
-0.011522811
-0.012027778
-0.012674868
-0.013430665
-0.014271166
-0.015166714
-0.01607022
-0.016966579
-0.017808924
-0.018567137
-0.019216843
-0.019724157
-0.020076575
-0.020255257
-0.051505257
-0.051325496
-0.050971069
-0.050461453
-0.049809185
-0.049048587
-0.048204407
-0.047307161
-0.046403654
-0.045508996
-0.044670327
-0.043916899
-0.0432724
-0.042769843
-0.042421292
-0.042244662
-0.042244662
-0.042421292
-0.042769843
-0.0432724
-0.043916899
-0.044670327
-0.045508996
-0.046403654
-0.047307161
-0.048204407
-0.049048587
-0.049809185
-0.050461453
-0.050971069
-0.051325496
-0.051505257
-0.082755257
-0.082574416
-0.082217981
-0.081706063
-0.081051233
-0.08028825
-0.079442236
-0.078544102
-0.077640595
-0.076746825
-0.075909989
-0.075158931
-0.074517021
-0.074016875
-0.073670163
-0.073494533
-0.073494533
-0.073670163
-0.074016875
-0.074517021
-0.075158931
-0.075909989
-0.076746825
-0.077640595
-0.078544102
-0.079442236
-0.08028825
-0.081051233
-0.081706063
-0.082217981
-0.082574416
-0.082755257
0
0
0
0
0
-0.11152791
-0.11068006
-0.10978104
-0.10887753
-0.10798465
-0.10714965
-0.10640096
-0.10576164
-0.10526391
-0.10491903
-0.1047444
-0.1047444
-0.10491903
-0.10526391
-0.10576164
-0.10640096
-0.10714965
-0.10798465
-0.10887753
-0.10978104
-0.11068006
-0.11152791
0
0
0
0
0
0
0
0
0
0
0
0
0
0
0
0
0
0
0
0
0
0
0
0
0
0
0
0
0
0
0
0
0
0
0
0
0
0
0
0
0
0
0
0
0
0
0
0
0
0
0
0
0
0
0
0
0
0
0
0
0
0
0
0
0
0
0
0
0
0
0
0
0
0
0
0
0
0
0
0
0
0
0
0
0
0
0
0
0
0
0
0
0
0
0
0
0
0
0
0
0
0
0
0
0
0
0
0
0
0
0
0
0
0
0
0
0
0
0
0
0
0
0
0
0
0
0
0
0
0
0
0
0
0
0
0
0
0
0
0
0
0
0
0
0
0
0
0
0
0
0
0
0
0
0
0
0
0
0
0
0
0
0
0
0
0
0
0
0
0
0
0
0
0
0
0
0
0
0
0
0
0
0
0
0
0
0
0
0
0
0
0
0
0
0
0
0
0
0
0
0
0
0
0
0
0
0
0
0
0
0
0
0
0
0
0
0
0
0
0
0
0
0
0
0
0
0
0
0
0
0
0
0
0
0
0
0
0
0
0
0
0
0
0
0
0
0
0
0
0
0
0
0
0
0
0
0
0
0
0
0
0
0
0
0
0
0
0
0
0
0
0
0
0
0
0
0
0
0
0
0
0
0
0
0
0
0
0
0
0
0
0
0
0
0
0
0
0
0
0
0
0
0
0
0
0
0
0
0
0
0
0
0
0
0
0
0
0
0
0
0
0
0
0
0
0
0
0
0
0
0
0
0
0
0
0
0
0
0
0
0
0
0
0
0
0
0
0
0
0
0
0
0
0
0
0
0
0
0
0
0
0
0
0
0
0
0
0
0
0
0
0
0
0
0
0
0
0
0
0
0
0
0
0
0
0
0
0
0
)
;

boundaryField
{
    leftWall
    {
        type            cyclic;
    }
    rightWall
    {
        type            cyclic;
    }
    lowerWall
    {
        type            calculated;
        value           uniform 0;
    }
    atmosphere
    {
        type            calculated;
        value           uniform 0;
    }
    defaultFaces
    {
        type            empty;
    }
}


// ************************************************************************* //
