/*--------------------------------*- C++ -*----------------------------------*\
| =========                 |                                                 |
| \\      /  F ield         | OpenFOAM: The Open Source CFD Toolbox           |
|  \\    /   O peration     | Version:  2106                                  |
|   \\  /    A nd           | Website:  www.openfoam.com                      |
|    \\/     M anipulation  |                                                 |
\*---------------------------------------------------------------------------*/
FoamFile
{
    version     2.0;
    format      ascii;
    arch        "LSB;label=32;scalar=64";
    class       volScalarField;
    location    "0.013";
    object      K_;
}
// * * * * * * * * * * * * * * * * * * * * * * * * * * * * * * * * * * * * * //

dimensions      [0 -1 0 0 0 0 0];

internalField   nonuniform List<scalar> 
1024
(
0
0
0
0
0
0
0
0
0
0
0
0
0
0
0
0
0
0
0
0
0
0
0
0
0
0
0
0
0
0
0
0
0
0
0
0
0
0
0
0
0
0
0
0
0
0
0
0
0
0
0
0
0
0
0
0
0
0
0
0
0
0
0
0
0
0
0
0
0
0
0
0
0
0
0
0
0
0
0
0
0
0
0
0
0
0
0
0
0
0
0
0
0
0
0
0
0
0
0
0
0
0
0
0
0
0
0
0
0
0
0
0
0
0
0
0
0
0
0
0
0
0
0
0
0
0
0
0
0
0
0
0
0
0
0
0
0
0
0
0
0
0
0
0
0
0
0
0
0
0
0
0
0
0
0
0
0
0
0
0
0
0
0
0
0
0
0
0
0
0
0
0
0
0
0
0
0
0
0
0
0
0
0
0
0
0
0
0
0
0
0
0
0
0
0
0
0
0
0
0
0
0
0
0
0
0
0
0
0
0
0
0
0
0
0
0
0
0
0
0
0
0
0
0
0
0
0
0
0
0
0
0
0
0
0
0
0
0
0
0
0
0
0
0
0
0
0
0
0
0
0
0
0
0
0
0
0
0
0
0
0
0
0
0
0
0
0
0
0
0
0
0
0
0
0
0
0
0
0
0
0
0
0
0
0
0
0
0
0
0
0
0
0
0
0
0
0
0
0
0
0
0
0
0
0
0
0
0
0
0
0
0
0
0
0
0
0
0
0
0
0
0
0
0
0
0
0
0
0
0
0
0
0
0
0
0
0
0
0
0
0
0
0
0
0
0
0
0
0
0
0
0
0
0
0
0
0
0
0
0
0
0
0
0
0
0
0
0
0
0
0
0
0
0
0
0
0
0
0
0
0
0
0
0
-0.12374536
-0.11911048
-0.10984175
-0.096611031
-0.079369427
-0.059076092
-0.036305606
-0.012157549
0.012152109
0.036319957
0.059085904
0
0
0
0
0
0
0
0
0
0
0.059085904
0.036319957
0.012152109
-0.012157549
-0.036305606
-0.059076092
-0.079369427
-0.096611031
-0.10984175
-0.11911048
-0.12374536
-0.12374536
-0.11911048
-0.10984175
-0.096611031
-0.079369427
-0.059076092
-0.036305606
-0.012157549
0.012152109
0.036319957
0.059085904
0.079368756
0.096610158
0.10983795
0.11910168
0.12374094
0.12374094
0.11910168
0.10983795
0.096610158
0.079368756
0.059085904
0.036319957
0.012152109
-0.012157549
-0.036305606
-0.059076092
-0.079369427
-0.096611031
-0.10984175
-0.11911048
-0.12374536
-0.12374536
-0.11911048
-0.10984175
-0.096611031
-0.079369427
-0.059076092
-0.036305606
-0.012157549
0.012152109
0.036319957
0.059085904
0.079368756
0.096610158
0.10983795
0.11910168
0.12374094
0.12374094
0.11910168
0.10983795
0.096610158
0.079368756
0.059085904
0.036319957
0.012152109
-0.012157549
-0.036305606
-0.059076092
-0.079369427
-0.096611031
-0.10984175
-0.11911048
-0.12374536
-0.12374536
-0.11911048
-0.10984175
-0.096611031
-0.079369427
-0.059076092
-0.036305606
-0.012157549
0.012152109
0.036319957
0.059085904
0.079368756
0.096610158
0.10983795
0.11910168
0.12374094
0.12374094
0.11910168
0.10983795
0.096610158
0.079368756
0.059085904
0.036319957
0.012152109
-0.012157549
-0.036305606
-0.059076092
-0.079369427
-0.096611031
-0.10984175
-0.11911048
-0.12374536
-0.12374536
-0.11911048
-0.10984175
-0.096611031
-0.079369427
-0.059076092
-0.036305606
-0.012157549
0.012152109
0.036319957
0.059085904
0.079368756
0.096610158
0.10983795
0.11910168
0.12374094
0.12374094
0.11910168
0.10983795
0.096610158
0.079368756
0.059085904
0.036319957
0.012152109
-0.012157549
-0.036305606
-0.059076092
-0.079369427
-0.096611031
-0.10984175
-0.11911048
-0.12374536
-0.12374536
-0.11911048
-0.10984175
-0.096611031
-0.079369427
-0.059076092
-0.036305606
-0.012157549
0.012152109
0.036319957
0.059085904
0.079368756
0.096610158
0.10983795
0.11910168
0.12374094
0.12374094
0.11910168
0.10983795
0.096610158
0.079368756
0.059085904
0.036319957
0.012152109
-0.012157549
-0.036305606
-0.059076092
-0.079369427
-0.096611031
-0.10984175
-0.11911048
-0.12374536
-0.12374536
-0.11911048
-0.10984175
-0.096611031
-0.079369427
-0.059076092
-0.036305606
-0.012157549
0.012152109
0.036319957
0.059085904
0.079368756
0.096610158
0.10983795
0.11910168
0.12374094
0.12374094
0.11910168
0.10983795
0.096610158
0.079368756
0.059085904
0.036319957
0.012152109
-0.012157549
-0.036305606
-0.059076092
-0.079369427
-0.096611031
-0.10984175
-0.11911048
-0.12374536
0
0
0
0
0
-0.059076092
-0.036305606
-0.012157549
0.012152109
0.036319957
0.059085904
0.079368756
0.096610158
0.10983795
0.11910168
0.12374094
0.12374094
0.11910168
0.10983795
0.096610158
0.079368756
0.059085904
0.036319957
0.012152109
-0.012157549
-0.036305606
-0.059076092
0
0
0
0
0
0
0
0
0
0
0
0
0
0
0
0
0
0
0
0
0
0
0
0
0
0
0
0
0
0
0
0
0
0
0
0
0
0
0
0
0
0
0
0
0
0
0
0
0
0
0
0
0
0
0
0
0
0
0
0
0
0
0
0
0
0
0
0
0
0
0
0
0
0
0
0
0
0
0
0
0
0
0
0
0
0
0
0
0
0
0
0
0
0
0
0
0
0
0
0
0
0
0
0
0
0
0
0
0
0
0
0
0
0
0
0
0
0
0
0
0
0
0
0
0
0
0
0
0
0
0
0
0
0
0
0
0
0
0
0
0
0
0
0
0
0
0
0
0
0
0
0
0
0
0
0
0
0
0
0
0
0
0
0
0
0
0
0
0
0
0
0
0
0
0
0
0
0
0
0
0
0
0
0
0
0
0
0
0
0
0
0
0
0
0
0
0
0
0
0
0
0
0
0
0
0
0
0
0
0
0
0
0
0
0
0
0
0
0
0
0
0
0
0
0
0
0
0
0
0
0
0
0
0
0
0
0
0
0
0
0
0
0
0
0
0
0
0
0
0
0
0
0
0
0
0
0
0
0
0
0
0
0
0
0
0
0
0
0
0
0
0
0
0
0
0
0
0
0
0
0
0
0
0
0
0
0
0
0
0
0
0
0
0
0
0
0
0
0
0
0
0
0
0
0
0
0
0
0
0
0
0
0
0
0
0
0
0
0
0
0
0
0
0
0
0
0
0
0
0
0
0
0
0
0
0
0
0
0
0
0
0
0
0
0
0
0
0
0
0
0
0
0
0
0
0
0
0
0
0
0
0
0
0
0
0
0
0
0
0
0
0
0
0
0
0
0
0
0
0
0
0
0
0
0
0
0
0
0
)
;

boundaryField
{
    leftWall
    {
        type            cyclic;
    }
    rightWall
    {
        type            cyclic;
    }
    lowerWall
    {
        type            zeroGradient;
    }
    atmosphere
    {
        type            zeroGradient;
    }
    defaultFaces
    {
        type            empty;
    }
}


// ************************************************************************* //
