/*--------------------------------*- C++ -*----------------------------------*\
| =========                 |                                                 |
| \\      /  F ield         | OpenFOAM: The Open Source CFD Toolbox           |
|  \\    /   O peration     | Version:  2306                                  |
|   \\  /    A nd           | Website:  www.openfoam.com                      |
|    \\/     M anipulation  |                                                 |
\*---------------------------------------------------------------------------*/
FoamFile
{
    version     2.0;
    format      ascii;
    arch        "LSB;label=32;scalar=64";
    class       volScalarField;
    location    "0.55";
    object      reconstructedDistanceFunction;
}
// * * * * * * * * * * * * * * * * * * * * * * * * * * * * * * * * * * * * * //

dimensions      [0 1 0 0 0 0 0];

internalField   nonuniform List<scalar> 
6400
(
0
0
0
0
0
0
0
0
0
0
0
0
0
0
0
0
0
0
0
0
0
0
0
0
0
0
0
0
0
0
0
0
0
0
0
0
0
0
0
0
0
0
0
0
0
0
0
0
0
0
0
0
0
0
0
0
0
0
0
0
0
0
0
0
0
0
0
0
0
0
0
0
0
0
0
0
0
0
0
0
0
0
0
0
0
0
0
0
0
0
0
0
0
0
0
0
0
0
0
0
0
0
0
0
0
0
0
0
0
0
0
0
0
0
0
0
0
0
0
0
0
0
0
0
0
0
0
0
0
0
0
0
0
0
0
0
0
0
0
0
0
0
0
0
0
0
0
0
0
0
0
0
0
0
0
0
0
0
0
0
0
0
0
0
0
0
0
0
0
0
0
0
0
0
0
0
0
0
0
0
0
0
0
0
0
0
0
0
0
0
0
0
0
0
0
0
0
0
0
0
0
0
0
0
0
0
0
0
0
0
0
0
0
0
0
0
0
0
0
0
0
0
0
0
0
0
0
0
0
0
0
0
0
0
0
0
0
0
0
0
0
0
0
0
0
0
0
0
0
0
0
0
0
0
0
0
0
0
0
0
0
0
0
0
0
0
0
0
0
0
0
0
0
0
0
0
0
0
0
0
0
0
0
0
0
0
0
0
0
0
0
0
0
0
0
0
0
0
0
0
0
0
0
0
0
0
0
0
0
0
0
0
0
0
0
0
0
0
0
0
0
0
0
0
0
0
0
0
0
0
0
0
0
0
0
0
0
0
0
0
0
0
0
0
0
0
0
0
0
0
0
0
0
0
0
0
0
0
0
0
0
0
0
0
0
0
0
0
0
0
0
0
0
0
0
0
0
0
0
0
0
0
0
0
0
0
0
0
0
0
0
0
0
0
0
0
0
0
0
0
0
0
0
0
0
0
0
0
0
0
0
0
0
0
0
0
0
0
0
0
0
0
0
0
0
0
0
0
0
0
0
0
0
0
0
0
0
0
0
0
0
0
0
0
0
0
0
0
0
0
0
0
0
0
0
0
0
0
0
0
0
0
0
0
0
0
0
0
0
0
0
0
0
0
0
0
0
0
0
0
0
0
0
0
0
0
0
0
0
0
0
0
0
0
0
0
0
0
0
0
0
0
0
0
0
0
0
0
0
0
0
0
0
0
0
0
0
0
0
0
0
0
0
0
0
0
0
0
0
0
0
0
0
0
0
0
0
0
0
0
0
0
0
0
0
0
0
0
0
0
0
0
0
0
0
0
0
0
0
0
0
0
0
0
0
0
0
0
0
0
0
0
0
0
0
0
0
0
0
0
0
0
0
0
0
0
0
0
0
0
0
0
0
0
0
0
0
0
0
0
0
0
0
0
0
0
0
0
0
0
0
0
0
0
0
0
0
0
0
0
0
0
0
0
0
0
0
0
0
0
0
0
0
0
0
0
0
0
0
0
0
0
0
0
0
0
0
0
0
0
0
0
0
0
0
0
0
0
0
0
0
0
0
0
0
0
0
0
0
0
0
0
0
0
0
0
0
0
0
0
0
0
0
0
0
0
0
0
0
0
0
0
0
0
0
0
0
0
0
0
0
0
0
0
0
0
0
0
0
0
0
0
0
0
0
0
0
0
0
0
0
0
0
0
0
0
0
0
0
0
0
0
0
0
0
0
0
0
0
0
0
0
0
0
0
0
0
0
0
0
0
0
0
0
0
0
0
0
0
0
0
0
0
0
0
0
0
0
0
0
0
0
0
0
0
0
0
0
0
0
0
0
0
0
0
0
0
0
0
0
0
0
0
0
0
0
0
0
0
0
0
0
0
0
0
0
0
0
0
0
0
0
0
0
0
0
0
0
0
0
0
0
0
0
0
0
0
0
0
0
0
0
0
0
0
0
0
0
0
0
0
0
0
0
0
0
0
0
0
0
0
0
0
0
0
0
0
0
0
0
0
0
0
0
0
0
0
0
0
0
0
0
0
0
0
0
0
0
0
0
0
0
0
0
0
0
0
0
0
0
0
0
0
0
0
0
0
0
0
0
0
0
0
0
0
0
0
0
0
0
0
0
0
0
0
0
0
0
0
0
0
0
0
0
0
0
0
0
0
0
0
0
0
0
0
0
0
0
0
0
0
0
0
0
0
0
0
0
0
0
0
0
0
0
0
0
0
0
0
0
0.06500555
0.078329428
0.07785462
0.086591371
0.095365459
0.10415652
0
0
0
0
0
0
0
0
0
0
0
0
0
0
0
0
0
0
0
0
0
0
0
0
0
0
0
0
0
0
0
0
0
0
0
0
0
0
0
0
0
0
0
0
0
0
0
0
0
0
0
0
0
0
0
0
0
0
0
0
0
0
0
0
0
0
0
0
0
0
0
0
0
0
0.044997577
0.058321455
0.054462437
0.063199189
0.071973276
0.080764335
0
0
0
0
0
0
0
0
0
0
0
0
0
0
0
0
0
0
0
0
0
0
0
0
0
0
0
0
0
0
0
0
0
0
0
0
0
0
0
0
0
0
0
0
0
0
0
0
0
0
0
0
0
0
0
0
0
0
0
0
0
0
0
0
0
0
0
0
0
0
0
0
0
0
0.024989603
0.037471724
0.031070254
0.039807006
0.048581093
0.057372152
0
0
0
0
0
0
0
0
0
0
0
0
0
0
0
0
0
0
0
0
0
0
0
0
0
0
0
0
0
0
0
0
0
0
0
0
0
0
0
0
0
0
0
0
0
0
0
0
0
0
0
0
0
0
0
0
0
0
0
0
0
0
0
0
0
0
0
0
0
0
0
0
0
0
0.0049816298
0.013064871
0.0076780715
0.016414823
0.02518891
0.033979969
0
0
0
0
0
0
0
0
0
0
0
0
0
0
0
0
0
0
0
0
0
0
0
0
0
0
0
0
0
0
0
0
0
0
0
0
0
0
0
0
0
0
0
0
0
0
0
0
0.10293496
0.096317464
0.09009997
0.084458747
0.07934487
0.074875794
0.071169037
0.068218286
0.066075319
0.064731849
0.064175483
0.06440916
0.065392983
0.067087293
0.069439121
0.072368402
0.075780327
0.079558519
0.083636028
0.087866763
0.092157945
0.096476421
0.1006868
0
0
0
-0.0017923126
0.0095481543
0.0026227184
0.023527908
0.044522436
0.010587786
0
0
0
0
0
0
0
0
0
0
0
0
0
0
0
0
0
0
0
0
0
0
0
0
0
0
0
0
0
0
0
0
0
0
0
0
0
0
0
0
0
0
0
0
0.1089245
0.10109021
0.093377597
0.085997501
0.078900546
0.072149215
0.065803229
0.060026826
0.054803901
0.050278509
0.046443512
0.043381445
0.04115214
0.039754442
0.039176128
0.039418254
0.040436578
0.042185022
0.044601921
0.047597264
0.05106748
0.0549094
0.058999643
0.063238683
0.067560994
0.071853756
0.076050161
0.08001407
0.083671617
0.087004406
-0.02313746
-0.011382317
0.00076943805
0.024820671
0.048974687
0.073175423
0
0
0
0
0
0
0
0
0
0
0
0
0
0
0
0
0
0
0
0
0
0
0
0
0
0
0
0
0
0
0
0
0
0
0
0
0
0
0
0
0
0.10955915
0.10141397
0.093207865
0.085223641
0.077343971
0.069567025
0.062070325
0.054866133
0.047980966
0.041506488
0.035704972
0.030351154
0.025681225
0.021717986
0.018544605
0.016228961
0.014777035
0.014176773
0.014427348
0.015480173
0.017282751
0.019764721
0.022826126
0.026354633
0.030240993
0.034359506
0.038610603
0.042931052
0.047206709
0.051368787
0.055287153
0.058891834
0.062179303
0.00094392181
0.0024735945
0.01521912
0.030767135
0.054921152
0.079121887
0
0
0
0
0
0
0
0
0
0
0
0
0
0
0
0
0
0
0
0
0
0
0
0
0
0
0
0
0
0
0
0
0
0
0
0
0
0
0.11017761
0.10218614
0.093991515
0.085912081
0.077787073
0.069585245
0.061522779
0.053597733
0.045756453
0.038158942
0.030898341
0.023950994
0.017417909
0.011383118
0.0058984073
0.0010839406
-0.0030075398
-0.0062922361
-0.0086942179
-0.010200372
-0.010822582
-0.010563558
-0.0094762315
-0.0076195197
-0.0050724793
-0.0019450112
0.0016417868
0.0055725853
0.0097193681
0.013975561
0.018301109
0.022559663
0.026687413
0.030560235
0.034112051
0.0373542
0.025025303
0.025389599
0.035160371
0.050383164
0.06722796
0.085068351
0
0
0
0
0
0
0
0
0
0
0
0
0
0
0
0
0
0
0
0
0
0
0
0
0
0
0
0
0
0
0
0
0
0
0
0.10943135
0.10197102
0.094253502
0.086440538
0.078516589
0.070391503
0.062265008
0.054160174
0.045946768
0.037807719
0.029867981
0.022034052
0.014323914
0.006971165
-8.3418766e-05
-0.0067503397
-0.012974828
-0.01855434
-0.023513344
-0.027733065
-0.031129077
-0.033617397
-0.03517778
-0.035821937
-0.035554463
-0.034432636
-0.03252179
-0.02990968
-0.026716149
-0.02307106
-0.019095822
-0.014920769
-0.010651798
-0.006328834
-0.002087384
0.0020060386
0.0058333177
0.0093322686
0.012529096
0.049106685
0.048305603
0.058076375
0.068774093
0.085618888
0.10249627
0
0
0
0
0
0
0
0
0
0
0
0
0
0
0
0
0
0
0
0
0
0
0
0
0
0
0
0
0
0
0
0
0.10642785
0.099733022
0.092729898
0.085516296
0.078144122
0.070480811
0.06270347
0.054847039
0.046751683
0.038583135
0.030505526
0.022362289
0.014153646
0.0061671196
-0.0017121859
-0.0094839572
-0.016956011
-0.024117832
-0.030918589
-0.03727157
-0.043007086
-0.048110628
-0.052458591
-0.055965918
-0.058540576
-0.060155187
-0.060821292
-0.060545369
-0.059389041
-0.057424061
-0.05474688
-0.051487287
-0.047783906
-0.043764229
-0.039560907
-0.035279156
-0.030958777
-0.026734431
-0.022675336
-0.0188936
-0.015447514
-0.012361932
0.073188067
0.071221607
0.080992379
0.090890044
0.10400982
0.12088719
0
0
0
0
0
0
0
0
0
0
0
0
0
0
0
0
0
0
0
0
0
0
0
0
0
0
0
0
0
0.10066721
0.094806921
0.088727422
0.082298494
0.075691546
0.068753168
0.061601244
0.054317227
0.046708119
0.038923132
0.031121242
0.023130919
0.014938074
0.0068584535
-0.00126461
-0.0094676294
-0.017533742
-0.025458424
-0.033294529
-0.040888568
-0.048128002
-0.055032977
-0.061568311
-0.067365675
-0.072661936
-0.077176993
-0.080802758
-0.083463755
-0.085132594
-0.085820647
-0.085536275
-0.084345446
-0.082326332
-0.07958408
-0.076258424
-0.072496753
-0.068432636
-0.06419789
-0.059906514
-0.05558872
-0.051381477
-0.04735671
-0.043620517
-0.040227297
-0.037192259
0
0
0
0
0
0
0
0
0
0
0
0
0
0
0
0
0
0
0
0
0
0
0
0
0
0
0
0
0
0
0.10050158
0.096371834
0.091816811
0.086987156
0.081801915
0.076329534
0.070540025
0.064518575
0.058169139
0.05165007
0.044776437
0.037666435
0.0304016
0.022922378
0.015198892
0.0073841741
-0.00053863143
-0.0086614626
-0.016788619
-0.024891509
-0.033106107
-0.04124651
-0.04918855
-0.057022114
-0.064723596
-0.072055179
-0.07906739
-0.0856499
-0.091687529
-0.097114683
-0.10177428
0
0
0
0
0
0
0
0
0
-0.097159263
-0.093067652
-0.08882597
-0.084504145
-0.080214521
-0.076028524
-0.072038084
-0.068347435
-0.06500708
-0.062022585
0
0
0.11944257
0.1031073
0.092261035
0.081393789
0.083734387
0.077900587
0.075929919
0.076815422
0.076447814
0.077015883
0.078780247
0.080010955
0.082066169
0.083961098
0.085733954
0.087641241
0.089065185
0.090437157
0.091343027
0
0
0.091779395
0.091039304
0.08972721
0.087936147
0.085644551
0.082811124
0.079529115
0.075854607
0.071749825
0.067276101
0.062500825
0.057417287
0.051967127
0.046275803
0.040313922
0.034042322
0.027499942
0.020752754
0.013697674
0.0064865486
-0.00090451636
-0.0085737997
-0.016352894
-0.024208182
-0.032301283
-0.040470318
-0.048548113
-0.056689405
-0.064900583
-0.072889411
-0.080768352
-0.088534948
-0.095982355
-0.1031018
0
0
0
0
0
0
0
0
0
0
0
0
0
0
0
0
0
0
0
-0.096759345
-0.093097764
-0.089723268
-0.086852911
0
0.11630089
0.09954116
0.084554699
0.069764288
0.058897041
0.058486624
0.054811587
0.051007915
0.051815566
0.051451479
0.052041938
0.053830602
0.055072487
0.05714246
0.059032169
0.060798633
0.062694828
0.064102432
0.065460553
0.066353393
0.066926364
0.067095637
0.066784067
0.066057249
0.064770549
0.063011123
0.060758079
0.057979957
0.054751502
0.051132037
0.047086445
0.042705704
0.037967746
0.032941953
0.027564516
0.021938126
0.015996792
0.0098486531
0.0033705866
-0.0032887215
-0.010255966
-0.017428503
-0.024731411
-0.032346491
-0.040131685
-0.047935136
-0.055924315
-0.064074621
-0.072195186
-0.080316304
-0.088520515
-0.096590273
-0.10451459
0
0
0
0
0
0
0
0
0
0
0
0
0
0
0
0
0
0
0
0
0
0
0
0
0
0
0
0.1017287
0.081866299
0.06465329
0.04726754
0.036400294
0.034084117
0.030184742
0.026085911
0.02681571
0.026455145
0.027067993
0.028880957
0.030134019
0.032218752
0.03410324
0.035863312
0.037725768
0.039139678
0.040483949
0.041363758
0.041928869
0.042095702
0.041788739
0.041075194
0.039813889
0.038086153
0.035871606
0.03314879
0.029973889
0.026409467
0.022423066
0.018109203
0.013424979
0.0084666194
0.0031619042
-0.0023995513
-0.0082701028
-0.014345015
-0.020758768
-0.027330197
-0.034232697
-0.041345741
-0.048628163
-0.056126275
-0.063855733
-0.071672204
-0.079593866
-0.087714441
-0.095842259
-0.1039432
0
0
0
0
0
0
0
0
0
0
0
0
0
0
0
0
0
0
0
0
0
0
0
0
0
0
0
0
0
0
0.087156513
0.06729411
0.047173754
0.029701374
0.013903546
0.0096816111
0.005557896
0.0011639063
0.0018158546
0.0014588103
0.0020940487
0.0039313128
0.0051955507
0.0072950432
0.0091743104
0.01092799
0.012776908
0.014176924
0.015507346
0.016374124
0.016931374
0.017095767
0.016793411
0.01609314
0.014857228
0.01315803
0.010985134
0.0083176224
0.0051962761
0.0016868971
-0.0022403133
-0.0064872982
-0.011115732
-0.016008714
-0.021240707
-0.026737228
-0.032536998
-0.038555455
-0.044836466
-0.051427983
-0.05822753
-0.065314503
-0.072543215
-0.07995317
-0.087628425
-0.095409272
-0.10326342
0
0
0
0
0
0
0
0
0
0
0
0
0
0
0
0
0
0
0
0
0
0
0
0
0
0
0
0
0
0
0
0
0
0.080986104
0.057763364
0.032601565
0.012395225
-0.0052796522
-0.01379446
-0.01906895
-0.023758098
-0.023184001
-0.023537524
-0.022879896
-0.021018332
-0.019742917
-0.017628665
-0.015754619
-0.014007331
-0.012171952
-0.01078583
-0.0094692583
-0.0086155103
-0.0080661216
-0.0079041675
-0.0082019168
-0.0088889152
-0.010099433
-0.011770092
-0.013901338
-0.016513545
-0.019581337
-0.023035673
-0.026903693
-0.031083799
-0.035656442
-0.040440306
-0.045643319
-0.051074905
-0.056790979
-0.062760108
-0.069030134
-0.075557339
-0.082269006
-0.089265117
-0.096458267
-0.10378006
0
0
0
0
0
0
0
0
0
0
0
0
0
0
0
0
0
0
0
0
0
0
0
0
0
0
0
0
0
0
0
0
0
0
0
0
0.07318147
0.049958729
0.026434395
0.0028095286
-0.020861033
-0.037757918
-0.043695795
-0.048680102
-0.048183857
-0.048533859
-0.047853841
-0.045967976
-0.044681385
-0.042552374
-0.040683548
-0.038942652
-0.037120812
-0.035748584
-0.034445862
-0.033605145
-0.033063617
-0.032904102
-0.033197245
-0.03387097
-0.035056094
-0.036698214
-0.03878781
-0.041344712
-0.04435895
-0.047758243
-0.051567072
-0.0556803
-0.060197153
-0.064973385
-0.070053938
-0.075478127
-0.081128656
-0.08708025
-0.093223803
-0.099686694
-0.10631048
0
0
0
0
0
0
0
0
0
0
0
0
0
0
0
0
0
0
0
0
0
0
0
0
0
0
0
0
0
0
0
0
0
0
0
0
0
0
0
0.072907906
0.048470509
0.023715743
-0.0011448121
-0.026053454
-0.050987988
-0.068322641
-0.072620326
-0.073183712
-0.073530193
-0.072827785
-0.070917621
-0.069619853
-0.067476082
-0.065612478
-0.063877973
-0.062069672
-0.060711338
-0.059422466
-0.058594779
-0.058061112
-0.057904037
-0.058192573
-0.058853025
-0.060012755
-0.061626337
-0.063674283
-0.066175879
-0.069136562
-0.072480813
-0.076230451
-0.080318849
-0.084749952
-0.089506463
-0.094529272
-0.099880738
0
0
0
0
0
0
0
0
0
0
0
0
0
0
0
0
0
0
0
0
0
0
0
0
0
0
0
0
0
0
0
0
0
0
0
0
0
0
0
0
0
0
0
0
0.073841323
0.049576425
0.024996399
0.00031132949
-0.024421487
-0.049180012
-0.07384958
-0.097247171
-0.098183568
0
0
0
0
-0.09239979
-0.090541407
-0.088813295
-0.087018532
-0.085674092
-0.08439907
-0.083584413
-0.083058607
-0.082903972
-0.083187901
-0.083835079
-0.084969415
-0.086554459
-0.088473527
-0.091007046
-0.093914175
0
0
0
0
0
0
0
0
0
0
0
0
0
0
0
0
0
0
0
0
0
0
0
0
0
0
0
0
0
0
0
0
0
0
0
0
0
0
0
0
0
0
0
0
0
0
0
0
0
0
0
0.076865829
0.053068413
0.02886318
0.0045545064
-0.019801186
-0.044182196
-0.068310482
-0.092405387
0
0
0
0
0
0
0
0
0
0
0
0
0
0
0
0
0
0
0
0
0
0
0
0
0
0
0
0
0
0
0
0
0
0
0
0
0
0
0
0
0
0
0
0
0
0
0
0
0
0
0
0
0
0
0
0
0
0
0
0
0
0
0
0
0
0
0
0
0
0
0
0
0.082234505
0.058336524
0.034439857
0.010441068
-0.013930214
-0.037940301
-0.061421177
-0.085201375
-0.10898813
0
0
0
0
0
0
0
0
0
0
0
0
0
0
0
0
0
0
0
0
0
0
0
0
0
0
0
0
0
0
0
0
0
0
0
0
0
0
0
0
0
0
0
0
0
0
0
0
0
0
0
0
0
0
0
0
0
0
0
0
0
0
0
0
0
0
0
0
0
0
0
0.088131108
0.064599728
0.040762745
0.017453557
-0.0062775942
-0.030033414
-0.053729409
-0.077363401
-0.10100391
0
0
0
0
0
0
0
0
0
0
0
0
0
0
0
0
0
0
0
0
0
0
0
0
0
0
0
0
0
0
0
0
0
0
0
0
0
0
0
0
0
0
0
0
0
0
0
0
0
0
0
0
0
0
0
0
0
0
0
0
0
0
0
0
0
0
0
0
0
0
0
0.09562277
0.072340586
0.048756037
0.02515055
0.0015653032
-0.02204446
-0.045534851
-0.069126564
-0.093076577
0
0
0
0
0
0
0
0
0
0
0
0
0
0
0
0
0
0
0
0
0
0
0
0
0
0
0
0
0
0
0
0
0
0
0
0
0
0
0
0
0
0
0
0
0
0
0
0
0
0
0
0
0
0
0
0
0
0
0
0
0
0
0
0
0
0
0
0
0
0
0
0.10332933
0.080190286
0.05675074
0.033341656
0.0097986003
-0.01412198
-0.03769337
-0.061045177
-0.084579777
-0.10811901
0
0
0
0
0
0
0
0
0
0
0
0
0
0
0
0
0
0
0
0
0
0
0
0
0
0
0
0
0
0
0
0
0
0
0
0
0
0
0
0
0
0
0
0
0
0
0
0
0
0
0
0
0
0
0
0
0
0
0
0
0
0
0
0
0
0
0
0
0
0
0
0.088420587
0.064668742
0.04118192
0.017870841
-0.0056331562
-0.029151797
-0.052721041
-0.076219893
-0.099483889
0
0
0
0
0
0
0
0
0
0
0
0
0
0
0
0
0
0
0
0
0
0
0
0
0
0
0
0
0
0
0
0
0
0
0
0
0
0
0
0
0
0
0
0
0
0
0
0
0
0
0
0
0
0
0
0
0
0
0
0
0
0
0
0
0
0
0
0
0
0
0
0.096270556
0.073149956
0.049715694
0.026187918
0.0027196229
-0.020763295
-0.044020504
-0.067524852
-0.091362952
0
0
0
0
0
0
0
0
0
0
0
0
0
0
0
0
0
0
0
0
0
0
0
0
0
0
0
0
0
0
0
0
0
0
0
0
0
0
0
0
0
0
0
0
0
0
0
0
0
0
0
0
0
0
0
0
0
0
0
0
0
0
0
0
0
0
0
0
0
0
0
0.10479498
0.081495879
0.058097212
0.034889628
0.011415843
-0.012400111
-0.035905563
-0.059305124
-0.082861283
-0.10642087
0
0
0
0
0
0
0
0
0
0
0
0
0
0
0
0
0
0
0
0
0
0
0
0
0
0
0
0
0
0
0
0
0
0
0
0
0
0
0
0
0
0
0
0
0
0
0
0
0
0
0
0
0
0
0
0
0
0
0
0
0
0
0
0
0
0
0
0
0
0
0
0.09019324
0.066463106
0.043006134
0.019644387
-0.0038911669
-0.027436203
-0.051072072
-0.074694891
-0.098321144
0
0
0
0
0
0
0
0
0
0
0
0
0
0
0
0
0
0
0
0
0
0
0
0
0
0
0
0
0
0
0
0
0
0
0
0
0
0
0
0
0
0
0
0
0
0
0
0
0
0
0
0
0
0
0
0
0
0
0
0
0
0
0
0
0
0
0
0
0
0
0
0.098430272
0.074979157
0.051482683
0.027885735
0.0042835793
-0.019328085
-0.04277662
-0.066481696
-0.09043697
0
0
0
0
0
0
0
0
0
0
0
0
0
0
0
0
0
0
0
0
0
0
0
0
0
0
0
0
0
0
0
0
0
0
0
0
0
0
0
0
0
0
0
0
0
0
0
0
0
0
0
0
0
0
0
0
0
0
0
0
0
0
0
0
0
0
0
0
0
0
0
0.10667945
0.083161975
0.05959901
0.036184231
0.01249989
-0.011441351
-0.03516423
-0.058871616
-0.082719807
-0.10657063
0
0
0
0
0
0
0
0
0
0
0
0
0
0
0
0
0
0
0
0
0
0
0
0
0
0
0
0
0
0
0
0
0
0
0
0
0
0
0
0
0
0
0
0
0
0
0
0
0
0
0
0
0
0
0
0
0
0
0
0
0
0
0
0
0
0
0
0
0
0
0
0.091381053
0.067488012
0.04379598
0.020094959
-0.0037385067
-0.02757854
-0.051464726
-0.075481608
-0.099501144
0
0
0
0
0
0
0
0
0
0
0
0
0
0
0
0
0
0
0
0
0
0
0
0
0
0
0
0
0
0
0
0
0
0
0
0
0
0
0
0
0
0
0
0
0
0
0
0
0
0
0
0
0
0
0
0
0
0
0
0
0
0
0
0
0
0
0
0
0
0
0
0.098960519
0.07517621
0.051367178
0.027443596
0.0034415439
-0.020567122
-0.044521751
-0.068690924
-0.092862767
0
0
0
0
0
0
0
0
0
0
0
0
0
0
0
0
0
0
0
0
0
0
0
0
0
0
0
0
0
0
0
0
0
0
0
0
0
0
0
0
0
0
0
0
0
0
0
0
0
0
0
0
0
0
0
0
0
0
0
0
0
0
0
0
0
0
0
0
0
0
0
0.10625019
0.082297642
0.058320195
0.034287092
0.010132843
-0.014028062
-0.038291722
-0.062489958
-0.086862968
0
0
0
0
0
0
0
0
0
0
0
0
0
0
0
0
0
0
0
0
0
0
0
0
0
0
0
0
0
0
0
0
0
0
0
0
0
0
0
0
0
0
0
0
0
0
0
0
0
0
0
0
0
0
0
0
0
0
0
0
0
0
0
0
0
0
0
0
0
0
0
0
0.08888913
0.064665614
0.04049206
0.016112864
-0.0082439552
-0.032605567
-0.056970722
-0.081462255
0
0
0
0
0
0
0
0
0
0
0
0
0
0
0
0
0
0
0
0
0
0
0
0
0
0
0
0
0
0
0
0
0
0
0
0
0
0
0
0
0
0
0
0
0
0
0
0
0
0
0
0
0
0
0
0
0
0
0
0
0
0
0
0
0
0
0
0
0
0
0
0
0.094652822
0.070327676
0.045891026
0.021341238
-0.003215315
-0.0277767
-0.052341657
-0.076909328
0
0
0
0
0
0
0
0
0
0
0
0
0
0
0
0
0
0
0
0
0
0
0
0
0
0
0
0
0
0
0
0
0
0
0
0
0
0
0
0
0
0
0
0
0
0
0
0
0
0
0
0
0
0
0
0
0
0
0
0
0
0
0
0
0
0
0
0
0
0
0
0
0.099508475
0.074957412
0.050248631
0.025529895
0.00080434783
-0.023926065
-0.048660074
-0.073396816
0
0
0
0
0
0
0
0
0
0
0
0
0
0
0
0
0
0
0
0
0
0
0
0
0
0
0
0
0
0
0
0
0
0
0
0
0
0
0
0
0
0
0
0
0
0
0
0
0
0
0
0
0
0
0
0
0
0
0
0
0
0
0
0
0
0
0
0
0
0
0
0
0
0.078350863
0.05350414
0.028647407
0.003783824
-0.021084651
-0.045956743
-0.070831582
0
0
0
0
0
0
0
0
0
0
0
0
0
0
0
0
0
0
0
0
0
0
0
0
0
0
0
0
0
0
0
0
0
0
0
0
0
0
0
0
0
0
0
0
0
0
0
0
0
0
0
0
0
0
0
0
0
0
0
0
0
0
0
0
0
0
0
0
0
0
0
0
0
0.080294467
0.055357068
0.030409621
0.005455299
-0.019503933
-0.044466794
-0.069432414
0
0
0
0
0
0
0
0
0
0
0
0
0
0
0
0
0
0
0
0
0
0
0
0
0
0
0
0
0
0
0
0
0
0
0
0
0
0
0
0
0
0
0
0
0
0
0
0
0
0
0
0
0
0
0
0
0
0
0
0
0
0
0
0
0
0
0
0
0
0
0
0
0
0.080608525
0.055656369
0.03069416
0.0057250721
-0.019248929
-0.044226561
-0.069206954
0
0
0
0
0
0
0
0
0
0
0
0
0
0
0
0
0
0
0
0
0
0
0
0
0
0
0
0
0
0
0
0
0
0
0
0
0
0
0
0
0
0
0
0
0
0
0
0
0
0
0
0
0
0
0
0
0
0
0
0
0
0
0
0
0
0
0
0
0
0
0
0
0.10388637
0.079035592
0.054169335
0.029293059
0.0044099283
-0.020478099
-0.045369745
-0.070264141
0
0
0
0
0
0
0
0
0
0
0
0
0
0
0
0
0
0
0
0
0
0
0
0
0
0
0
0
0
0
0
0
0
0
0
0
0
0
0
0
0
0
0
0
0
0
0
0
0
0
0
0
0
0
0
0
0
0
0
0
0
0
0
0
0
0
0
0
0
0
0
0
0.099527769
0.075272428
0.050741485
0.026075522
0.0014027625
-0.023274852
-0.047956055
-0.072639985
0
0
0
0
0
0
0
0
0
0
0
0
0
0
0
0
0
0
0
0
0
0
0
0
0
0
0
0
0
0
0
0
0
0
0
0
0
0
0
0
0
0
0
0
0
0
0
0
0
0
0
0
0
0
0
0
0
0
0
0
0
0
0
0
0
0
0
0
0
0
0
0.11601327
0.092772648
0.069019269
0.04525109
0.020897136
-0.0033897873
-0.02768149
-0.051976724
-0.076512523
0
0
0
0
0
0
0
0
0
0
0
0
0
0
0
0
0
0
0
0
0
0
0
0
0
0
0
0
0
0
0
0
0
0
0
0
0
0
0
0
0
0
0
0
0
0
0
0
0
0
0
0
0
0
0
0
0
0
0
0
0
0
0
0
0
0
0
0
0
0
0
0.10521755
0.083171021
0.060316581
0.037564877
0.013939912
-0.009935757
-0.033724744
-0.057801329
-0.082099248
0
0
0
0
0
0
0
0
0
0
0
0
0
0
0
0
0
0
0
0
0
0
0
0
0
0
0
0
0
0
0
0
0
0
0
0
0
0
0
0
0
0
0
0
0
0
0
0
0
0
0
0
0
0
0
0
0
0
0
0
0
0
0
0
0
0
0
0
0
0
0.11111383
0.091662942
0.071612271
0.049472055
0.027436361
0.0045584671
-0.018325731
-0.041414651
-0.065054213
-0.088937051
0
0
0
0
0
0
0
0
0
0
0
0
0
0
0
0
0
0
0
0
0
0
0
0
0
0
0
0
0
0
0
0
0
0
0
0
0
0
0
0
0
0
0
0
0
0
0
0
0
0
0
0
0
0
0
0
0
0
0
0
0
0
0
0
0
0
0
0
0
0.10801031
0.093077364
0.075863506
0.057031981
0.03657106
0.015937042
-0.0063323693
-0.028285797
-0.051225972
-0.074118001
-0.09678335
0
0
0
0
0
0
0
0
0
0
0
0
0
0
0
0
0
0
0
0
0
0
0
0
0
0
0
0
0
0
0
0
0
0
0
0
0
0
0
0
0
0
0
0
0
0
0
0
0
0
0
0
0
0
0
0
0
0
0
0
0
0
0
0
0
0
0
0.10141742
0.095700851
0.086343305
0.073485281
0.057846266
0.040578394
0.021841646
0.0017249451
-0.018281598
-0.03977479
-0.062162048
-0.084122989
-0.1070241
0
0
0
0
0
0
0
0
0
0
0
0
0
0
0
0
0
0
0
0
0
0
0
0
0
0
0
0
0
0
0
0
0
0
0
0
0
0
0
0
0
0
0
0
0
0
0
0
0
0
0
0
0
0
0
0
0
0
0
0
0
0
0
0
0
0
0
0.076568474
0.071809393
0.064044258
0.052323471
0.038633108
0.022582702
0.0052745523
-0.013360547
-0.033129345
-0.053435211
-0.07400358
-0.095504128
0
0
0
0
0
0
0
0
0
0
0
0
0
0
0
0
0
0
0
0
0
0
0
0
0
0
0
0
0
0
0
0
0
0
0
0
0
0
0
0
0
0
0
0
0
0
0
0
0
0
0
0
0
0
0
0
0
0
0
0
0
0
0
0
0
0
0
0
0.051719529
0.047917934
0.040875348
0.030656469
0.018285307
0.003582838
-0.012698344
-0.030040528
-0.048570413
-0.067626618
-0.088299091
-0.1082355
0
0
0
0
0
0
0
0
0
0
0
0
0
0
0
0
0
0
0
0
0
0
0
0
0
0
0
0
0
0
0
0
0
0
0
0
0
0
0
0
0
0
0
0
0
0
0
0
0
0
0
0
0
0
0
0
0
0
0
0
0
0
0
0
0
0
0
0
0.026870583
0.024302161
0.016828131
0.0082941568
-0.0034161542
-0.016499852
-0.031483427
-0.047989879
-0.06536288
-0.083785528
-0.10284548
0
0
0
0
0
0
0
0
0
0
0
0
0
0
0
0
0
0
0
0
0
0
0
0
0
0
0
0
0
0
0
0
0
0
0
0
0
0
0
0
0
0
0
0
0
0
0
0
0
0
0
0
0
0
0
0
0
0
0
0
0
0
0
0
0
0
0
0
0
0.0020216375
-0.00029077848
-0.0070633275
-0.014777244
-0.024666026
-0.037512773
-0.051299919
-0.06655929
-0.0832882
-0.10069021
-0.11900439
0
0
0
0
0
0
0
0
0
0
0
0
0
0
0
0
0
0
0
0
0
0
0
0
0
0
0
0
0
0
0
0
0
0
0
0
0
0
0
0
0
0
0
0
0
0
0
0
0
0
0
0
0
0
0
0
0
0
0
0
0
0
0
0
0
0
0
0
0
-0.022827308
-0.024883718
-0.030954786
-0.037916929
-0.047499038
-0.059179775
-0.071742424
-0.086221795
-0.10164136
-0.11859117
0
0
0
0
0
0
0
0
0
0
0
0
0
0
0
0
0
0
0
0
0
0
0
0
0
0
0
0
0
0
0
0
0
0
0
0
0
0
0
0
0
0
0
0
0
0
0
0
0
0
0
0
0
0
0
0
0
0
0
0
0
0
0
0
0
0
0
0
0
0
-0.047676254
-0.049476657
-0.053869844
-0.061056615
-0.070332051
-0.080478809
-0.093289314
-0.10655144
-0.12130387
0
0
0
0
0
0
0
0
0
0
0
0
0
0
0
0
0
0
0
0
0
0
0
0
0
0
0
0
0
0
0
0
0
0
0
0
0
0
0
0
0
0
0
0
0
0
0
0
0
0
0
0
0
0
0
0
0
0
0
0
0
0
0
0
0
0
0
0
0
0
0
-0.072525199
-0.074069596
-0.078462783
-0.086029533
-0.093609577
-0.10331182
-0.11495632
0
0
0
0
0
0
0
0
0
0
0
0
0
0
0
0
0
0
0
0
0
0
0
0
0
0
0
0
0
0
0
0
0
0
0
0
0
0
0
0
0
0
0
0
0
0
0
0
0
0
0
0
0
0
0
0
0
0
0
0
0
0
0
0
0
0
0
0
0
0
0
0
0
0
0
0
0
0
0
0
0
0
0
0
0
0
0
0
0
0
0
0
0
0
0
0
0
0
0
0
0
0
0
0
0
0
0
0
0
0
0
0
0
0
0
0
0
0
0
0
0
0
0
0
0
0
0
0
0
0
0
0
0
0
0
0
0
0
0
0
0
0
0
0
0
0
0
0
0
0
0
0
0
0
0
0
0
0
0
0
0
0
0
0
0
0
0
0
0
0
0
0
0
0
0
0
0
0
0
0
0
0
0
0
0
0
0
0
0
0
0
0
0
0
0
0
0
0
0
0
0
0
0
0
0
0
0
0
0
0
0
0
0
0
0
0
0
0
0
0
0
0
0
0
0
0
0
0
0
0
0
0
0
0
0
0
0
0
0
0
0
0
0
0
0
0
0
0
0
0
0
0
0
0
0
0
0
0
0
0
0
0
0
0
0
0
0
0
0
0
0
0
0
0
0
0
0
0
0
0
0
0
0
0
0
0
0
0
0
0
0
0
0
0
0
0
0
0
0
0
0
0
0
0
0
0
0
0
0
0
0
0
0
0
0
0
0
0
0
0
0
0
0
0
0
0
0
0
0
0
0
0
0
0
0
0
0
0
0
0
0
0
0
0
0
0
0
0
0
0
0
0
0
0
0
0
0
0
0
0
0
0
0
0
0
0
0
0
0
0
0
0
0
0
0
0
0
0
0
0
0
0
0
0
0
0
0
0
0
0
0
0
0
0
0
0
0
0
0
0
0
0
0
0
0
0
0
0
0
0
0
0
0
0
0
0
0
0
0
0
0
0
0
0
0
0
0
0
0
0
0
0
0
0
0
0
0
0
0
0
0
0
0
0
0
0
0
0
0
0
0
0
0
0
0
0
0
0
0
0
0
0
0
0
0
0
0
0
0
0
0
0
0
0
0
0
0
0
0
0
0
0
0
0
0
0
0
0
0
0
0
0
0
0
0
0
0
0
0
0
0
0
0
0
0
0
0
0
0
0
0
0
0
0
0
0
0
0
0
0
0
0
0
0
0
0
0
0
0
0
0
0
0
0
0
0
0
0
0
0
0
0
0
0
0
0
0
0
0
0
0
0
0
0
0
0
0
0
0
0
0
0
0
0
0
0
0
0
0
0
0
0
0
0
0
0
0
0
0
0
0
0
0
0
0
0
0
0
0
0
0
0
0
0
0
0
0
0
0
0
0
0
0
0
0
0
0
0
0
0
0
0
0
0
0
0
0
0
0
0
0
0
0
0
0
0
0
0
0
0
0
0
0
0
0
0
0
0
0
0
0
0
0
0
0
0
0
0
0
0
0
0
0
0
0
0
0
0
0
0
0
0
0
0
0
0
0
0
0
0
0
0
0
0
0
0
0
0
0
0
0
0
0
0
0
0
0
0
0
0
0
0
0
0
0
0
0
0
0
0
0
0
0
0
0
0
0
0
0
0
0
0
0
0
0
0
0
0
0
0
0
0
0
0
0
0
0
0
0
0
0
0
0
0
0
0
0
0
0
0
0
0
0
0
0
0
0
0
0
0
0
0
0
0
0
0
0
0
0
0
0
0
0
0
0
0
0
0
0
0
0
0
0
0
0
0
0
0
0
0
0
0
0
0
0
0
0
0
0
0
0
0
0
0
0
0
0
0
0
0
0
0
0
0
0
0
0
0
0
0
0
0
0
0
0
0
0
0
0
0
0
0
0
0
0
0
0
0
0
0
0
0
0
0
0
0
0
0
0
0
0
0
0
0
0
0
0
0
0
0
0
0
0
0
0
0
0
0
0
0
0
0
0
0
0
0
0
0
0
0
0
0
0
0
0
0
0
0
0
0
0
0
0
0
0
0
0
0
0
0
0
0
0
0
0
0
0
0
0
0
0
0
0
0
0
0
0
0
0
0
0
0
0
0
0
0
0
0
0
0
0
0
0
0
0
0
0
0
0
0
0
0
0
0
0
0
0
0
0
0
0
0
0
0
0
0
0
0
0
0
0
0
0
0
0
0
0
0
0
0
0
0
0
0
0
0
0
0
0
0
0
0
0
0
0
0
0
0
0
0
0
0
0
0
0
0
0
0
0
0
0
0
0
0
0
0
0
0
0
0
0
0
0
0
0
0
0
0
0
0
0
0
0
0
0
0
0
0
0
0
0
0
0
0
0
0
0
0
0
0
0
0
0
0
0
0
0
0
0
0
0
0
0
0
0
0
0
0
0
0
0
0
0
0
0
0
0
0
0
0
0
0
0
0
0
0
0
0
0
0
0
0
0
0
0
0
0
0
0
0
0
0
0
0
0
0
0
0
0
0
0
0
0
0
0
0
0
0
0
0
0
0
0
0
0
0
0
0
0
0
0
0
0
0
0
0
0
0
0
0
0
0
0
0
0
0
0
0
0
0
0
0
0
0
0
0
0
0
0
0
0
0
0
0
0
0
0
0
0
0
0
0
0
0
0
0
0
0
0
0
0
0
0
0
0
0
0
0
0
0
0
0
0
0
0
0
0
0
0
0
0
0
0
0
0
0
0
0
0
0
0
0
0
0
0
0
0
0
0
0
0
0
0
0
0
0
0
0
0
0
0
0
0
0
0
0
0
0
0
0
0
0
0
0
0
0
0
0
0
0
0
0
0
0
0
0
0
0
0
0
0
0
0
0
0
0
0
0
0
0
0
0
0
0
0
0
0
0
0
0
0
0
0
0
0
0
0
0
0
0
0
0
0
)
;

boundaryField
{
    bottom
    {
        type            calculated;
        value           nonuniform List<scalar> 0();
    }
    top
    {
        type            calculated;
        value           nonuniform List<scalar> 0();
    }
    right
    {
        type            calculated;
        value           nonuniform List<scalar> 0();
    }
    back
    {
        type            wedge;
    }
    front
    {
        type            wedge;
    }
    axis
    {
        type            empty;
    }
    procBoundary2to0
    {
        type            processor;
        value           uniform 0;
    }
    procBoundary2to3
    {
        type            processor;
        value           nonuniform List<scalar> 
80
(
0
0
0
0
0
0
0
0
0
0
0
0
0
0
0
0
0.089867066
0.064977607
0.040103919
0.015230231
-0.0096434564
-0.034517144
-0.059390832
-0.08426452
0
0
0
0
0
0
0
0
0
0
0
0
0
0
0
0
0
0
0
0
0
0
0
0
0
0
0
0
0
0
0
0
0
0
0
0
0
0
0
0
0
0
0
0
0
0
0
0
0
0
0
0
0
0
0
0
)
;
    }
    procBoundary2to4
    {
        type            processor;
        value           uniform 0;
    }
}


// ************************************************************************* //
