/*--------------------------------*- C++ -*----------------------------------*\
| =========                 |                                                 |
| \\      /  F ield         | OpenFOAM: The Open Source CFD Toolbox           |
|  \\    /   O peration     | Version:  2306                                  |
|   \\  /    A nd           | Website:  www.openfoam.com                      |
|    \\/     M anipulation  |                                                 |
\*---------------------------------------------------------------------------*/
FoamFile
{
    version     2.0;
    format      ascii;
    arch        "LSB;label=32;scalar=64";
    class       volScalarField;
    location    "0.04";
    object      p;
}
// * * * * * * * * * * * * * * * * * * * * * * * * * * * * * * * * * * * * * //

dimensions      [1 -1 -2 0 0 0 0];

internalField   nonuniform List<scalar> 
6400
(
999999.64
999999.64
999999.64
999999.64
999999.65
999999.65
999999.66
999999.66
999999.67
999999.68
999999.7
999999.71
999999.73
999999.74
999999.76
999999.78
999999.8
999999.81
999999.83
999999.85
999999.87
999999.89
999999.9
999999.92
999999.94
999999.95
999999.96
999999.97
999999.99
1000000
1000000
1000000
1000000
1000000
1000000
1000000
1000000
1000000.1
1000000.1
1000000.1
1000000.1
1000000.1
1000000.1
1000000.1
1000000.1
1000000.1
1000000.1
1000000.1
1000000.1
1000000.1
1000000.1
1000000.1
1000000.1
1000000.1
1000000.1
1000000.1
1000000.1
1000000.1
1000000.1
1000000.1
1000000.1
1000000.1
1000000.1
1000000.1
1000000.1
1000000.1
1000000.1
1000000.1
1000000.1
1000000.1
1000000.1
1000000.1
1000000.1
1000000.1
1000000.1
1000000.1
1000000.1
1000000.1
1000000.1
1000000.1
999999.6
999999.6
999999.6
999999.6
999999.6
999999.61
999999.61
999999.62
999999.63
999999.64
999999.66
999999.67
999999.69
999999.71
999999.73
999999.75
999999.77
999999.79
999999.81
999999.83
999999.85
999999.87
999999.89
999999.9
999999.92
999999.94
999999.95
999999.96
999999.98
999999.99
1000000
1000000
1000000
1000000
1000000
1000000
1000000
1000000
1000000.1
1000000.1
1000000.1
1000000.1
1000000.1
1000000.1
1000000.1
1000000.1
1000000.1
1000000.1
1000000.1
1000000.1
1000000.1
1000000.1
1000000.1
1000000.1
1000000.1
1000000.1
1000000.1
1000000.1
1000000.1
1000000.1
1000000.1
1000000.1
1000000.1
1000000.1
1000000.1
1000000.1
1000000.1
1000000.1
1000000.1
1000000.1
1000000.1
1000000.1
1000000.1
1000000.1
1000000.1
1000000.1
1000000.1
1000000.1
1000000.1
1000000.1
999999.55
999999.55
999999.55
999999.55
999999.56
999999.56
999999.57
999999.58
999999.59
999999.6
999999.61
999999.63
999999.65
999999.67
999999.69
999999.71
999999.74
999999.76
999999.78
999999.81
999999.83
999999.85
999999.87
999999.89
999999.91
999999.92
999999.94
999999.95
999999.97
999999.98
999999.99
1000000
1000000
1000000
1000000
1000000
1000000
1000000
1000000
1000000
1000000.1
1000000.1
1000000.1
1000000.1
1000000.1
1000000.1
1000000.1
1000000.1
1000000.1
1000000.1
1000000.1
1000000.1
1000000.1
1000000.1
1000000.1
1000000.1
1000000.1
1000000.1
1000000.1
1000000.1
1000000.1
1000000.1
1000000.1
1000000.1
1000000.1
1000000.1
1000000.1
1000000.1
1000000.1
1000000.1
1000000.1
1000000.1
1000000.1
1000000.1
1000000.1
1000000.1
1000000.1
1000000.1
1000000.1
1000000.1
999999.51
999999.5
999999.5
999999.51
999999.51
999999.51
999999.52
999999.53
999999.54
999999.55
999999.57
999999.58
999999.6
999999.63
999999.65
999999.68
999999.7
999999.73
999999.76
999999.78
999999.81
999999.83
999999.85
999999.87
999999.89
999999.91
999999.93
999999.94
999999.96
999999.97
999999.98
999999.99
1000000
1000000
1000000
1000000
1000000
1000000
1000000
1000000
1000000
1000000
1000000.1
1000000.1
1000000.1
1000000.1
1000000.1
1000000.1
1000000.1
1000000.1
1000000.1
1000000.1
1000000.1
1000000.1
1000000.1
1000000.1
1000000.1
1000000.1
1000000.1
1000000.1
1000000.1
1000000.1
1000000.1
1000000.1
1000000.1
1000000.1
1000000.1
1000000.1
1000000.1
1000000.1
1000000.1
1000000.1
1000000.1
1000000.1
1000000.1
1000000.1
1000000.1
1000000.1
1000000.1
1000000.1
999999.46
999999.46
999999.46
999999.46
999999.46
999999.46
999999.47
999999.48
999999.49
999999.5
999999.52
999999.53
999999.56
999999.58
999999.61
999999.64
999999.67
999999.7
999999.73
999999.76
999999.79
999999.81
999999.84
999999.86
999999.88
999999.9
999999.92
999999.93
999999.95
999999.96
999999.97
999999.98
999999.99
1000000
1000000
1000000
1000000
1000000
1000000
1000000
1000000
1000000
1000000
1000000
1000000
1000000.1
1000000.1
1000000.1
1000000.1
1000000.1
1000000.1
1000000.1
1000000.1
1000000.1
1000000.1
1000000.1
1000000.1
1000000.1
1000000.1
1000000.1
1000000.1
1000000.1
1000000.1
1000000.1
1000000.1
1000000.1
1000000.1
1000000.1
1000000.1
1000000.1
1000000.1
1000000.1
1000000.1
1000000.1
1000000.1
1000000.1
1000000.1
1000000.1
1000000.1
1000000.1
999999.41
999999.4
999999.4
999999.4
999999.41
999999.41
999999.41
999999.42
999999.43
999999.44
999999.46
999999.48
999999.5
999999.53
999999.56
999999.6
999999.63
999999.67
999999.7
999999.73
999999.77
999999.8
999999.82
999999.85
999999.87
999999.89
999999.91
999999.93
999999.94
999999.95
999999.96
999999.97
999999.98
999999.99
1000000
1000000
1000000
1000000
1000000
1000000
1000000
1000000
1000000
1000000
1000000
1000000
1000000
1000000
1000000.1
1000000.1
1000000.1
1000000.1
1000000.1
1000000.1
1000000.1
1000000.1
1000000.1
1000000.1
1000000.1
1000000.1
1000000.1
1000000.1
1000000.1
1000000.1
1000000.1
1000000.1
1000000.1
1000000.1
1000000.1
1000000.1
1000000.1
1000000.1
1000000.1
1000000.1
1000000.1
1000000.1
1000000.1
1000000.1
1000000.1
1000000.1
999999.35
999999.35
999999.35
999999.35
999999.35
999999.35
999999.36
999999.36
999999.37
999999.38
999999.4
999999.42
999999.45
999999.48
999999.51
999999.55
999999.59
999999.63
999999.67
999999.71
999999.75
999999.78
999999.81
999999.84
999999.86
999999.88
999999.9
999999.92
999999.93
999999.95
999999.96
999999.97
999999.98
999999.99
999999.99
1000000
1000000
1000000
1000000
1000000
1000000
1000000
1000000
1000000
1000000
1000000
1000000
1000000
1000000
1000000
1000000
1000000
1000000
1000000
1000000.1
1000000.1
1000000.1
1000000.1
1000000.1
1000000.1
1000000.1
1000000.1
1000000.1
1000000.1
1000000.1
1000000.1
1000000.1
1000000.1
1000000.1
1000000.1
1000000.1
1000000.1
1000000.1
1000000.1
1000000.1
1000000.1
1000000.1
1000000.1
1000000.1
1000000.1
999999.3
999999.3
999999.3
999999.3
999999.29
999999.29
999999.29
999999.3
999999.3
999999.31
999999.33
999999.35
999999.38
999999.42
999999.46
999999.5
999999.55
999999.6
999999.64
999999.69
999999.73
999999.76
999999.8
999999.83
999999.85
999999.88
999999.9
999999.91
999999.93
999999.94
999999.95
999999.96
999999.97
999999.98
999999.99
999999.99
1000000
1000000
1000000
1000000
1000000
1000000
1000000
1000000
1000000
1000000
1000000
1000000
1000000
1000000
1000000
1000000
1000000
1000000
1000000
1000000
1000000
1000000
1000000
1000000
1000000
1000000
1000000
1000000
1000000
1000000
1000000.1
1000000.1
1000000.1
1000000.1
1000000.1
1000000.1
1000000.1
1000000.1
1000000.1
1000000.1
1000000.1
1000000.1
1000000.1
1000000.1
999999.25
999999.25
999999.24
999999.24
999999.24
999999.23
999999.23
999999.23
999999.23
999999.24
999999.25
999999.28
999999.31
999999.35
999999.4
999999.45
999999.5
999999.56
999999.61
999999.66
999999.71
999999.75
999999.79
999999.82
999999.85
999999.87
999999.89
999999.91
999999.92
999999.94
999999.95
999999.96
999999.97
999999.97
999999.98
999999.99
999999.99
1000000
1000000
1000000
1000000
1000000
1000000
1000000
1000000
1000000
1000000
1000000
1000000
1000000
1000000
1000000
1000000
1000000
1000000
1000000
1000000
1000000
1000000
1000000
1000000
1000000
1000000
1000000
1000000
1000000
1000000
1000000
1000000
1000000
1000000
1000000
1000000
1000000
1000000
1000000
1000000
1000000
1000000
1000000
999999.2
999999.19
999999.19
999999.18
999999.18
999999.17
999999.16
999999.15
999999.15
999999.15
999999.16
999999.19
999999.22
999999.27
999999.32
999999.39
999999.45
999999.52
999999.58
999999.64
999999.69
999999.74
999999.78
999999.81
999999.84
999999.87
999999.89
999999.91
999999.92
999999.93
999999.95
999999.95
999999.96
999999.97
999999.98
999999.98
999999.99
999999.99
1000000
1000000
1000000
1000000
1000000
1000000
1000000
1000000
1000000
1000000
1000000
1000000
1000000
1000000
1000000
1000000
1000000
1000000
1000000
1000000
1000000
1000000
1000000
1000000
1000000
1000000
1000000
1000000
1000000
1000000
1000000
1000000
1000000
1000000
1000000
1000000
1000000
1000000
1000000
1000000
1000000
1000000
999999.14
999999.14
999999.14
999999.13
999999.12
999999.11
999999.09
999999.08
999999.06
999999.06
999999.06
999999.08
999999.12
999999.17
999999.24
999999.32
999999.4
999999.48
999999.55
999999.62
999999.68
999999.73
999999.78
999999.81
999999.84
999999.87
999999.89
999999.91
999999.92
999999.93
999999.94
999999.95
999999.96
999999.97
999999.97
999999.98
999999.98
999999.99
999999.99
999999.99
1000000
1000000
1000000
1000000
1000000
1000000
1000000
1000000
1000000
1000000
1000000
1000000
1000000
1000000
1000000
1000000
1000000
1000000
1000000
1000000
1000000
1000000
1000000
1000000
1000000
1000000
1000000
1000000
1000000
1000000
1000000
1000000
1000000
1000000
1000000
1000000
1000000
1000000
1000000
1000000
999999.09
999999.09
999999.09
999999.08
999999.07
999999.05
999999.02
999999
999998.97
999998.95
999998.95
999998.96
999999
999999.06
999999.14
999999.24
999999.34
999999.44
999999.53
999999.61
999999.68
999999.73
999999.78
999999.82
999999.85
999999.87
999999.89
999999.91
999999.92
999999.93
999999.94
999999.95
999999.96
999999.96
999999.97
999999.97
999999.98
999999.98
999999.98
999999.99
999999.99
999999.99
999999.99
1000000
1000000
1000000
1000000
1000000
1000000
1000000
1000000
1000000
1000000
1000000
1000000
1000000
1000000
1000000
1000000
1000000
1000000
1000000
1000000
1000000
1000000
1000000
1000000
1000000
1000000
1000000
1000000
1000000
1000000
1000000
1000000
1000000
1000000
1000000
1000000
1000000
999999.04
999999.04
999999.04
999999.04
999999.02
999999
999998.96
999998.92
999998.87
999998.83
999998.81
999998.81
999998.85
999998.92
999999.02
999999.15
999999.27
999999.4
999999.51
999999.6
999999.68
999999.74
999999.79
999999.83
999999.86
999999.88
999999.9
999999.91
999999.92
999999.93
999999.94
999999.95
999999.96
999999.96
999999.97
999999.97
999999.97
999999.98
999999.98
999999.98
999999.98
999999.99
999999.99
999999.99
999999.99
999999.99
999999.99
999999.99
1000000
1000000
1000000
1000000
1000000
1000000
1000000
1000000
1000000
1000000
1000000
1000000
1000000
1000000
1000000
1000000
1000000
1000000
1000000
1000000
1000000
1000000
1000000
1000000
1000000
1000000
1000000
1000000
1000000
1000000
1000000
1000000
999998.98
999998.99
999999
999999.01
999998.99
999998.97
999998.91
999998.84
999998.77
999998.7
999998.65
999998.63
999998.66
999998.74
999998.88
999999.04
999999.2
999999.36
999999.49
999999.6
999999.69
999999.76
999999.81
999999.84
999999.87
999999.89
999999.91
999999.92
999999.93
999999.94
999999.94
999999.95
999999.96
999999.96
999999.96
999999.97
999999.97
999999.97
999999.98
999999.98
999999.98
999999.98
999999.98
999999.98
999999.98
999999.99
999999.99
999999.99
999999.99
999999.99
999999.99
999999.99
999999.99
999999.99
999999.99
999999.99
999999.99
999999.99
999999.99
999999.99
999999.99
999999.99
999999.99
999999.99
999999.99
1000000
1000000
1000000
1000000
1000000
1000000
1000000
1000000
1000000
1000000
1000000
1000000
1000000
1000000
1000000
999998.89
999998.92
999998.97
999999
999998.98
999998.97
999998.87
999998.78
999998.66
999998.55
999998.46
999998.39
999998.4
999998.51
999998.69
999998.91
999999.13
999999.33
999999.5
999999.63
999999.72
999999.79
999999.84
999999.87
999999.89
999999.91
999999.92
999999.93
999999.94
999999.94
999999.95
999999.95
999999.96
999999.96
999999.96
999999.96
999999.97
999999.97
999999.97
999999.97
999999.97
999999.97
999999.98
999999.98
999999.98
999999.98
999999.98
999999.98
999999.98
999999.98
999999.98
999999.98
999999.98
999999.98
999999.98
999999.98
999999.98
999999.98
999999.98
999999.98
999999.99
999999.99
999999.99
999999.99
999999.99
999999.99
999999.99
999999.99
999999.99
999999.99
999999.99
999999.99
999999.99
999999.99
999999.99
999999.99
999999.99
999999.99
999999.99
999999.99
999998.78
999998.83
999998.98
999999.01
999999.01
999999
999998.87
999998.72
999998.55
999998.4
999998.23
999998.08
999998.05
999998.19
999998.45
999998.75
999999.06
999999.32
999999.52
999999.67
999999.78
999999.84
999999.88
999999.9
999999.92
999999.93
999999.93
999999.94
999999.94
999999.95
999999.95
999999.95
999999.96
999999.96
999999.96
999999.96
999999.96
999999.97
999999.97
999999.97
999999.97
999999.97
999999.97
999999.97
999999.97
999999.97
999999.97
999999.97
999999.97
999999.97
999999.97
999999.97
999999.97
999999.97
999999.98
999999.98
999999.98
999999.98
999999.98
999999.98
999999.98
999999.98
999999.98
999999.98
999999.98
999999.98
999999.98
999999.98
999999.98
999999.98
999999.98
999999.98
999999.98
999999.98
999999.98
999999.98
999999.98
999999.98
999999.98
999999.98
999998.48
999998.65
999998.92
999999.02
999999.08
999999.09
999998.94
999998.68
999998.47
999998.24
999997.99
999997.67
999997.54
999997.73
999998.11
999998.56
999998.98
999999.33
999999.59
999999.76
999999.86
999999.91
999999.94
999999.94
999999.95
999999.95
999999.95
999999.95
999999.95
999999.95
999999.95
999999.96
999999.96
999999.96
999999.96
999999.96
999999.96
999999.96
999999.96
999999.96
999999.96
999999.96
999999.96
999999.96
999999.96
999999.97
999999.97
999999.97
999999.97
999999.97
999999.97
999999.97
999999.97
999999.97
999999.97
999999.97
999999.97
999999.97
999999.97
999999.97
999999.97
999999.97
999999.97
999999.97
999999.97
999999.97
999999.97
999999.97
999999.97
999999.97
999999.97
999999.97
999999.97
999999.97
999999.97
999999.97
999999.97
999999.97
999999.97
999999.97
999998.39
999998.29
999999.17
999999.1
999999.26
999999.29
999999.12
999998.6
999998.4
999998.06
999997.73
999997.05
999996.67
999997
999997.67
999998.35
999998.96
999999.42
999999.73
999999.91
1000000
1000000
1000000
999999.99
999999.98
999999.97
999999.96
999999.96
999999.96
999999.96
999999.96
999999.96
999999.96
999999.96
999999.96
999999.96
999999.96
999999.96
999999.96
999999.96
999999.96
999999.96
999999.96
999999.96
999999.96
999999.96
999999.96
999999.96
999999.96
999999.96
999999.96
999999.96
999999.96
999999.96
999999.96
999999.96
999999.96
999999.96
999999.96
999999.96
999999.96
999999.96
999999.96
999999.96
999999.96
999999.96
999999.96
999999.96
999999.96
999999.96
999999.96
999999.96
999999.96
999999.96
999999.96
999999.96
999999.96
999999.96
999999.96
999999.96
999995.31
999997.28
999998.95
999999.12
999999.46
999999.63
999999.46
999998.44
999998.55
999997.97
999997.69
999996.39
999995.47
999995.99
999997.01
999998.05
999998.92
999999.52
999999.9
1000000.1
1000000.1
1000000.1
1000000.1
1000000
1000000
999999.99
999999.97
999999.97
999999.96
999999.96
999999.96
999999.96
999999.96
999999.96
999999.96
999999.95
999999.95
999999.95
999999.95
999999.95
999999.95
999999.95
999999.95
999999.95
999999.95
999999.95
999999.95
999999.95
999999.95
999999.95
999999.95
999999.95
999999.95
999999.95
999999.95
999999.95
999999.95
999999.95
999999.95
999999.95
999999.95
999999.95
999999.95
999999.95
999999.95
999999.95
999999.95
999999.95
999999.95
999999.95
999999.95
999999.95
999999.95
999999.95
999999.95
999999.95
999999.95
999999.95
999999.95
999999.95
1000032.5
999995.82
1000002.1
1000012.3
1000003
1000000
999999.93
999998.28
999998.72
999997.59
999997.95
999995.47
999993.98
999996.83
999998.11
999998.89
999999.54
1000000.1
1000000.4
1000000.5
1000000.5
1000000.3
1000000.2
1000000.1
1000000
1000000
999999.98
999999.98
999999.97
999999.97
999999.97
999999.96
999999.96
999999.96
999999.96
999999.96
999999.95
999999.95
999999.95
999999.95
999999.95
999999.95
999999.95
999999.95
999999.95
999999.95
999999.95
999999.95
999999.94
999999.94
999999.94
999999.94
999999.94
999999.94
999999.94
999999.94
999999.94
999999.94
999999.94
999999.94
999999.94
999999.94
999999.94
999999.94
999999.94
999999.94
999999.94
999999.94
999999.94
999999.94
999999.94
999999.94
999999.94
999999.94
999999.94
999999.94
999999.94
999999.94
999999.94
999999.94
1000031.1
1000046.3
1000033.2
1000009.9
1000000.2
1000000.4
1000001.1
1000027.1
1000007.9
999998.19
999999.73
999998.77
1000000.7
1000000.4
1000000.2
1000000.1
1000000.1
1000000
1000000
999999.99
999999.99
999999.98
999999.98
999999.98
999999.98
999999.97
999999.97
999999.97
999999.96
999999.96
999999.96
999999.95
999999.95
999999.95
999999.95
999999.95
999999.95
999999.95
999999.94
999999.94
999999.94
999999.94
999999.94
999999.94
999999.94
999999.94
999999.94
999999.94
999999.94
999999.94
999999.94
999999.94
999999.94
999999.94
999999.94
999999.94
999999.94
999999.94
999999.94
999999.94
999999.94
999999.94
999999.94
999999.94
999999.94
999999.94
999999.94
999999.94
999999.94
999999.94
999999.94
999999.94
999999.94
999999.94
999999.94
999999.94
999999.94
999999.94
999999.94
999999.94
1000002
1000010.7
1000001.2
999999.86
999999.85
999999.74
1000000.5
1000024
1000016.9
999998.14
1000001
1000000.3
1000000.3
1000000.2
1000000.2
1000000.2
1000000.1
1000000.1
1000000.1
1000000
1000000
1000000
999999.99
999999.98
999999.98
999999.97
999999.97
999999.97
999999.96
999999.96
999999.96
999999.95
999999.95
999999.95
999999.95
999999.95
999999.95
999999.95
999999.94
999999.94
999999.94
999999.94
999999.94
999999.94
999999.94
999999.94
999999.94
999999.94
999999.94
999999.94
999999.94
999999.94
999999.94
999999.94
999999.94
999999.94
999999.94
999999.94
999999.94
999999.94
999999.94
999999.94
999999.94
999999.94
999999.94
999999.94
999999.94
999999.94
999999.94
999999.94
999999.94
999999.94
999999.94
999999.93
999999.93
999999.93
999999.93
999999.93
999999.93
999999.93
1000000.6
1000002.3
1000000.8
999999.81
999999.66
999998.9
999999.34
999996.84
999996.65
999994.45
1000000.3
1000000.1
1000000.3
1000000.3
1000000.3
1000000.2
1000000.2
1000000.1
1000000.1
1000000
1000000
1000000
999999.99
999999.98
999999.98
999999.97
999999.97
999999.97
999999.96
999999.96
999999.96
999999.95
999999.95
999999.95
999999.95
999999.95
999999.95
999999.95
999999.94
999999.94
999999.94
999999.94
999999.94
999999.94
999999.94
999999.94
999999.94
999999.94
999999.94
999999.94
999999.94
999999.94
999999.94
999999.94
999999.94
999999.94
999999.94
999999.94
999999.94
999999.94
999999.94
999999.94
999999.94
999999.94
999999.94
999999.94
999999.93
999999.93
999999.93
999999.93
999999.93
999999.93
999999.93
999999.93
999999.93
999999.93
999999.93
999999.93
999999.93
999999.93
1000000.7
1000001.1
1000000.4
999999.7
999999.4
999998.54
999998.51
999996.09
999995.26
999991.85
1000001.6
1000000.5
1000000.3
1000000.3
1000000.2
1000000.2
1000000.2
1000000.1
1000000.1
1000000
1000000
1000000
999999.99
999999.98
999999.98
999999.97
999999.97
999999.96
999999.96
999999.96
999999.96
999999.95
999999.95
999999.95
999999.95
999999.95
999999.95
999999.94
999999.94
999999.94
999999.94
999999.94
999999.94
999999.94
999999.94
999999.94
999999.94
999999.94
999999.94
999999.94
999999.94
999999.94
999999.94
999999.94
999999.94
999999.94
999999.94
999999.94
999999.94
999999.94
999999.94
999999.93
999999.93
999999.93
999999.93
999999.93
999999.93
999999.93
999999.93
999999.93
999999.93
999999.93
999999.93
999999.93
999999.93
999999.93
999999.93
999999.93
999999.93
999999.93
1000000.5
1000000.6
1000000.2
999999.68
999999.39
999998.68
999998.45
999996.86
999996.03
999993.85
999996.13
1000000.1
1000000.2
1000000.2
1000000.2
1000000.1
1000000.1
1000000.1
1000000.1
1000000
1000000
1000000
999999.99
999999.98
999999.98
999999.97
999999.97
999999.96
999999.96
999999.96
999999.96
999999.95
999999.95
999999.95
999999.95
999999.95
999999.95
999999.94
999999.94
999999.94
999999.94
999999.94
999999.94
999999.94
999999.94
999999.94
999999.94
999999.94
999999.94
999999.94
999999.94
999999.94
999999.94
999999.94
999999.94
999999.94
999999.94
999999.93
999999.93
999999.93
999999.93
999999.93
999999.93
999999.93
999999.93
999999.93
999999.93
999999.93
999999.93
999999.93
999999.93
999999.93
999999.93
999999.93
999999.93
999999.93
999999.93
999999.93
999999.93
999999.93
1000000.4
1000000.4
1000000.1
999999.82
999999.51
999999.08
999998.73
999997.88
999997.34
999996.34
999995.7
999998.82
1000000.1
1000000.1
1000000.1
1000000.1
1000000.1
1000000.1
1000000
1000000
1000000
999999.99
999999.99
999999.98
999999.97
999999.97
999999.97
999999.96
999999.96
999999.96
999999.95
999999.95
999999.95
999999.95
999999.95
999999.95
999999.94
999999.94
999999.94
999999.94
999999.94
999999.94
999999.94
999999.94
999999.94
999999.94
999999.94
999999.94
999999.94
999999.94
999999.94
999999.94
999999.94
999999.94
999999.93
999999.93
999999.93
999999.93
999999.93
999999.93
999999.93
999999.93
999999.93
999999.93
999999.93
999999.93
999999.93
999999.93
999999.93
999999.93
999999.93
999999.93
999999.93
999999.93
999999.93
999999.93
999999.93
999999.93
999999.93
999999.93
1000000.4
1000000.4
1000000.2
1000000
999999.81
999999.54
999999.27
999998.86
999998.58
999998.29
999998.42
999999.42
1000000.7
1000000.2
999999.99
1000000
1000000
1000000
1000000
1000000
999999.99
999999.99
999999.98
999999.98
999999.97
999999.97
999999.96
999999.96
999999.96
999999.96
999999.95
999999.95
999999.95
999999.95
999999.95
999999.94
999999.94
999999.94
999999.94
999999.94
999999.94
999999.94
999999.94
999999.94
999999.94
999999.94
999999.94
999999.94
999999.94
999999.94
999999.94
999999.94
999999.93
999999.93
999999.93
999999.93
999999.93
999999.93
999999.93
999999.93
999999.93
999999.93
999999.93
999999.93
999999.93
999999.93
999999.93
999999.93
999999.93
999999.93
999999.93
999999.93
999999.93
999999.93
999999.93
999999.93
999999.93
999999.93
999999.93
999999.93
1000000.6
1000000.6
1000000.4
1000000.3
1000000.2
1000000
999999.87
999999.71
999999.64
999999.68
1000000.1
1000000.9
1000002.1
1000003.2
1000001.1
999999.96
999999.97
999999.98
999999.99
999999.99
999999.98
999999.98
999999.98
999999.97
999999.97
999999.96
999999.96
999999.96
999999.96
999999.95
999999.95
999999.95
999999.95
999999.95
999999.95
999999.94
999999.94
999999.94
999999.94
999999.94
999999.94
999999.94
999999.94
999999.94
999999.94
999999.94
999999.94
999999.94
999999.94
999999.94
999999.93
999999.93
999999.93
999999.93
999999.93
999999.93
999999.93
999999.93
999999.93
999999.93
999999.93
999999.93
999999.93
999999.93
999999.93
999999.93
999999.93
999999.93
999999.93
999999.93
999999.93
999999.93
999999.93
999999.93
999999.93
999999.93
999999.93
999999.93
999999.93
999999.93
1000000.8
1000000.8
1000000.7
1000000.7
1000000.6
1000000.5
1000000.4
1000000.4
1000000.5
1000000.7
1000001.1
1000001.7
1000002.5
1000003.4
1000004.3
1000001.5
999999.94
999999.96
999999.97
999999.97
999999.97
999999.97
999999.97
999999.97
999999.96
999999.96
999999.96
999999.96
999999.95
999999.95
999999.95
999999.95
999999.95
999999.95
999999.94
999999.94
999999.94
999999.94
999999.94
999999.94
999999.94
999999.94
999999.94
999999.94
999999.94
999999.94
999999.94
999999.94
999999.93
999999.93
999999.93
999999.93
999999.93
999999.93
999999.93
999999.93
999999.93
999999.93
999999.93
999999.93
999999.93
999999.93
999999.93
999999.93
999999.93
999999.93
999999.93
999999.93
999999.93
999999.93
999999.93
999999.93
999999.93
999999.93
999999.93
999999.93
999999.93
999999.93
999999.93
999999.93
1000001.1
1000001.1
1000001
1000001
1000001
1000001
1000001
1000001
1000001.1
1000001.4
1000001.7
1000002.2
1000002.8
1000003.5
1000004.1
1000004.5
1000000.9
999999.94
999999.96
999999.96
999999.96
999999.96
999999.96
999999.96
999999.96
999999.96
999999.96
999999.95
999999.95
999999.95
999999.95
999999.95
999999.95
999999.94
999999.94
999999.94
999999.94
999999.94
999999.94
999999.94
999999.94
999999.94
999999.94
999999.94
999999.94
999999.94
999999.93
999999.93
999999.93
999999.93
999999.93
999999.93
999999.93
999999.93
999999.93
999999.93
999999.93
999999.93
999999.93
999999.93
999999.93
999999.93
999999.93
999999.93
999999.93
999999.93
999999.93
999999.93
999999.93
999999.93
999999.93
999999.93
999999.93
999999.93
999999.93
999999.93
999999.93
999999.93
999999.93
999999.93
1000001.4
1000001.4
1000001.3
1000001.3
1000001.3
1000001.4
1000001.4
1000001.5
1000001.6
1000001.9
1000002.2
1000002.6
1000003
1000003.5
1000004
1000004.3
1000003.9
1000000.1
999999.95
999999.96
999999.96
999999.96
999999.96
999999.96
999999.96
999999.95
999999.95
999999.95
999999.95
999999.95
999999.95
999999.95
999999.94
999999.94
999999.94
999999.94
999999.94
999999.94
999999.94
999999.94
999999.94
999999.94
999999.94
999999.94
999999.94
999999.93
999999.93
999999.93
999999.93
999999.93
999999.93
999999.93
999999.93
999999.93
999999.93
999999.93
999999.93
999999.93
999999.93
999999.93
999999.93
999999.93
999999.93
999999.93
999999.93
999999.93
999999.93
999999.93
999999.93
999999.93
999999.93
999999.93
999999.93
999999.93
999999.93
999999.93
999999.93
999999.93
999999.93
999999.93
1000001.7
1000001.6
1000001.6
1000001.6
1000001.7
1000001.7
1000001.8
1000001.9
1000002
1000002.2
1000002.5
1000002.8
1000003.2
1000003.5
1000003.8
1000004.1
1000004.2
1000002.1
999999.95
999999.95
999999.95
999999.95
999999.95
999999.95
999999.95
999999.95
999999.95
999999.95
999999.95
999999.95
999999.95
999999.94
999999.94
999999.94
999999.94
999999.94
999999.94
999999.94
999999.94
999999.94
999999.94
999999.94
999999.94
999999.93
999999.93
999999.93
999999.93
999999.93
999999.93
999999.93
999999.93
999999.93
999999.93
999999.93
999999.93
999999.93
999999.93
999999.93
999999.93
999999.93
999999.93
999999.93
999999.93
999999.93
999999.93
999999.93
999999.93
999999.93
999999.93
999999.93
999999.93
999999.93
999999.93
999999.93
999999.93
999999.93
999999.93
999999.93
999999.93
999999.93
1000001.9
1000001.9
1000001.9
1000001.9
1000002
1000002
1000002.1
1000002.2
1000002.3
1000002.5
1000002.8
1000003
1000003.3
1000003.5
1000003.8
1000004
1000004.1
1000003.9
1000000.3
999999.95
999999.95
999999.95
999999.95
999999.95
999999.95
999999.95
999999.95
999999.95
999999.95
999999.94
999999.94
999999.94
999999.94
999999.94
999999.94
999999.94
999999.94
999999.94
999999.94
999999.94
999999.94
999999.93
999999.93
999999.93
999999.93
999999.93
999999.93
999999.93
999999.93
999999.93
999999.93
999999.93
999999.93
999999.93
999999.93
999999.93
999999.93
999999.93
999999.93
999999.93
999999.93
999999.93
999999.93
999999.93
999999.93
999999.93
999999.93
999999.93
999999.93
999999.93
999999.93
999999.93
999999.93
999999.93
999999.93
999999.93
999999.93
999999.93
999999.93
999999.93
1000002.2
1000002.2
1000002.2
1000002.2
1000002.2
1000002.3
1000002.4
1000002.5
1000002.6
1000002.8
1000002.9
1000003.1
1000003.3
1000003.5
1000003.7
1000003.9
1000004
1000004
1000001.9
999999.95
999999.95
999999.95
999999.95
999999.95
999999.95
999999.95
999999.94
999999.94
999999.94
999999.94
999999.94
999999.94
999999.94
999999.94
999999.94
999999.94
999999.94
999999.94
999999.94
999999.94
999999.93
999999.93
999999.93
999999.93
999999.93
999999.93
999999.93
999999.93
999999.93
999999.93
999999.93
999999.93
999999.93
999999.93
999999.93
999999.93
999999.93
999999.93
999999.93
999999.93
999999.93
999999.93
999999.93
999999.93
999999.93
999999.93
999999.93
999999.93
999999.93
999999.93
999999.93
999999.93
999999.93
999999.93
999999.93
999999.93
999999.93
999999.93
999999.93
999999.93
1000002.4
1000002.4
1000002.4
1000002.4
1000002.5
1000002.5
1000002.6
1000002.7
1000002.8
1000002.9
1000003.1
1000003.2
1000003.4
1000003.6
1000003.7
1000003.8
1000003.9
1000004
1000003.4
999999.95
999999.94
999999.94
999999.94
999999.94
999999.94
999999.94
999999.94
999999.94
999999.94
999999.94
999999.94
999999.94
999999.94
999999.94
999999.94
999999.94
999999.94
999999.94
999999.93
999999.93
999999.93
999999.93
999999.93
999999.93
999999.93
999999.93
999999.93
999999.93
999999.93
999999.93
999999.93
999999.93
999999.93
999999.93
999999.93
999999.93
999999.93
999999.93
999999.93
999999.93
999999.93
999999.93
999999.93
999999.93
999999.93
999999.93
999999.93
999999.93
999999.93
999999.93
999999.93
999999.93
999999.93
999999.93
999999.93
999999.93
999999.93
999999.93
999999.93
999999.93
1000002.6
1000002.6
1000002.6
1000002.6
1000002.6
1000002.7
1000002.8
1000002.9
1000003
1000003.1
1000003.2
1000003.3
1000003.5
1000003.6
1000003.7
1000003.8
1000003.9
1000003.9
1000004
1000000.7
999999.94
999999.94
999999.94
999999.94
999999.94
999999.94
999999.94
999999.94
999999.94
999999.94
999999.94
999999.94
999999.94
999999.94
999999.94
999999.94
999999.93
999999.93
999999.93
999999.93
999999.93
999999.93
999999.93
999999.93
999999.93
999999.93
999999.93
999999.93
999999.93
999999.93
999999.93
999999.93
999999.93
999999.93
999999.93
999999.93
999999.93
999999.93
999999.93
999999.93
999999.93
999999.93
999999.93
999999.93
999999.93
999999.93
999999.93
999999.93
999999.93
999999.93
999999.93
999999.93
999999.93
999999.93
999999.93
999999.93
999999.93
999999.93
999999.93
999999.93
1000002.7
1000002.7
1000002.8
1000002.8
1000002.8
1000002.9
1000002.9
1000003
1000003.1
1000003.2
1000003.3
1000003.4
1000003.5
1000003.6
1000003.7
1000003.8
1000003.8
1000003.9
1000003.9
1000001.7
999999.94
999999.94
999999.94
999999.94
999999.94
999999.94
999999.94
999999.94
999999.94
999999.94
999999.94
999999.94
999999.94
999999.93
999999.93
999999.93
999999.93
999999.93
999999.93
999999.93
999999.93
999999.93
999999.93
999999.93
999999.93
999999.93
999999.93
999999.93
999999.93
999999.93
999999.93
999999.93
999999.93
999999.93
999999.93
999999.93
999999.93
999999.93
999999.93
999999.93
999999.93
999999.93
999999.93
999999.93
999999.93
999999.93
999999.93
999999.93
999999.93
999999.93
999999.93
999999.93
999999.93
999999.93
999999.93
999999.93
999999.93
999999.93
999999.93
999999.93
1000002.9
1000002.9
1000002.9
1000002.9
1000003
1000003
1000003.1
1000003.1
1000003.2
1000003.3
1000003.4
1000003.5
1000003.5
1000003.6
1000003.7
1000003.8
1000003.8
1000003.9
1000003.9
1000002.6
999999.93
999999.93
999999.93
999999.94
999999.94
999999.94
999999.94
999999.94
999999.94
999999.93
999999.93
999999.93
999999.93
999999.93
999999.93
999999.93
999999.93
999999.93
999999.93
999999.93
999999.93
999999.93
999999.93
999999.93
999999.93
999999.93
999999.93
999999.93
999999.93
999999.93
999999.93
999999.93
999999.93
999999.93
999999.93
999999.93
999999.93
999999.93
999999.93
999999.93
999999.93
999999.93
999999.93
999999.93
999999.93
999999.93
999999.93
999999.93
999999.93
999999.93
999999.93
999999.93
999999.93
999999.93
999999.93
999999.92
999999.92
999999.92
999999.92
999999.92
1000003
1000003
1000003
1000003.1
1000003.1
1000003.1
1000003.2
1000003.2
1000003.3
1000003.4
1000003.4
1000003.5
1000003.6
1000003.7
1000003.7
1000003.8
1000003.8
1000003.9
1000003.9
1000003.2
999999.93
999999.93
999999.93
999999.93
999999.93
999999.93
999999.93
999999.93
999999.93
999999.93
999999.93
999999.93
999999.93
999999.93
999999.93
999999.93
999999.93
999999.93
999999.93
999999.93
999999.93
999999.93
999999.93
999999.93
999999.93
999999.93
999999.93
999999.93
999999.93
999999.93
999999.93
999999.93
999999.93
999999.93
999999.93
999999.93
999999.93
999999.93
999999.93
999999.93
999999.93
999999.93
999999.93
999999.93
999999.93
999999.93
999999.93
999999.92
999999.92
999999.92
999999.92
999999.92
999999.92
999999.92
999999.92
999999.92
999999.92
999999.92
999999.92
999999.92
1000003.1
1000003.1
1000003.2
1000003.2
1000003.2
1000003.2
1000003.3
1000003.3
1000003.4
1000003.4
1000003.5
1000003.6
1000003.6
1000003.7
1000003.7
1000003.8
1000003.8
1000003.9
1000003.9
1000003.6
999999.93
999999.93
999999.93
999999.93
999999.93
999999.93
999999.93
999999.93
999999.93
999999.93
999999.93
999999.93
999999.93
999999.93
999999.93
999999.93
999999.93
999999.93
999999.93
999999.93
999999.93
999999.93
999999.93
999999.93
999999.93
999999.93
999999.93
999999.93
999999.93
999999.93
999999.93
999999.93
999999.93
999999.93
999999.93
999999.93
999999.93
999999.93
999999.93
999999.93
999999.92
999999.92
999999.92
999999.92
999999.92
999999.92
999999.92
999999.92
999999.92
999999.92
999999.92
999999.92
999999.92
999999.92
999999.92
999999.92
999999.92
999999.92
999999.92
999999.92
1000003.2
1000003.2
1000003.3
1000003.3
1000003.3
1000003.3
1000003.4
1000003.4
1000003.4
1000003.5
1000003.5
1000003.6
1000003.7
1000003.7
1000003.8
1000003.8
1000003.8
1000003.9
1000003.9
1000003.8
999999.93
999999.93
999999.93
999999.93
999999.93
999999.93
999999.93
999999.93
999999.93
999999.93
999999.93
999999.93
999999.93
999999.93
999999.93
999999.93
999999.93
999999.93
999999.93
999999.93
999999.93
999999.93
999999.93
999999.93
999999.93
999999.93
999999.93
999999.93
999999.93
999999.93
999999.93
999999.93
999999.93
999999.93
999999.93
999999.92
999999.92
999999.92
999999.92
999999.92
999999.92
999999.92
999999.92
999999.92
999999.92
999999.92
999999.92
999999.92
999999.92
999999.92
999999.92
999999.92
999999.92
999999.92
999999.92
999999.92
999999.92
999999.92
999999.92
999999.92
1000003.3
1000003.3
1000003.3
1000003.4
1000003.4
1000003.4
1000003.4
1000003.5
1000003.5
1000003.5
1000003.6
1000003.6
1000003.7
1000003.7
1000003.8
1000003.8
1000003.8
1000003.9
1000003.9
1000003.8
999999.92
999999.92
999999.93
999999.93
999999.93
999999.93
999999.93
999999.93
999999.93
999999.93
999999.93
999999.93
999999.93
999999.93
999999.93
999999.93
999999.93
999999.93
999999.93
999999.93
999999.93
999999.93
999999.93
999999.93
999999.93
999999.93
999999.93
999999.93
999999.93
999999.93
999999.93
999999.92
999999.92
999999.92
999999.92
999999.92
999999.92
999999.92
999999.92
999999.92
999999.92
999999.92
999999.92
999999.92
999999.92
999999.92
999999.92
999999.92
999999.92
999999.92
999999.92
999999.92
999999.92
999999.92
999999.92
999999.92
999999.92
999999.92
999999.92
999999.92
1000003.4
1000003.4
1000003.4
1000003.4
1000003.4
1000003.5
1000003.5
1000003.5
1000003.6
1000003.6
1000003.6
1000003.7
1000003.7
1000003.7
1000003.8
1000003.8
1000003.8
1000003.9
1000003.9
1000003.6
999999.92
999999.92
999999.92
999999.92
999999.93
999999.93
999999.93
999999.93
999999.93
999999.93
999999.93
999999.93
999999.93
999999.93
999999.93
999999.93
999999.93
999999.93
999999.93
999999.93
999999.93
999999.93
999999.93
999999.93
999999.93
999999.93
999999.92
999999.92
999999.92
999999.92
999999.92
999999.92
999999.92
999999.92
999999.92
999999.92
999999.92
999999.92
999999.92
999999.92
999999.92
999999.92
999999.92
999999.92
999999.92
999999.92
999999.92
999999.92
999999.92
999999.92
999999.92
999999.92
999999.92
999999.92
999999.92
999999.92
999999.92
999999.92
999999.92
999999.92
1000003.5
1000003.5
1000003.5
1000003.5
1000003.5
1000003.5
1000003.6
1000003.6
1000003.6
1000003.6
1000003.7
1000003.7
1000003.7
1000003.8
1000003.8
1000003.8
1000003.9
1000003.9
1000003.9
1000003.2
999999.92
999999.92
999999.92
999999.92
999999.92
999999.92
999999.92
999999.93
999999.93
999999.93
999999.93
999999.93
999999.93
999999.93
999999.93
999999.93
999999.93
999999.93
999999.93
999999.93
999999.93
999999.92
999999.92
999999.92
999999.92
999999.92
999999.92
999999.92
999999.92
999999.92
999999.92
999999.92
999999.92
999999.92
999999.92
999999.92
999999.92
999999.92
999999.92
999999.92
999999.92
999999.92
999999.92
999999.92
999999.92
999999.92
999999.92
999999.92
999999.92
999999.92
999999.92
999999.92
999999.92
999999.92
999999.92
999999.92
999999.92
999999.92
999999.92
999999.92
1000003.5
1000003.5
1000003.5
1000003.5
1000003.6
1000003.6
1000003.6
1000003.6
1000003.6
1000003.7
1000003.7
1000003.7
1000003.8
1000003.8
1000003.8
1000003.8
1000003.9
1000003.9
1000003.9
1000002.6
999999.92
999999.92
999999.92
999999.92
999999.92
999999.92
999999.92
999999.92
999999.92
999999.92
999999.92
999999.92
999999.92
999999.92
999999.92
999999.92
999999.92
999999.92
999999.92
999999.92
999999.92
999999.92
999999.92
999999.92
999999.92
999999.92
999999.92
999999.92
999999.92
999999.92
999999.92
999999.92
999999.92
999999.92
999999.92
999999.92
999999.92
999999.92
999999.92
999999.92
999999.92
999999.92
999999.92
999999.92
999999.92
999999.92
999999.92
999999.92
999999.92
999999.92
999999.92
999999.92
999999.92
999999.92
999999.92
999999.92
999999.92
999999.92
999999.92
999999.92
1000003.6
1000003.6
1000003.6
1000003.6
1000003.6
1000003.6
1000003.6
1000003.7
1000003.7
1000003.7
1000003.7
1000003.8
1000003.8
1000003.8
1000003.8
1000003.8
1000003.9
1000003.9
1000003.9
1000001.8
999999.92
999999.92
999999.92
999999.92
999999.92
999999.92
999999.92
999999.92
999999.92
999999.92
999999.92
999999.92
999999.92
999999.92
999999.92
999999.92
999999.92
999999.92
999999.92
999999.92
999999.92
999999.92
999999.92
999999.92
999999.92
999999.92
999999.92
999999.92
999999.92
999999.92
999999.92
999999.92
999999.92
999999.92
999999.92
999999.92
999999.92
999999.92
999999.92
999999.92
999999.92
999999.92
999999.92
999999.92
999999.92
999999.92
999999.92
999999.92
999999.92
999999.92
999999.92
999999.92
999999.92
999999.92
999999.92
999999.92
999999.92
999999.92
999999.92
999999.92
1000003.6
1000003.6
1000003.6
1000003.6
1000003.6
1000003.7
1000003.7
1000003.7
1000003.7
1000003.7
1000003.8
1000003.8
1000003.8
1000003.8
1000003.8
1000003.9
1000003.9
1000003.9
1000003.9
1000000.7
999999.92
999999.92
999999.92
999999.92
999999.92
999999.92
999999.92
999999.92
999999.92
999999.92
999999.92
999999.92
999999.92
999999.92
999999.92
999999.92
999999.92
999999.92
999999.92
999999.92
999999.92
999999.92
999999.92
999999.92
999999.92
999999.92
999999.92
999999.92
999999.92
999999.92
999999.92
999999.92
999999.92
999999.92
999999.92
999999.92
999999.92
999999.92
999999.92
999999.92
999999.92
999999.92
999999.92
999999.92
999999.92
999999.92
999999.92
999999.92
999999.92
999999.92
999999.92
999999.92
999999.92
999999.92
999999.92
999999.92
999999.92
999999.92
999999.92
999999.92
1000003.7
1000003.7
1000003.7
1000003.7
1000003.7
1000003.7
1000003.7
1000003.7
1000003.7
1000003.8
1000003.8
1000003.8
1000003.8
1000003.8
1000003.8
1000003.9
1000003.9
1000003.9
1000003.5
999999.94
999999.92
999999.92
999999.92
999999.92
999999.92
999999.92
999999.92
999999.92
999999.92
999999.92
999999.92
999999.92
999999.92
999999.92
999999.92
999999.92
999999.92
999999.92
999999.92
999999.92
999999.92
999999.92
999999.92
999999.92
999999.92
999999.92
999999.92
999999.92
999999.92
999999.92
999999.92
999999.92
999999.92
999999.92
999999.92
999999.92
999999.92
999999.92
999999.92
999999.92
999999.92
999999.92
999999.92
999999.92
999999.92
999999.92
999999.92
999999.92
999999.92
999999.92
999999.92
999999.92
999999.92
999999.92
999999.92
999999.92
999999.92
999999.92
999999.92
999999.92
1000003.7
1000003.7
1000003.7
1000003.7
1000003.7
1000003.7
1000003.7
1000003.8
1000003.8
1000003.8
1000003.8
1000003.8
1000003.8
1000003.8
1000003.9
1000003.9
1000003.9
1000003.9
1000002
999999.91
999999.91
999999.92
999999.92
999999.92
999999.92
999999.92
999999.92
999999.92
999999.92
999999.92
999999.92
999999.92
999999.92
999999.92
999999.92
999999.92
999999.92
999999.92
999999.92
999999.92
999999.92
999999.92
999999.92
999999.92
999999.92
999999.92
999999.92
999999.92
999999.92
999999.92
999999.92
999999.92
999999.92
999999.92
999999.92
999999.92
999999.92
999999.92
999999.92
999999.92
999999.92
999999.92
999999.92
999999.92
999999.92
999999.92
999999.92
999999.92
999999.92
999999.92
999999.92
999999.92
999999.92
999999.92
999999.92
999999.92
999999.92
999999.92
999999.92
999999.92
1000003.7
1000003.7
1000003.7
1000003.7
1000003.7
1000003.8
1000003.8
1000003.8
1000003.8
1000003.8
1000003.8
1000003.8
1000003.8
1000003.9
1000003.9
1000003.9
1000003.9
1000003.8
1000000.3
999999.91
999999.91
999999.91
999999.92
999999.92
999999.92
999999.92
999999.92
999999.92
999999.92
999999.92
999999.92
999999.92
999999.92
999999.92
999999.92
999999.92
999999.92
999999.92
999999.92
999999.92
999999.92
999999.92
999999.92
999999.92
999999.92
999999.92
999999.92
999999.92
999999.92
999999.92
999999.92
999999.92
999999.92
999999.92
999999.92
999999.92
999999.92
999999.92
999999.92
999999.92
999999.92
999999.92
999999.92
999999.92
999999.92
999999.92
999999.92
999999.92
999999.92
999999.92
999999.92
999999.92
999999.92
999999.92
999999.92
999999.92
999999.92
999999.92
999999.92
999999.92
1000003.8
1000003.8
1000003.8
1000003.8
1000003.8
1000003.8
1000003.8
1000003.8
1000003.8
1000003.8
1000003.8
1000003.8
1000003.9
1000003.9
1000003.9
1000003.9
1000003.9
1000002.2
999999.91
999999.91
999999.91
999999.91
999999.91
999999.92
999999.92
999999.92
999999.92
999999.92
999999.92
999999.92
999999.92
999999.92
999999.92
999999.92
999999.92
999999.92
999999.92
999999.92
999999.92
999999.92
999999.92
999999.92
999999.92
999999.92
999999.92
999999.92
999999.92
999999.92
999999.92
999999.92
999999.92
999999.92
999999.92
999999.92
999999.92
999999.92
999999.92
999999.92
999999.92
999999.92
999999.92
999999.92
999999.92
999999.92
999999.92
999999.92
999999.92
999999.92
999999.92
999999.92
999999.92
999999.92
999999.92
999999.92
999999.92
999999.92
999999.92
999999.92
999999.92
999999.92
1000003.8
1000003.8
1000003.8
1000003.8
1000003.8
1000003.8
1000003.8
1000003.8
1000003.8
1000003.8
1000003.8
1000003.9
1000003.9
1000003.9
1000003.9
1000003.9
1000003.6
1000000.2
999999.91
999999.91
999999.91
999999.91
999999.91
999999.91
999999.91
999999.92
999999.92
999999.92
999999.92
999999.92
999999.92
999999.92
999999.92
999999.92
999999.92
999999.92
999999.92
999999.92
999999.92
999999.92
999999.92
999999.92
999999.92
999999.92
999999.92
999999.92
999999.92
999999.92
999999.92
999999.92
999999.92
999999.92
999999.92
999999.92
999999.92
999999.92
999999.92
999999.92
999999.92
999999.92
999999.92
999999.92
999999.92
999999.92
999999.92
999999.92
999999.92
999999.92
999999.92
999999.92
999999.92
999999.92
999999.92
999999.92
999999.92
999999.92
999999.92
999999.92
999999.92
999999.92
1000003.8
1000003.8
1000003.8
1000003.8
1000003.8
1000003.8
1000003.8
1000003.8
1000003.8
1000003.8
1000003.9
1000003.9
1000003.9
1000003.9
1000003.9
1000003.9
1000001.2
999999.91
999999.91
999999.91
999999.91
999999.91
999999.91
999999.91
999999.91
999999.91
999999.91
999999.92
999999.92
999999.92
999999.92
999999.92
999999.92
999999.92
999999.92
999999.92
999999.92
999999.92
999999.92
999999.92
999999.92
999999.92
999999.92
999999.92
999999.92
999999.92
999999.92
999999.92
999999.92
999999.92
999999.92
999999.92
999999.92
999999.92
999999.92
999999.92
999999.92
999999.92
999999.92
999999.92
999999.92
999999.92
999999.92
999999.92
999999.92
999999.92
999999.92
999999.92
999999.92
999999.92
999999.92
999999.92
999999.92
999999.92
999999.92
999999.92
999999.92
999999.92
999999.92
999999.92
1000003.8
1000003.8
1000003.8
1000003.8
1000003.8
1000003.8
1000003.8
1000003.8
1000003.9
1000003.9
1000003.9
1000003.9
1000003.9
1000003.9
1000003.9
1000002.3
999999.91
999999.91
999999.91
999999.91
999999.91
999999.91
999999.91
999999.91
999999.91
999999.91
999999.91
999999.91
999999.91
999999.91
999999.92
999999.92
999999.92
999999.92
999999.92
999999.92
999999.92
999999.92
999999.92
999999.92
999999.92
999999.92
999999.92
999999.92
999999.92
999999.92
999999.92
999999.92
999999.92
999999.92
999999.92
999999.92
999999.92
999999.92
999999.92
999999.92
999999.92
999999.92
999999.92
999999.92
999999.92
999999.92
999999.92
999999.92
999999.92
999999.92
999999.92
999999.91
999999.91
999999.91
999999.91
999999.91
999999.91
999999.91
999999.91
999999.91
999999.91
999999.91
999999.91
999999.91
1000003.8
1000003.8
1000003.8
1000003.8
1000003.8
1000003.8
1000003.8
1000003.9
1000003.9
1000003.9
1000003.9
1000003.9
1000003.9
1000003.9
1000002.7
999999.98
999999.91
999999.91
999999.91
999999.91
999999.91
999999.91
999999.91
999999.91
999999.91
999999.91
999999.91
999999.91
999999.91
999999.91
999999.91
999999.91
999999.91
999999.91
999999.91
999999.92
999999.92
999999.92
999999.92
999999.92
999999.92
999999.92
999999.92
999999.92
999999.92
999999.92
999999.92
999999.92
999999.92
999999.92
999999.92
999999.92
999999.92
999999.92
999999.91
999999.91
999999.91
999999.91
999999.91
999999.91
999999.91
999999.91
999999.91
999999.91
999999.91
999999.91
999999.91
999999.91
999999.91
999999.91
999999.91
999999.91
999999.91
999999.91
999999.91
999999.91
999999.91
999999.91
999999.91
999999.91
1000003.8
1000003.8
1000003.8
1000003.8
1000003.9
1000003.9
1000003.9
1000003.9
1000003.9
1000003.9
1000003.9
1000003.9
1000003.9
1000002.7
1000000
999999.91
999999.91
999999.91
999999.91
999999.91
999999.91
999999.91
999999.91
999999.91
999999.91
999999.91
999999.91
999999.91
999999.91
999999.91
999999.91
999999.91
999999.91
999999.91
999999.91
999999.91
999999.91
999999.91
999999.91
999999.91
999999.91
999999.91
999999.91
999999.91
999999.91
999999.91
999999.91
999999.91
999999.91
999999.91
999999.91
999999.91
999999.91
999999.91
999999.91
999999.91
999999.91
999999.91
999999.91
999999.91
999999.91
999999.91
999999.91
999999.91
999999.91
999999.91
999999.91
999999.91
999999.91
999999.91
999999.91
999999.91
999999.91
999999.91
999999.91
999999.91
999999.91
999999.91
999999.91
999999.91
1000003.9
1000003.9
1000003.9
1000003.9
1000003.9
1000003.9
1000003.9
1000003.9
1000003.9
1000003.9
1000003.9
1000003.9
1000002.3
999999.98
999999.9
999999.91
999999.91
999999.91
999999.91
999999.91
999999.91
999999.91
999999.91
999999.91
999999.91
999999.91
999999.91
999999.91
999999.91
999999.91
999999.91
999999.91
999999.91
999999.91
999999.91
999999.91
999999.91
999999.91
999999.91
999999.91
999999.91
999999.91
999999.91
999999.91
999999.91
999999.91
999999.91
999999.91
999999.91
999999.91
999999.91
999999.91
999999.91
999999.91
999999.91
999999.91
999999.91
999999.91
999999.91
999999.91
999999.91
999999.91
999999.91
999999.91
999999.91
999999.91
999999.91
999999.91
999999.91
999999.91
999999.91
999999.91
999999.91
999999.91
999999.91
999999.91
999999.91
999999.91
999999.91
999999.91
1000003.9
1000003.9
1000003.9
1000003.9
1000003.9
1000003.9
1000003.9
1000003.9
1000003.9
1000003.9
1000003.6
1000001.2
999999.9
999999.9
999999.9
999999.9
999999.91
999999.91
999999.91
999999.91
999999.91
999999.91
999999.91
999999.91
999999.91
999999.91
999999.91
999999.91
999999.91
999999.91
999999.91
999999.91
999999.91
999999.91
999999.91
999999.91
999999.91
999999.91
999999.91
999999.91
999999.91
999999.91
999999.91
999999.91
999999.91
999999.91
999999.91
999999.91
999999.91
999999.91
999999.91
999999.91
999999.91
999999.91
999999.91
999999.91
999999.91
999999.91
999999.91
999999.91
999999.91
999999.91
999999.91
999999.91
999999.91
999999.91
999999.91
999999.91
999999.91
999999.91
999999.91
999999.91
999999.91
999999.91
999999.91
999999.91
999999.91
999999.91
999999.91
999999.91
1000003.9
1000003.9
1000003.9
1000003.9
1000003.9
1000003.9
1000003.9
1000003.9
1000003.8
1000002.2
1000000.2
999999.9
999999.9
999999.9
999999.9
999999.9
999999.9
999999.91
999999.91
999999.91
999999.91
999999.91
999999.91
999999.91
999999.91
999999.91
999999.91
999999.91
999999.91
999999.91
999999.91
999999.91
999999.91
999999.91
999999.91
999999.91
999999.91
999999.91
999999.91
999999.91
999999.91
999999.91
999999.91
999999.91
999999.91
999999.91
999999.91
999999.91
999999.91
999999.91
999999.91
999999.91
999999.91
999999.91
999999.91
999999.91
999999.91
999999.91
999999.91
999999.91
999999.91
999999.91
999999.91
999999.91
999999.91
999999.91
999999.91
999999.91
999999.91
999999.91
999999.91
999999.91
999999.91
999999.91
999999.91
999999.91
999999.91
999999.91
999999.91
999999.91
1000003.9
1000003.9
1000003.9
1000003.9
1000003.9
1000003.9
1000003.4
1000001.9
1000000.3
999999.9
999999.9
999999.9
999999.9
999999.9
999999.9
999999.9
999999.9
999999.91
999999.91
999999.91
999999.91
999999.91
999999.91
999999.91
999999.91
999999.91
999999.91
999999.91
999999.91
999999.91
999999.91
999999.91
999999.91
999999.91
999999.91
999999.91
999999.91
999999.91
999999.91
999999.91
999999.91
999999.91
999999.91
999999.91
999999.91
999999.91
999999.91
999999.91
999999.91
999999.91
999999.91
999999.91
999999.91
999999.91
999999.91
999999.91
999999.91
999999.91
999999.91
999999.91
999999.91
999999.91
999999.91
999999.91
999999.91
999999.91
999999.91
999999.91
999999.91
999999.91
999999.91
999999.91
999999.91
999999.91
999999.91
999999.91
999999.91
999999.91
999999.91
999999.91
1000003.9
1000003.7
1000003.2
1000002.6
1000001.7
1000000.7
999999.92
999999.9
999999.9
999999.9
999999.9
999999.9
999999.9
999999.9
999999.9
999999.9
999999.9
999999.9
999999.91
999999.91
999999.91
999999.91
999999.91
999999.91
999999.91
999999.91
999999.91
999999.91
999999.91
999999.91
999999.91
999999.91
999999.91
999999.91
999999.91
999999.91
999999.91
999999.91
999999.91
999999.91
999999.91
999999.91
999999.91
999999.91
999999.91
999999.91
999999.91
999999.91
999999.91
999999.91
999999.91
999999.91
999999.91
999999.91
999999.91
999999.91
999999.91
999999.91
999999.91
999999.91
999999.91
999999.91
999999.91
999999.91
999999.91
999999.91
999999.91
999999.91
999999.91
999999.91
999999.91
999999.91
999999.91
999999.91
999999.91
999999.91
999999.91
999999.91
999999.91
999999.91
999999.9
999999.9
999999.9
999999.9
999999.9
999999.9
999999.9
999999.9
999999.9
999999.9
999999.9
999999.9
999999.9
999999.9
999999.9
999999.9
999999.9
999999.9
999999.91
999999.91
999999.91
999999.91
999999.91
999999.91
999999.91
999999.91
999999.91
999999.91
999999.91
999999.91
999999.91
999999.91
999999.91
999999.91
999999.91
999999.91
999999.91
999999.91
999999.91
999999.91
999999.91
999999.91
999999.91
999999.91
999999.91
999999.91
999999.91
999999.91
999999.91
999999.91
999999.91
999999.91
999999.91
999999.91
999999.91
999999.91
999999.91
999999.91
999999.91
999999.91
999999.91
999999.91
999999.91
999999.91
999999.91
999999.91
999999.91
999999.91
999999.91
999999.91
999999.91
999999.91
999999.91
999999.91
999999.91
999999.91
999999.91
999999.91
999999.91
999999.91
999999.9
999999.9
999999.9
999999.9
999999.9
999999.9
999999.9
999999.9
999999.9
999999.9
999999.9
999999.9
999999.9
999999.9
999999.9
999999.9
999999.9
999999.9
999999.9
999999.9
999999.91
999999.91
999999.91
999999.91
999999.91
999999.91
999999.91
999999.91
999999.91
999999.91
999999.91
999999.91
999999.91
999999.91
999999.91
999999.91
999999.91
999999.91
999999.91
999999.91
999999.91
999999.91
999999.91
999999.91
999999.91
999999.91
999999.91
999999.91
999999.91
999999.91
999999.91
999999.91
999999.91
999999.91
999999.91
999999.91
999999.91
999999.91
999999.91
999999.91
999999.91
999999.91
999999.91
999999.91
999999.91
999999.91
999999.91
999999.91
999999.91
999999.91
999999.91
999999.91
999999.91
999999.91
999999.91
999999.91
999999.91
999999.91
999999.91
999999.91
999999.9
999999.9
999999.9
999999.9
999999.9
999999.9
999999.9
999999.9
999999.9
999999.9
999999.9
999999.9
999999.9
999999.9
999999.9
999999.9
999999.9
999999.9
999999.9
999999.9
999999.9
999999.91
999999.91
999999.91
999999.91
999999.91
999999.91
999999.91
999999.91
999999.91
999999.91
999999.91
999999.91
999999.91
999999.91
999999.91
999999.91
999999.91
999999.91
999999.91
999999.91
999999.91
999999.91
999999.91
999999.91
999999.91
999999.91
999999.91
999999.91
999999.91
999999.91
999999.91
999999.91
999999.91
999999.91
999999.91
999999.91
999999.91
999999.91
999999.91
999999.91
999999.91
999999.91
999999.91
999999.91
999999.91
999999.91
999999.91
999999.91
999999.91
999999.91
999999.91
999999.91
999999.91
999999.91
999999.91
999999.91
999999.91
999999.91
999999.91
999999.9
999999.9
999999.9
999999.9
999999.9
999999.9
999999.9
999999.9
999999.9
999999.9
999999.9
999999.9
999999.9
999999.9
999999.9
999999.9
999999.9
999999.9
999999.9
999999.9
999999.9
999999.9
999999.9
999999.91
999999.91
999999.91
999999.91
999999.91
999999.91
999999.91
999999.91
999999.91
999999.91
999999.91
999999.91
999999.91
999999.91
999999.91
999999.91
999999.91
999999.91
999999.91
999999.91
999999.91
999999.91
999999.91
999999.91
999999.91
999999.91
999999.91
999999.91
999999.91
999999.91
999999.91
999999.91
999999.91
999999.91
999999.91
999999.91
999999.91
999999.91
999999.91
999999.91
999999.91
999999.91
999999.91
999999.91
999999.91
999999.91
999999.91
999999.91
999999.91
999999.91
999999.91
999999.91
999999.91
999999.91
999999.91
999999.91
999999.91
999999.9
999999.9
999999.9
999999.9
999999.9
999999.9
999999.9
999999.9
999999.9
999999.9
999999.9
999999.9
999999.9
999999.9
999999.9
999999.9
999999.9
999999.9
999999.9
999999.9
999999.9
999999.9
999999.9
999999.9
999999.9
999999.91
999999.91
999999.91
999999.91
999999.91
999999.91
999999.91
999999.91
999999.91
999999.91
999999.91
999999.91
999999.91
999999.91
999999.91
999999.91
999999.91
999999.91
999999.91
999999.91
999999.91
999999.91
999999.91
999999.91
999999.91
999999.91
999999.91
999999.91
999999.91
999999.91
999999.91
999999.91
999999.91
999999.91
999999.91
999999.91
999999.91
999999.91
999999.91
999999.91
999999.91
999999.91
999999.91
999999.91
999999.91
999999.91
999999.91
999999.91
999999.91
999999.91
999999.91
999999.91
999999.91
999999.91
999999.91
999999.9
999999.9
999999.9
999999.9
999999.9
999999.9
999999.9
999999.9
999999.9
999999.9
999999.9
999999.9
999999.9
999999.9
999999.9
999999.9
999999.9
999999.9
999999.9
999999.9
999999.9
999999.9
999999.9
999999.9
999999.9
999999.9
999999.9
999999.9
999999.91
999999.91
999999.91
999999.91
999999.91
999999.91
999999.91
999999.91
999999.91
999999.91
999999.91
999999.91
999999.91
999999.91
999999.91
999999.91
999999.91
999999.91
999999.91
999999.91
999999.91
999999.91
999999.91
999999.91
999999.91
999999.91
999999.91
999999.91
999999.91
999999.91
999999.91
999999.91
999999.91
999999.91
999999.91
999999.91
999999.91
999999.91
999999.91
999999.91
999999.91
999999.91
999999.91
999999.91
999999.91
999999.91
999999.91
999999.91
999999.91
999999.91
999999.91
999999.91
999999.9
999999.9
999999.9
999999.9
999999.9
999999.9
999999.9
999999.9
999999.9
999999.9
999999.9
999999.9
999999.9
999999.9
999999.9
999999.9
999999.9
999999.9
999999.9
999999.9
999999.9
999999.9
999999.9
999999.9
999999.9
999999.9
999999.9
999999.9
999999.9
999999.9
999999.9
999999.9
999999.9
999999.91
999999.91
999999.91
999999.91
999999.91
999999.91
999999.91
999999.91
999999.91
999999.91
999999.91
999999.91
999999.91
999999.91
999999.91
999999.91
999999.91
999999.91
999999.91
999999.91
999999.91
999999.91
999999.91
999999.91
999999.91
999999.91
999999.91
999999.91
999999.91
999999.91
999999.91
999999.91
999999.91
999999.91
999999.91
999999.91
999999.91
999999.91
999999.91
999999.91
999999.91
999999.91
999999.91
999999.91
999999.91
999999.91
999999.91
999999.9
999999.9
999999.9
999999.9
999999.9
999999.9
999999.9
999999.9
999999.9
999999.9
999999.9
999999.9
999999.9
999999.9
999999.9
999999.9
999999.9
999999.9
999999.9
999999.9
999999.9
999999.9
999999.9
999999.9
999999.9
999999.9
999999.9
999999.9
999999.9
999999.9
999999.9
999999.9
999999.9
999999.9
999999.9
999999.9
999999.9
999999.9
999999.9
999999.9
999999.9
999999.9
999999.9
999999.9
999999.9
999999.91
999999.91
999999.91
999999.91
999999.91
999999.91
999999.91
999999.91
999999.91
999999.91
999999.91
999999.91
999999.91
999999.91
999999.91
999999.91
999999.9
999999.9
999999.9
999999.9
999999.9
999999.9
999999.9
999999.9
999999.9
999999.9
999999.9
999999.9
999999.9
999999.9
999999.9
999999.9
999999.9
999999.9
999999.9
999999.9
999999.9
999999.9
999999.9
999999.9
999999.9
999999.9
999999.9
999999.9
999999.9
999999.9
999999.9
999999.9
999999.9
999999.9
999999.9
999999.9
999999.9
999999.9
999999.9
999999.9
999999.9
999999.9
999999.9
999999.9
999999.9
999999.9
999999.9
999999.9
999999.9
999999.9
999999.9
999999.9
999999.9
999999.9
999999.9
999999.9
999999.9
999999.9
999999.9
999999.9
999999.9
999999.9
999999.9
999999.9
999999.9
999999.9
999999.9
999999.9
999999.9
999999.9
999999.9
999999.9
999999.9
999999.9
999999.9
999999.9
999999.9
999999.9
999999.9
999999.9
999999.9
999999.9
999999.9
999999.9
999999.9
999999.9
999999.9
999999.9
999999.9
999999.9
999999.9
999999.9
999999.9
999999.9
999999.9
999999.9
999999.9
999999.9
999999.9
999999.9
999999.9
999999.9
999999.9
999999.9
999999.9
999999.9
999999.9
999999.9
999999.9
999999.9
999999.9
999999.9
999999.9
999999.9
999999.9
999999.9
999999.9
999999.9
999999.9
999999.9
999999.9
999999.9
999999.9
999999.9
999999.9
999999.9
999999.9
999999.9
999999.9
999999.9
999999.9
999999.9
999999.9
999999.9
999999.9
999999.9
999999.9
999999.9
999999.9
999999.9
999999.9
999999.9
999999.9
999999.9
999999.9
999999.9
999999.9
999999.9
999999.9
999999.9
999999.9
999999.9
999999.9
999999.9
999999.9
999999.9
999999.9
999999.9
999999.9
999999.9
999999.9
999999.9
999999.9
999999.9
999999.9
999999.9
999999.9
999999.9
999999.9
999999.9
999999.9
999999.9
999999.9
999999.9
999999.9
999999.9
999999.9
999999.9
999999.9
999999.9
999999.9
999999.9
999999.9
999999.9
999999.9
999999.9
999999.9
999999.9
999999.9
999999.9
999999.9
999999.9
999999.9
999999.9
999999.9
999999.9
999999.9
999999.9
999999.9
999999.9
999999.9
999999.9
999999.9
999999.9
999999.9
999999.9
999999.9
999999.9
999999.9
999999.9
999999.9
999999.9
999999.9
999999.9
999999.9
999999.9
999999.9
999999.9
999999.9
999999.9
999999.9
999999.9
999999.9
999999.9
999999.9
999999.9
999999.9
999999.9
999999.9
999999.9
999999.9
999999.9
999999.9
999999.9
999999.9
999999.9
999999.9
999999.9
999999.9
999999.9
999999.9
999999.9
999999.9
999999.9
999999.9
999999.9
999999.9
999999.9
999999.9
999999.9
999999.9
999999.9
999999.9
999999.9
999999.9
999999.9
999999.9
999999.9
999999.9
999999.9
999999.9
999999.9
999999.9
999999.9
999999.9
999999.9
999999.9
999999.9
999999.9
999999.9
999999.9
999999.9
999999.9
999999.9
999999.9
999999.9
999999.9
999999.9
999999.9
999999.9
999999.9
999999.9
999999.9
999999.9
999999.9
999999.9
999999.9
999999.9
999999.9
999999.9
999999.9
999999.9
999999.9
999999.9
999999.9
999999.9
999999.9
999999.9
999999.9
999999.9
999999.9
999999.9
999999.9
999999.9
999999.9
999999.9
999999.9
999999.9
999999.9
999999.9
999999.9
999999.9
999999.9
999999.9
999999.9
999999.9
999999.9
999999.9
999999.9
999999.9
999999.9
999999.9
999999.9
999999.9
999999.9
999999.9
999999.9
999999.9
999999.9
999999.9
999999.9
999999.9
999999.9
999999.9
999999.9
999999.9
999999.9
999999.9
999999.9
999999.9
999999.9
999999.9
999999.9
999999.9
999999.9
999999.9
999999.9
999999.9
999999.9
999999.9
999999.9
999999.9
999999.9
999999.9
999999.9
999999.9
999999.9
999999.9
999999.9
999999.9
999999.9
999999.9
999999.9
999999.9
999999.9
999999.9
999999.9
999999.9
999999.9
999999.9
999999.9
999999.9
999999.9
999999.9
999999.9
999999.9
999999.9
999999.9
999999.9
999999.9
999999.9
999999.9
999999.9
999999.9
999999.9
999999.9
999999.9
999999.9
999999.9
999999.9
999999.9
999999.9
999999.9
999999.9
999999.9
999999.9
999999.9
999999.9
999999.9
999999.9
999999.9
999999.9
999999.9
999999.9
999999.9
999999.9
999999.9
999999.9
999999.9
999999.9
999999.9
999999.9
999999.9
999999.9
999999.9
999999.9
999999.9
999999.9
999999.9
999999.9
999999.9
999999.9
999999.9
999999.9
999999.9
999999.9
999999.9
999999.9
999999.9
999999.9
999999.9
999999.9
999999.9
999999.9
999999.9
999999.9
999999.9
999999.9
999999.9
999999.9
999999.9
999999.9
999999.9
999999.9
999999.9
999999.9
999999.9
999999.9
999999.9
999999.9
999999.9
999999.9
999999.9
999999.9
999999.9
999999.9
999999.9
999999.9
999999.9
999999.9
999999.9
999999.9
999999.9
999999.9
999999.9
999999.9
999999.9
999999.9
999999.9
999999.9
999999.9
999999.9
999999.9
999999.9
999999.9
999999.9
999999.9
999999.9
999999.9
999999.9
999999.9
999999.9
999999.9
999999.9
999999.9
999999.9
999999.9
999999.9
999999.9
999999.9
999999.9
999999.9
999999.9
999999.9
999999.9
999999.9
999999.9
999999.9
999999.9
999999.9
999999.9
999999.9
999999.9
999999.9
999999.9
999999.9
999999.9
999999.9
999999.9
999999.9
999999.9
999999.9
999999.9
999999.9
999999.9
999999.9
999999.9
999999.9
999999.9
999999.9
999999.9
999999.9
999999.9
999999.9
999999.9
999999.9
999999.9
999999.9
999999.9
999999.9
999999.9
999999.9
999999.9
999999.9
999999.9
999999.9
999999.9
999999.9
999999.9
999999.9
999999.9
999999.9
999999.9
999999.9
999999.9
999999.9
999999.9
999999.9
999999.9
999999.9
999999.9
999999.9
999999.9
999999.9
999999.9
999999.9
999999.9
999999.9
999999.9
999999.9
999999.9
999999.9
999999.9
999999.9
999999.9
999999.9
999999.9
999999.9
999999.9
999999.9
999999.9
999999.9
999999.9
999999.9
999999.9
999999.9
999999.9
999999.9
999999.9
999999.9
999999.9
999999.9
999999.9
999999.9
999999.9
999999.9
999999.9
999999.9
999999.9
999999.9
999999.9
999999.9
999999.9
999999.9
999999.9
999999.9
999999.9
999999.9
999999.9
999999.9
999999.9
999999.9
999999.9
999999.9
999999.9
999999.9
999999.9
999999.9
999999.9
999999.9
999999.9
999999.9
999999.9
999999.9
999999.9
999999.9
999999.9
999999.9
999999.9
999999.9
999999.9
999999.9
999999.9
999999.9
999999.9
999999.9
999999.9
999999.9
999999.9
999999.9
999999.9
999999.9
999999.9
999999.9
999999.9
999999.9
999999.9
999999.9
999999.9
999999.9
999999.9
999999.9
999999.9
999999.9
999999.9
999999.9
999999.9
999999.9
999999.9
999999.9
999999.9
999999.9
999999.9
999999.9
999999.9
999999.9
999999.9
999999.9
999999.9
999999.9
999999.9
999999.9
999999.9
999999.9
999999.9
999999.9
999999.9
999999.9
999999.9
999999.9
999999.9
999999.9
999999.9
999999.9
999999.9
999999.9
999999.9
999999.9
999999.9
999999.9
999999.9
999999.9
999999.9
999999.9
999999.9
999999.9
999999.9
999999.9
999999.9
999999.9
999999.9
999999.9
999999.9
999999.9
999999.9
999999.9
999999.9
999999.9
999999.9
999999.9
999999.9
999999.9
999999.9
999999.9
999999.9
999999.9
999999.9
999999.9
999999.9
999999.9
999999.9
999999.9
999999.9
999999.9
999999.9
999999.9
999999.9
999999.9
999999.9
999999.9
999999.9
999999.9
999999.9
999999.9
999999.9
999999.9
999999.9
999999.9
999999.9
999999.9
999999.9
999999.9
999999.9
999999.9
999999.9
999999.9
999999.9
999999.9
999999.9
999999.9
999999.9
999999.9
999999.9
999999.9
999999.9
999999.9
999999.9
999999.9
999999.9
999999.9
999999.9
999999.9
999999.9
999999.9
999999.9
999999.9
999999.9
999999.9
999999.9
999999.9
999999.9
999999.9
999999.9
999999.9
999999.9
999999.9
999999.9
999999.9
999999.9
999999.9
999999.9
999999.9
999999.9
999999.9
999999.9
999999.9
999999.9
999999.9
999999.9
999999.9
999999.9
999999.9
999999.9
999999.9
999999.9
999999.9
999999.9
999999.9
999999.9
999999.9
999999.9
999999.9
999999.9
999999.9
999999.9
999999.9
999999.9
999999.9
999999.9
999999.9
999999.9
999999.9
999999.9
999999.9
999999.9
999999.9
999999.9
999999.9
999999.9
999999.9
999999.9
999999.9
999999.9
999999.9
999999.9
999999.9
999999.9
999999.9
999999.9
999999.89
999999.89
999999.89
999999.89
999999.9
999999.9
999999.9
999999.9
999999.9
999999.9
999999.9
999999.9
999999.9
999999.9
999999.9
999999.9
999999.9
999999.9
999999.9
999999.9
999999.9
999999.9
999999.9
999999.9
999999.9
999999.9
999999.9
999999.9
999999.9
999999.9
999999.9
999999.9
999999.9
999999.9
999999.9
999999.9
999999.9
999999.9
999999.9
999999.9
999999.9
999999.9
999999.9
999999.9
999999.9
999999.9
999999.9
999999.9
999999.9
999999.9
999999.9
999999.9
999999.9
999999.9
999999.9
999999.9
999999.9
999999.9
999999.9
999999.9
999999.9
999999.9
999999.9
999999.9
999999.9
999999.9
999999.9
999999.9
999999.9
999999.9
999999.9
999999.9
999999.9
999999.9
999999.9
999999.9
999999.9
999999.9
999999.9
999999.9
)
;

boundaryField
{
    bottom
    {
        type            calculated;
        value           nonuniform List<scalar> 0();
    }
    top
    {
        type            calculated;
        value           nonuniform List<scalar> 0();
    }
    right
    {
        type            calculated;
        value           nonuniform List<scalar> 0();
    }
    back
    {
        type            wedge;
    }
    front
    {
        type            wedge;
    }
    axis
    {
        type            empty;
    }
    procBoundary2to0
    {
        type            processor;
        value           nonuniform List<scalar> 
80
(
999999.68
999999.68
999999.68
999999.68
999999.69
999999.69
999999.7
999999.7
999999.71
999999.72
999999.73
999999.75
999999.76
999999.77
999999.79
999999.81
999999.82
999999.84
999999.86
999999.87
999999.89
999999.91
999999.92
999999.94
999999.95
999999.96
999999.97
999999.99
1000000
1000000
1000000
1000000
1000000
1000000
1000000
1000000.1
1000000.1
1000000.1
1000000.1
1000000.1
1000000.1
1000000.1
1000000.1
1000000.1
1000000.1
1000000.1
1000000.1
1000000.1
1000000.1
1000000.1
1000000.1
1000000.1
1000000.1
1000000.1
1000000.1
1000000.1
1000000.1
1000000.1
1000000.1
1000000.1
1000000.1
1000000.1
1000000.1
1000000.1
1000000.1
1000000.1
1000000.1
1000000.1
1000000.1
1000000.1
1000000.1
1000000.1
1000000.1
1000000.1
1000000.1
1000000.1
1000000.1
1000000.1
1000000.1
1000000.1
)
;
    }
    procBoundary2to3
    {
        type            processor;
        value           nonuniform List<scalar> 
80
(
1000000.1
1000000.1
1000000.1
1000000.1
1000000.1
1000000.1
1000000.1
1000000.1
1000000
1000000
1000000
1000000
1000000
1000000
999999.99
999999.98
999999.97
999999.96
999999.95
999999.94
999999.94
999999.93
999999.93
999999.93
999999.93
999999.93
999999.93
999999.93
999999.93
999999.93
999999.93
999999.93
999999.93
999999.93
999999.93
999999.93
999999.93
999999.92
999999.92
999999.92
999999.92
999999.92
999999.92
999999.92
999999.92
999999.92
999999.92
999999.92
999999.92
999999.92
999999.92
999999.92
999999.92
999999.91
999999.91
999999.91
999999.91
999999.91
999999.91
999999.91
999999.91
999999.91
999999.91
999999.91
999999.91
999999.91
999999.91
999999.91
999999.9
999999.9
999999.9
999999.9
999999.9
999999.9
999999.9
999999.9
999999.9
999999.9
999999.9
999999.9
)
;
    }
    procBoundary2to4
    {
        type            processor;
        value           nonuniform List<scalar> 
80
(
999999.89
999999.89
999999.89
999999.89
999999.89
999999.89
999999.89
999999.89
999999.89
999999.89
999999.89
999999.89
999999.89
999999.89
999999.9
999999.9
999999.9
999999.9
999999.9
999999.9
999999.9
999999.9
999999.9
999999.9
999999.9
999999.9
999999.9
999999.9
999999.9
999999.9
999999.9
999999.9
999999.9
999999.9
999999.9
999999.9
999999.9
999999.9
999999.9
999999.9
999999.9
999999.9
999999.9
999999.9
999999.9
999999.9
999999.9
999999.9
999999.9
999999.9
999999.9
999999.9
999999.9
999999.9
999999.9
999999.9
999999.9
999999.9
999999.9
999999.9
999999.9
999999.9
999999.9
999999.9
999999.9
999999.9
999999.9
999999.9
999999.9
999999.9
999999.9
999999.9
999999.9
999999.9
999999.9
999999.9
999999.9
999999.9
999999.9
999999.9
)
;
    }
}


// ************************************************************************* //
