/*--------------------------------*- C++ -*----------------------------------*\
| =========                 |                                                 |
| \\      /  F ield         | OpenFOAM: The Open Source CFD Toolbox           |
|  \\    /   O peration     | Version:  2106                                  |
|   \\  /    A nd           | Website:  www.openfoam.com                      |
|    \\/     M anipulation  |                                                 |
\*---------------------------------------------------------------------------*/
FoamFile
{
    version     2.0;
    format      ascii;
    arch        "LSB;label=32;scalar=64";
    class       volScalarField;
    location    "0.044";
    object      K_;
}
// * * * * * * * * * * * * * * * * * * * * * * * * * * * * * * * * * * * * * //

dimensions      [0 -1 0 0 0 0 0];

internalField   nonuniform List<scalar> 
1024
(
0
0
0
0
0
0
0
0
0
0
0
0
0
0
0
0
0
0
0
0
0
0
0
0
0
0
0
0
0
0
0
0
0
0
0
0
0
0
0
0
0
0
0
0
0
0
0
0
0
0
0
0
0
0
0
0
0
0
0
0
0
0
0
0
0
0
0
0
0
0
0
0
0
0
0
0
0
0
0
0
0
0
0
0
0
0
0
0
0
0
0
0
0
0
0
0
0
0
0
0
0
0
0
0
0
0
0
0
0
0
0
0
0
0
0
0
0
0
0
0
0
0
0
0
0
0
0
0
0
0
0
0
0
0
0
0
0
0
0
0
0
0
0
0
0
0
0
0
0
0
0
0
0
0
0
0
0
0
0
0
0
0
0
0
0
0
0
0
0
0
0
0
0
0
0
0
0
0
0
0
0
0
0
0
0
0
0
0
0
0
0
0
0
0
0
0
0
0
0
0
0
0
0
0
0
0
0
0
0
0
0
0
0
0
0
0
0
0
0
0
0
0
0
0
0
0
0
0
0
0
0
0
0
0
0
0
0
0
0
0
0
0
0
0
0
0
0
0
0
0
0
0
0
0
0
0
0
0
0
0
0
0
0
0
0
0
0
0
0
0
0
0
0
0
0
0
0
0
0
0
0
0
0
0
0
0
0
0
0
0
0
0
0
0
0
0
0
0
0
0
0
0
0
0
0
0
0
0
0
0
0
0
0
0
0
0
0
0
0
0
0
0
0
0
0
0
0
0
0
0
0
0
0
0
0
0
0
0
0
0
0
0
0
0
0
0
0
0
0
0
0
0
0
0
0
0
0
0
0
0
0
0
0
0
0
0
0
0
0
0
0
0
0
0
0
0
0
0
0
0
0
0
0
0
-0.0098192591
-0.0094398502
-0.0087025554
-0.0076312912
-0.0062645196
-0.0046611413
-0.0028768391
-0.00097238019
0.00097323454
0.0028746608
0.0046567767
0
0
0
0
0
0
0
0
0
0
0.0046611746
0.0028779118
0.00097265002
-0.00097364195
-0.0028757058
-0.0046566617
-0.0062627734
-0.0076342223
-0.0087055443
-0.0094425938
-0.0098208315
-0.0098192591
-0.0094398502
-0.0087025554
-0.0076312912
-0.0062645196
-0.0046611413
-0.0028768391
-0.00097238019
0.00097323454
0.0028746608
0.0046567767
0.0062634692
0.007633838
0.0087053063
0.0094428357
0.0098213816
0.0098201435
0.0094400726
0.0087024142
0.0076308364
0.0062631049
0.0046611746
0.0028779118
0.00097265002
-0.00097364195
-0.0028757058
-0.0046566617
-0.0062627734
-0.0076342223
-0.0087055443
-0.0094425938
-0.0098208315
-0.0098192591
-0.0094398502
-0.0087025554
-0.0076312912
-0.0062645196
-0.0046611413
-0.0028768391
-0.00097238019
0.00097323454
0.0028746608
0.0046567767
0.0062634692
0.007633838
0.0087053063
0.0094428357
0.0098213816
0.0098201435
0.0094400726
0.0087024142
0.0076308364
0.0062631049
0.0046611746
0.0028779118
0.00097265002
-0.00097364195
-0.0028757058
-0.0046566617
-0.0062627734
-0.0076342223
-0.0087055443
-0.0094425938
-0.0098208315
-0.0098192591
-0.0094398502
-0.0087025554
-0.0076312912
-0.0062645196
-0.0046611413
-0.0028768391
-0.00097238019
0.00097323454
0.0028746608
0.0046567767
0.0062634692
0.007633838
0.0087053063
0.0094428357
0.0098213816
0.0098201435
0.0094400726
0.0087024142
0.0076308364
0.0062631049
0.0046611746
0.0028779118
0.00097265002
-0.00097364195
-0.0028757058
-0.0046566617
-0.0062627734
-0.0076342223
-0.0087055443
-0.0094425938
-0.0098208315
-0.0098192591
-0.0094398502
-0.0087025554
-0.0076312912
-0.0062645196
-0.0046611413
-0.0028768391
-0.00097238019
0.00097323454
0.0028746608
0.0046567767
0.0062634692
0.007633838
0.0087053063
0.0094428357
0.0098213816
0.0098201435
0.0094400726
0.0087024142
0.0076308364
0.0062631049
0.0046611746
0.0028779118
0.00097265002
-0.00097364195
-0.0028757058
-0.0046566617
-0.0062627734
-0.0076342223
-0.0087055443
-0.0094425938
-0.0098208315
-0.0098192591
-0.0094398502
-0.0087025554
-0.0076312912
-0.0062645196
-0.0046611413
-0.0028768391
-0.00097238019
0.00097323454
0.0028746608
0.0046567767
0.0062634692
0.007633838
0.0087053063
0.0094428357
0.0098213816
0.0098201435
0.0094400726
0.0087024142
0.0076308364
0.0062631049
0.0046611746
0.0028779118
0.00097265002
-0.00097364195
-0.0028757058
-0.0046566617
-0.0062627734
-0.0076342223
-0.0087055443
-0.0094425938
-0.0098208315
-0.0098192591
-0.0094398502
-0.0087025554
-0.0076312912
-0.0062645196
-0.0046611413
-0.0028768391
-0.00097238019
0.00097323454
0.0028746608
0.0046567767
0.0062634692
0.007633838
0.0087053063
0.0094428357
0.0098213816
0.0098201435
0.0094400726
0.0087024142
0.0076308364
0.0062631049
0.0046611746
0.0028779118
0.00097265002
-0.00097364195
-0.0028757058
-0.0046566617
-0.0062627734
-0.0076342223
-0.0087055443
-0.0094425938
-0.0098208315
0
0
0
0
0
-0.0046611413
-0.0028768391
-0.00097238019
0.00097323454
0.0028746608
0.0046567767
0.0062634692
0.007633838
0.0087053063
0.0094428357
0.0098213816
0.0098201435
0.0094400726
0.0087024142
0.0076308364
0.0062631049
0.0046611746
0.0028779118
0.00097265002
-0.00097364195
-0.0028757058
-0.0046566617
0
0
0
0
0
0
0
0
0
0
0
0
0
0
0
0
0
0
0
0
0
0
0
0
0
0
0
0
0
0
0
0
0
0
0
0
0
0
0
0
0
0
0
0
0
0
0
0
0
0
0
0
0
0
0
0
0
0
0
0
0
0
0
0
0
0
0
0
0
0
0
0
0
0
0
0
0
0
0
0
0
0
0
0
0
0
0
0
0
0
0
0
0
0
0
0
0
0
0
0
0
0
0
0
0
0
0
0
0
0
0
0
0
0
0
0
0
0
0
0
0
0
0
0
0
0
0
0
0
0
0
0
0
0
0
0
0
0
0
0
0
0
0
0
0
0
0
0
0
0
0
0
0
0
0
0
0
0
0
0
0
0
0
0
0
0
0
0
0
0
0
0
0
0
0
0
0
0
0
0
0
0
0
0
0
0
0
0
0
0
0
0
0
0
0
0
0
0
0
0
0
0
0
0
0
0
0
0
0
0
0
0
0
0
0
0
0
0
0
0
0
0
0
0
0
0
0
0
0
0
0
0
0
0
0
0
0
0
0
0
0
0
0
0
0
0
0
0
0
0
0
0
0
0
0
0
0
0
0
0
0
0
0
0
0
0
0
0
0
0
0
0
0
0
0
0
0
0
0
0
0
0
0
0
0
0
0
0
0
0
0
0
0
0
0
0
0
0
0
0
0
0
0
0
0
0
0
0
0
0
0
0
0
0
0
0
0
0
0
0
0
0
0
0
0
0
0
0
0
0
0
0
0
0
0
0
0
0
0
0
0
0
0
0
0
0
0
0
0
0
0
0
0
0
0
0
0
0
0
0
0
0
0
0
0
0
0
0
0
0
0
0
0
0
0
0
0
0
0
0
0
0
0
0
0
0
0
0
0
)
;

boundaryField
{
    leftWall
    {
        type            cyclic;
    }
    rightWall
    {
        type            cyclic;
    }
    lowerWall
    {
        type            zeroGradient;
    }
    atmosphere
    {
        type            zeroGradient;
    }
    defaultFaces
    {
        type            empty;
    }
}


// ************************************************************************* //
