/*--------------------------------*- C++ -*----------------------------------*\
| =========                 |                                                 |
| \\      /  F ield         | OpenFOAM: The Open Source CFD Toolbox           |
|  \\    /   O peration     | Version:  2306                                  |
|   \\  /    A nd           | Website:  www.openfoam.com                      |
|    \\/     M anipulation  |                                                 |
\*---------------------------------------------------------------------------*/
FoamFile
{
    version     2.0;
    format      ascii;
    arch        "LSB;label=32;scalar=64";
    class       volScalarField;
    location    "0.05";
    object      p_rgh;
}
// * * * * * * * * * * * * * * * * * * * * * * * * * * * * * * * * * * * * * //

dimensions      [1 -1 -2 0 0 0 0];

internalField   nonuniform List<scalar> 
6400
(
1000000.6
1000000.6
1000000.6
1000000.6
1000000.6
1000000.6
1000000.6
1000000.6
1000000.6
1000000.6
1000000.6
1000000.6
1000000.6
1000000.6
1000000.6
1000000.6
1000000.6
1000000.6
1000000.7
1000000.7
1000000.7
1000000.7
1000000.7
1000000.7
1000000.8
1000000.8
1000000.8
1000000.8
1000000.8
1000000.8
1000000.8
1000000.8
1000000.8
1000000.8
1000000.9
1000000.9
1000000.9
1000000.9
1000000.9
1000000.9
1000000.9
1000000.9
1000000.9
1000000.9
1000000.9
1000000.9
1000000.9
1000000.9
1000000.9
1000000.9
1000000.9
1000000.9
1000000.9
1000000.9
1000000.9
1000000.9
1000000.9
1000000.9
1000000.9
1000000.9
1000000.9
1000000.9
1000000.9
1000000.9
1000000.9
1000000.9
1000000.9
1000000.9
1000000.9
1000000.9
1000000.9
1000000.9
1000000.9
1000000.9
1000000.9
1000000.9
1000000.9
1000000.9
1000000.9
1000000.9
1000000.5
1000000.5
1000000.5
1000000.5
1000000.5
1000000.5
1000000.5
1000000.5
1000000.5
1000000.5
1000000.5
1000000.6
1000000.6
1000000.6
1000000.6
1000000.6
1000000.6
1000000.6
1000000.6
1000000.7
1000000.7
1000000.7
1000000.7
1000000.7
1000000.7
1000000.8
1000000.8
1000000.8
1000000.8
1000000.8
1000000.8
1000000.8
1000000.8
1000000.8
1000000.9
1000000.9
1000000.9
1000000.9
1000000.9
1000000.9
1000000.9
1000000.9
1000000.9
1000000.9
1000000.9
1000000.9
1000000.9
1000000.9
1000000.9
1000000.9
1000000.9
1000000.9
1000000.9
1000000.9
1000000.9
1000000.9
1000000.9
1000000.9
1000000.9
1000000.9
1000000.9
1000000.9
1000000.9
1000000.9
1000000.9
1000000.9
1000000.9
1000000.9
1000000.9
1000000.9
1000000.9
1000000.9
1000000.9
1000000.9
1000000.9
1000000.9
1000000.9
1000000.9
1000000.9
1000000.9
1000000.5
1000000.5
1000000.5
1000000.5
1000000.5
1000000.5
1000000.5
1000000.5
1000000.5
1000000.5
1000000.5
1000000.5
1000000.5
1000000.5
1000000.6
1000000.6
1000000.6
1000000.6
1000000.6
1000000.6
1000000.7
1000000.7
1000000.7
1000000.7
1000000.7
1000000.8
1000000.8
1000000.8
1000000.8
1000000.8
1000000.8
1000000.8
1000000.8
1000000.9
1000000.9
1000000.9
1000000.9
1000000.9
1000000.9
1000000.9
1000000.9
1000000.9
1000000.9
1000000.9
1000000.9
1000000.9
1000000.9
1000000.9
1000000.9
1000000.9
1000000.9
1000000.9
1000000.9
1000000.9
1000000.9
1000000.9
1000000.9
1000000.9
1000000.9
1000000.9
1000000.9
1000000.9
1000000.9
1000000.9
1000000.9
1000000.9
1000000.9
1000000.9
1000000.9
1000000.9
1000000.9
1000000.9
1000000.9
1000000.9
1000000.9
1000000.9
1000000.9
1000000.9
1000000.9
1000000.9
1000000.5
1000000.5
1000000.5
1000000.5
1000000.5
1000000.5
1000000.5
1000000.5
1000000.5
1000000.5
1000000.5
1000000.5
1000000.5
1000000.5
1000000.5
1000000.5
1000000.6
1000000.6
1000000.6
1000000.6
1000000.7
1000000.7
1000000.7
1000000.7
1000000.7
1000000.8
1000000.8
1000000.8
1000000.8
1000000.8
1000000.8
1000000.8
1000000.8
1000000.9
1000000.9
1000000.9
1000000.9
1000000.9
1000000.9
1000000.9
1000000.9
1000000.9
1000000.9
1000000.9
1000000.9
1000000.9
1000000.9
1000000.9
1000000.9
1000000.9
1000000.9
1000000.9
1000000.9
1000000.9
1000000.9
1000000.9
1000000.9
1000000.9
1000000.9
1000000.9
1000000.9
1000000.9
1000000.9
1000000.9
1000000.9
1000000.9
1000000.9
1000000.9
1000000.9
1000000.9
1000000.9
1000000.9
1000000.9
1000000.9
1000000.9
1000000.9
1000000.9
1000000.9
1000000.9
1000000.9
1000000.5
1000000.5
1000000.5
1000000.5
1000000.5
1000000.5
1000000.5
1000000.5
1000000.5
1000000.5
1000000.5
1000000.5
1000000.5
1000000.5
1000000.5
1000000.5
1000000.5
1000000.6
1000000.6
1000000.6
1000000.6
1000000.7
1000000.7
1000000.7
1000000.7
1000000.8
1000000.8
1000000.8
1000000.8
1000000.8
1000000.8
1000000.8
1000000.8
1000000.9
1000000.9
1000000.9
1000000.9
1000000.9
1000000.9
1000000.9
1000000.9
1000000.9
1000000.9
1000000.9
1000000.9
1000000.9
1000000.9
1000000.9
1000000.9
1000000.9
1000000.9
1000000.9
1000000.9
1000000.9
1000000.9
1000000.9
1000000.9
1000000.9
1000000.9
1000000.9
1000000.9
1000000.9
1000000.9
1000000.9
1000000.9
1000000.9
1000000.9
1000000.9
1000000.9
1000000.9
1000000.9
1000000.9
1000000.9
1000000.9
1000000.9
1000000.9
1000000.9
1000000.9
1000000.9
1000000.9
1000000.5
1000000.5
1000000.5
1000000.5
1000000.5
1000000.4
1000000.4
1000000.4
1000000.4
1000000.4
1000000.4
1000000.4
1000000.4
1000000.4
1000000.5
1000000.5
1000000.5
1000000.5
1000000.6
1000000.6
1000000.6
1000000.7
1000000.7
1000000.7
1000000.7
1000000.8
1000000.8
1000000.8
1000000.8
1000000.8
1000000.8
1000000.8
1000000.8
1000000.9
1000000.9
1000000.9
1000000.9
1000000.9
1000000.9
1000000.9
1000000.9
1000000.9
1000000.9
1000000.9
1000000.9
1000000.9
1000000.9
1000000.9
1000000.9
1000000.9
1000000.9
1000000.9
1000000.9
1000000.9
1000000.9
1000000.9
1000000.9
1000000.9
1000000.9
1000000.9
1000000.9
1000000.9
1000000.9
1000000.9
1000000.9
1000000.9
1000000.9
1000000.9
1000000.9
1000000.9
1000000.9
1000000.9
1000000.9
1000000.9
1000000.9
1000000.9
1000000.9
1000000.9
1000000.9
1000000.9
1000000.5
1000000.5
1000000.5
1000000.5
1000000.4
1000000.4
1000000.4
1000000.4
1000000.4
1000000.4
1000000.4
1000000.4
1000000.4
1000000.4
1000000.4
1000000.4
1000000.5
1000000.5
1000000.5
1000000.6
1000000.6
1000000.6
1000000.7
1000000.7
1000000.7
1000000.8
1000000.8
1000000.8
1000000.8
1000000.8
1000000.8
1000000.8
1000000.9
1000000.9
1000000.9
1000000.9
1000000.9
1000000.9
1000000.9
1000000.9
1000000.9
1000000.9
1000000.9
1000000.9
1000000.9
1000000.9
1000000.9
1000000.9
1000000.9
1000000.9
1000000.9
1000000.9
1000000.9
1000000.9
1000000.9
1000000.9
1000000.9
1000000.9
1000000.9
1000000.9
1000000.9
1000000.9
1000000.9
1000000.9
1000000.9
1000000.9
1000000.9
1000000.9
1000000.9
1000000.9
1000000.9
1000000.9
1000000.9
1000000.9
1000000.9
1000000.9
1000000.9
1000000.9
1000000.9
1000000.9
1000000.5
1000000.5
1000000.5
1000000.4
1000000.4
1000000.4
1000000.4
1000000.4
1000000.4
1000000.3
1000000.3
1000000.3
1000000.3
1000000.3
1000000.4
1000000.4
1000000.4
1000000.5
1000000.5
1000000.6
1000000.6
1000000.6
1000000.7
1000000.7
1000000.7
1000000.8
1000000.8
1000000.8
1000000.8
1000000.8
1000000.8
1000000.8
1000000.9
1000000.9
1000000.9
1000000.9
1000000.9
1000000.9
1000000.9
1000000.9
1000000.9
1000000.9
1000000.9
1000000.9
1000000.9
1000000.9
1000000.9
1000000.9
1000000.9
1000000.9
1000000.9
1000000.9
1000000.9
1000000.9
1000000.9
1000000.9
1000000.9
1000000.9
1000000.9
1000000.9
1000000.9
1000000.9
1000000.9
1000000.9
1000000.9
1000000.9
1000000.9
1000000.9
1000000.9
1000000.9
1000000.9
1000000.9
1000000.9
1000000.9
1000000.9
1000000.9
1000000.9
1000000.9
1000000.9
1000000.9
1000000.5
1000000.5
1000000.5
1000000.4
1000000.4
1000000.4
1000000.4
1000000.3
1000000.3
1000000.3
1000000.3
1000000.3
1000000.3
1000000.3
1000000.3
1000000.3
1000000.4
1000000.4
1000000.5
1000000.5
1000000.6
1000000.6
1000000.7
1000000.7
1000000.7
1000000.8
1000000.8
1000000.8
1000000.8
1000000.8
1000000.8
1000000.9
1000000.9
1000000.9
1000000.9
1000000.9
1000000.9
1000000.9
1000000.9
1000000.9
1000000.9
1000000.9
1000000.9
1000000.9
1000000.9
1000000.9
1000000.9
1000000.9
1000000.9
1000000.9
1000000.9
1000000.9
1000000.9
1000000.9
1000000.9
1000000.9
1000000.9
1000000.9
1000000.9
1000000.9
1000000.9
1000000.9
1000000.9
1000000.9
1000000.9
1000000.9
1000000.9
1000000.9
1000000.9
1000000.9
1000000.9
1000000.9
1000000.9
1000000.9
1000000.9
1000000.9
1000000.9
1000000.9
1000000.9
1000000.9
1000000.5
1000000.5
1000000.5
1000000.4
1000000.4
1000000.4
1000000.4
1000000.3
1000000.3
1000000.2
1000000.2
1000000.2
1000000.2
1000000.2
1000000.2
1000000.3
1000000.3
1000000.4
1000000.4
1000000.5
1000000.6
1000000.6
1000000.7
1000000.7
1000000.7
1000000.8
1000000.8
1000000.8
1000000.8
1000000.8
1000000.8
1000000.9
1000000.9
1000000.9
1000000.9
1000000.9
1000000.9
1000000.9
1000000.9
1000000.9
1000000.9
1000000.9
1000000.9
1000000.9
1000000.9
1000000.9
1000000.9
1000000.9
1000000.9
1000000.9
1000000.9
1000000.9
1000000.9
1000000.9
1000000.9
1000000.9
1000000.9
1000000.9
1000000.9
1000000.9
1000000.9
1000000.9
1000000.9
1000000.9
1000000.9
1000000.9
1000000.9
1000000.9
1000000.9
1000000.9
1000000.9
1000000.9
1000000.9
1000000.9
1000000.9
1000000.9
1000000.9
1000000.9
1000000.9
1000000.9
1000000.5
1000000.5
1000000.5
1000000.5
1000000.4
1000000.4
1000000.3
1000000.3
1000000.2
1000000.2
1000000.2
1000000.1
1000000.1
1000000.1
1000000.2
1000000.2
1000000.3
1000000.3
1000000.4
1000000.5
1000000.6
1000000.6
1000000.7
1000000.7
1000000.7
1000000.8
1000000.8
1000000.8
1000000.8
1000000.8
1000000.9
1000000.9
1000000.9
1000000.9
1000000.9
1000000.9
1000000.9
1000000.9
1000000.9
1000000.9
1000000.9
1000000.9
1000000.9
1000000.9
1000000.9
1000000.9
1000000.9
1000000.9
1000000.9
1000000.9
1000000.9
1000000.9
1000000.9
1000000.9
1000000.9
1000000.9
1000000.9
1000000.9
1000000.9
1000000.9
1000000.9
1000000.9
1000000.9
1000000.9
1000000.9
1000000.9
1000000.9
1000000.9
1000000.9
1000000.9
1000000.9
1000000.9
1000000.9
1000000.9
1000000.9
1000000.9
1000000.9
1000000.9
1000000.9
1000000.9
1000000.6
1000000.5
1000000.5
1000000.5
1000000.4
1000000.4
1000000.3
1000000.3
1000000.2
1000000.1
1000000.1
1000000
1000000
1000000
1000000
1000000.1
1000000.2
1000000.3
1000000.4
1000000.5
1000000.5
1000000.6
1000000.7
1000000.7
1000000.8
1000000.8
1000000.8
1000000.8
1000000.8
1000000.9
1000000.9
1000000.9
1000000.9
1000000.9
1000000.9
1000000.9
1000000.9
1000000.9
1000000.9
1000000.9
1000000.9
1000000.9
1000000.9
1000000.9
1000000.9
1000000.9
1000000.9
1000000.9
1000000.9
1000000.9
1000000.9
1000000.9
1000000.9
1000000.9
1000000.9
1000000.9
1000000.9
1000000.9
1000000.9
1000000.9
1000000.9
1000000.9
1000000.9
1000000.9
1000000.9
1000000.9
1000000.9
1000000.9
1000000.9
1000000.9
1000000.9
1000000.9
1000000.9
1000000.9
1000000.9
1000000.9
1000000.9
1000000.9
1000000.9
1000000.9
1000000.6
1000000.6
1000000.6
1000000.5
1000000.5
1000000.4
1000000.3
1000000.3
1000000.2
1000000.1
999999.99
999999.92
999999.87
999999.87
999999.91
999999.98
1000000.1
1000000.2
1000000.3
1000000.4
1000000.5
1000000.6
1000000.7
1000000.7
1000000.8
1000000.8
1000000.8
1000000.8
1000000.9
1000000.9
1000000.9
1000000.9
1000000.9
1000000.9
1000000.9
1000000.9
1000000.9
1000000.9
1000000.9
1000000.9
1000000.9
1000000.9
1000000.9
1000000.9
1000000.9
1000000.9
1000000.9
1000000.9
1000000.9
1000000.9
1000000.9
1000000.9
1000000.9
1000000.9
1000000.9
1000000.9
1000000.9
1000000.9
1000000.9
1000000.9
1000000.9
1000000.9
1000000.9
1000000.9
1000000.9
1000000.9
1000000.9
1000000.9
1000000.9
1000000.9
1000000.9
1000000.9
1000000.9
1000000.9
1000000.9
1000000.9
1000000.9
1000000.9
1000000.9
1000000.9
1000000.7
1000000.7
1000000.7
1000000.6
1000000.6
1000000.5
1000000.4
1000000.3
1000000.1
1000000
999999.89
999999.78
999999.7
999999.68
999999.72
999999.83
999999.97
1000000.1
1000000.3
1000000.4
1000000.5
1000000.6
1000000.7
1000000.8
1000000.8
1000000.8
1000000.9
1000000.9
1000000.9
1000000.9
1000000.9
1000000.9
1000000.9
1000000.9
1000000.9
1000000.9
1000000.9
1000000.9
1000000.9
1000000.9
1000000.9
1000000.9
1000000.9
1000000.9
1000000.9
1000000.9
1000000.9
1000000.9
1000000.9
1000000.9
1000000.9
1000000.9
1000000.9
1000000.9
1000000.9
1000000.9
1000000.9
1000000.9
1000000.9
1000000.9
1000000.9
1000000.9
1000000.9
1000000.9
1000000.9
1000000.9
1000000.9
1000000.9
1000000.9
1000000.9
1000000.9
1000000.9
1000000.9
1000000.9
1000000.9
1000000.9
1000000.9
1000000.9
1000000.9
1000000.9
1000000.8
1000000.8
1000000.9
1000000.7
1000000.7
1000000.6
1000000.4
1000000.3
1000000.1
999999.95
999999.77
999999.61
999999.48
999999.43
999999.48
999999.62
999999.81
1000000
1000000.2
1000000.4
1000000.6
1000000.7
1000000.8
1000000.8
1000000.8
1000000.9
1000000.9
1000000.9
1000000.9
1000000.9
1000000.9
1000000.9
1000000.9
1000000.9
1000000.9
1000000.9
1000000.9
1000000.9
1000000.9
1000000.9
1000000.9
1000000.9
1000000.9
1000000.9
1000000.9
1000000.9
1000000.9
1000000.9
1000000.9
1000000.9
1000000.9
1000000.9
1000000.9
1000000.9
1000000.9
1000000.9
1000000.9
1000000.9
1000000.9
1000000.9
1000000.9
1000000.9
1000000.9
1000000.9
1000000.9
1000000.9
1000000.9
1000000.9
1000000.9
1000000.9
1000000.9
1000000.9
1000000.9
1000000.9
1000000.9
1000000.9
1000000.9
1000000.9
1000000.9
1000000.9
1000001
1000000.9
1000001.1
1000000.8
1000000.8
1000000.7
1000000.5
1000000.4
1000000.1
999999.9
999999.65
999999.42
999999.18
999999.07
999999.13
999999.34
999999.63
999999.93
1000000.2
1000000.4
1000000.6
1000000.7
1000000.8
1000000.9
1000000.9
1000000.9
1000000.9
1000000.9
1000000.9
1000000.9
1000000.9
1000000.9
1000000.9
1000000.9
1000000.9
1000000.9
1000000.9
1000000.9
1000000.9
1000000.9
1000000.9
1000000.9
1000000.9
1000000.9
1000000.9
1000000.9
1000000.9
1000000.9
1000000.9
1000000.9
1000000.9
1000000.9
1000000.9
1000000.9
1000000.9
1000000.9
1000000.9
1000000.9
1000000.9
1000000.9
1000000.9
1000000.9
1000000.9
1000000.9
1000000.9
1000000.9
1000000.9
1000000.9
1000000.9
1000000.9
1000000.9
1000000.9
1000000.9
1000000.9
1000000.9
1000000.9
1000000.9
1000000.9
1000000.9
1000000.9
1000001.1
1000001
1000001.4
1000000.9
1000001
1000000.8
1000000.7
1000000.5
1000000.2
999999.87
999999.53
999999.2
999998.8
999998.56
999998.63
999998.93
999999.37
999999.81
1000000.2
1000000.5
1000000.7
1000000.8
1000000.9
1000000.9
1000001
1000000.9
1000000.9
1000000.9
1000000.9
1000000.9
1000000.9
1000000.9
1000000.9
1000000.9
1000000.9
1000000.9
1000000.9
1000000.9
1000000.9
1000000.9
1000000.9
1000000.9
1000000.9
1000000.9
1000000.9
1000000.9
1000000.9
1000000.9
1000000.9
1000000.9
1000000.9
1000000.9
1000000.9
1000000.9
1000000.9
1000000.9
1000000.9
1000000.9
1000000.9
1000000.9
1000000.9
1000000.9
1000000.9
1000000.9
1000000.9
1000000.9
1000000.9
1000000.9
1000000.9
1000000.9
1000000.9
1000000.9
1000000.9
1000000.9
1000000.9
1000000.9
1000000.9
1000000.9
1000000.9
1000000.9
1000001.6
1000001.2
1000002.2
1000001
1000001.2
1000001.1
1000000.9
1000000.7
1000000.3
999999.88
999999.38
999998.99
999998.25
999997.7
999997.85
999998.37
999999.06
999999.71
1000000.2
1000000.6
1000000.9
1000001
1000001
1000001
1000001
1000001
1000001
1000001
1000001
1000000.9
1000000.9
1000000.9
1000000.9
1000000.9
1000000.9
1000000.9
1000000.9
1000000.9
1000000.9
1000000.9
1000000.9
1000000.9
1000000.9
1000000.9
1000000.9
1000000.9
1000000.9
1000000.9
1000000.9
1000000.9
1000000.9
1000000.9
1000000.9
1000000.9
1000000.9
1000000.9
1000000.9
1000000.9
1000000.9
1000000.9
1000000.9
1000000.9
1000000.9
1000000.9
1000000.9
1000000.9
1000000.9
1000000.9
1000000.9
1000000.9
1000000.9
1000000.9
1000000.9
1000000.9
1000000.9
1000000.9
1000000.9
1000000.9
1000000.9
1000000.9
1000000.5
1000000.8
1000002.6
1000001
1000001.6
1000001.4
1000001.3
1000001.1
1000000.5
1000000
999999.27
999998.94
999997.56
999996.52
999996.63
999997.45
999998.56
999999.56
1000000.3
1000000.8
1000001.1
1000001.2
1000001.2
1000001.2
1000001.1
1000001
1000001
1000001
1000001
1000001
1000001
1000001
1000001
1000001
1000001
1000001
1000001
1000001
1000001
1000001
1000001
1000001
1000001
1000001
1000001
1000001
1000001
1000001
1000000.9
1000000.9
1000000.9
1000000.9
1000000.9
1000000.9
1000000.9
1000000.9
1000000.9
1000000.9
1000000.9
1000000.9
1000000.9
1000000.9
1000000.9
1000000.9
1000000.9
1000000.9
1000000.9
1000000.9
1000000.9
1000000.9
1000000.9
1000000.9
1000000.9
1000000.9
1000000.9
1000000.9
1000000.9
1000000.9
1000000.9
1000000.9
1000019
1000000.4
1000011.6
1000020
1000007.6
1000001.5
1000001.6
1000001.5
1000000.8
1000000.2
999999.13
999998.95
999996.64
999994.75
999997.56
999998.57
999999.3
999999.9
1000000.5
1000001
1000001.4
1000001.5
1000001.4
1000001.3
1000001.2
1000001
1000001
1000001
1000000.9
1000000.9
1000001
1000001
1000001
1000001
1000001
1000001
1000001
1000001
1000001
1000001
1000001
1000000.9
1000000.9
1000000.9
1000000.9
1000000.9
1000000.9
1000000.9
1000000.9
1000000.9
1000000.9
1000000.9
1000000.9
1000000.9
1000000.9
1000000.9
1000000.9
1000000.9
1000000.9
1000000.9
1000000.9
1000000.9
1000000.9
1000000.9
1000000.9
1000000.9
1000000.9
1000000.9
1000000.9
1000000.9
1000000.9
1000000.9
1000000.9
1000000.9
1000000.9
1000000.9
1000000.9
1000000.9
1000000.9
1000000.9
1000031.6
1000036.7
1000024.7
1000004.3
1000001.5
1000001.7
1000001.9
1000002.5
1000009.7
1000004.2
999999.53
1000000.1
999998.23
1000000.8
1000000.4
1000000.2
1000000.2
1000000.1
1000000.1
1000000.1
1000000
1000000
1000000
1000000
1000000
1000000
1000000
1000000
1000000
1000000
1000000
1000000
1000000
1000000
1000000
1000000
1000000
1000000
1000000
1000000
1000000
1000000
1000000
1000000
1000000
1000000
1000000
1000000
1000000
1000000
1000000
1000000
1000000
1000000
1000000
1000000
1000000
1000000
1000000
1000000
1000000
1000000
1000000
1000000
1000000
1000000
1000000
1000000
1000000
1000000
1000000
1000000
1000000
1000000
1000000
1000000
1000000
1000000
1000000
1000000
1000000.2
1000011.9
1000002.4
1000002.1
1000001.7
1000001.7
1000001.9
1000002.2
1000020.7
1000033.2
999999.32
1000004.3
1000000.3
1000000.3
1000000.2
1000000.1
1000000.2
1000000.1
1000000.1
1000000.1
1000000.1
1000000
1000000
1000000
1000000
1000000
1000000
1000000
1000000
1000000
1000000
1000000
1000000
1000000
1000000
1000000
1000000
1000000
1000000
1000000
1000000
1000000
1000000
1000000
1000000
1000000
1000000
1000000
1000000
1000000
1000000
1000000
1000000
1000000
1000000
1000000
1000000
1000000
1000000
1000000
1000000
1000000
1000000
1000000
1000000
1000000
1000000
1000000
1000000
1000000
1000000
1000000
1000000
1000000
1000000
1000000
1000000
1000000
1000000
1000000
1000001.5
1000004.3
1000002.5
1000002.1
1000001.7
1000001.5
1000001.6
1000001.6
1000001.3
1000001.7
999999.98
1000001.1
999999.85
1000000.1
1000000.2
1000000.2
1000000.2
1000000.2
1000000.1
1000000.1
1000000.1
1000000.1
1000000
1000000
1000000
1000000
1000000
1000000
1000000
1000000
1000000
1000000
1000000
1000000
1000000
1000000
1000000
1000000
1000000
1000000
1000000
1000000
1000000
1000000
1000000
1000000
1000000
1000000
1000000
1000000
1000000
1000000
1000000
1000000
1000000
1000000
1000000
1000000
1000000
1000000
1000000
1000000
1000000
1000000
1000000
1000000
1000000
1000000
1000000
1000000
1000000
1000000
1000000
1000000
1000000
1000000
1000000
1000000
1000000
1000000
1000002.2
1000003.1
1000002.3
1000001.9
1000001.6
1000001.3
1000001
1000000.6
999999.53
999998.37
999995.51
1000001.3
1000000.5
1000000.4
1000000.3
1000000.3
1000000.2
1000000.2
1000000.1
1000000.1
1000000.1
1000000.1
1000000.1
1000000
1000000
1000000
1000000
1000000
1000000
1000000
1000000
1000000
1000000
1000000
1000000
1000000
1000000
1000000
1000000
1000000
1000000
1000000
1000000
1000000
1000000
1000000
1000000
1000000
1000000
1000000
1000000
1000000
1000000
1000000
1000000
1000000
1000000
1000000
1000000
1000000
1000000
1000000
1000000
1000000
1000000
1000000
1000000
1000000
1000000
1000000
1000000
1000000
1000000
1000000
1000000
1000000
1000000
1000000
1000000
1000000
1000002.2
1000002.5
1000002.1
1000001.8
1000001.5
1000001.2
1000000.7
1000000.1
999998.86
999997.71
999994.1
1000001.4
1000000.5
1000000.3
1000000.3
1000000.2
1000000.2
1000000.2
1000000.1
1000000.1
1000000.1
1000000.1
1000000.1
1000000
1000000
1000000
1000000
1000000
1000000
1000000
1000000
1000000
1000000
1000000
1000000
1000000
1000000
1000000
1000000
1000000
1000000
1000000
1000000
1000000
1000000
1000000
1000000
1000000
1000000
1000000
1000000
1000000
1000000
1000000
1000000
1000000
1000000
1000000
1000000
1000000
1000000
1000000
1000000
1000000
1000000
1000000
1000000
1000000
1000000
1000000
1000000
1000000
1000000
1000000
1000000
1000000
1000000
1000000
1000000
1000000
1000002.1
1000002.2
1000001.9
1000001.8
1000001.5
1000001.2
1000000.8
1000000.2
999999.29
999998.21
999995.67
999998.09
1000000.3
1000000.2
1000000.2
1000000.2
1000000.2
1000000.2
1000000.1
1000000.1
1000000.1
1000000.1
1000000.1
1000000
1000000
1000000
1000000
1000000
1000000
1000000
1000000
1000000
1000000
1000000
1000000
1000000
1000000
1000000
1000000
1000000
1000000
1000000
1000000
1000000
1000000
1000000
1000000
1000000
1000000
1000000
1000000
1000000
1000000
1000000
1000000
1000000
1000000
1000000
1000000
1000000
1000000
1000000
1000000
1000000
1000000
1000000
1000000
1000000
1000000
1000000
1000000
1000000
1000000
1000000
1000000
1000000
1000000
1000000
1000000
1000000
1000002.1
1000002.1
1000002
1000001.8
1000001.6
1000001.4
1000001.1
1000000.6
1000000
999999.36
999998.25
999997.8
999999.86
1000000.1
1000000.1
1000000.1
1000000.1
1000000.1
1000000.1
1000000.1
1000000.1
1000000.1
1000000.1
1000000
1000000
1000000
1000000
1000000
1000000
1000000
1000000
1000000
1000000
1000000
1000000
1000000
1000000
1000000
1000000
1000000
1000000
1000000
1000000
1000000
1000000
1000000
1000000
1000000
1000000
1000000
1000000
1000000
1000000
1000000
1000000
1000000
1000000
1000000
1000000
1000000
1000000
1000000
1000000
1000000
1000000
1000000
1000000
1000000
1000000
1000000
1000000
1000000
1000000
1000000
1000000
1000000
1000000
1000000
1000000
1000000
1000002.2
1000002.2
1000002.1
1000002
1000001.8
1000001.6
1000001.4
1000001.1
1000000.8
1000000.5
1000000.2
1000000.3
1000001.2
1000001.9
1000000.2
1000000.1
1000000.1
1000000.1
1000000.1
1000000.1
1000000.1
1000000.1
1000000
1000000
1000000
1000000
1000000
1000000
1000000
1000000
1000000
1000000
1000000
1000000
1000000
1000000
1000000
1000000
1000000
1000000
1000000
1000000
1000000
1000000
1000000
1000000
1000000
1000000
1000000
1000000
1000000
1000000
1000000
1000000
1000000
1000000
1000000
1000000
1000000
1000000
1000000
1000000
1000000
1000000
1000000
1000000
1000000
1000000
1000000
1000000
1000000
1000000
1000000
1000000
1000000
1000000
1000000
1000000
1000000
1000000
1000002.4
1000002.4
1000002.3
1000002.2
1000002.1
1000002
1000001.8
1000001.7
1000001.5
1000001.4
1000001.5
1000001.8
1000002.5
1000003.5
1000003.8
1000000.6
1000000
1000000
1000000
1000000
1000000
1000000
1000000
1000000
1000000
1000000
1000000
1000000
1000000
1000000
1000000
1000000
1000000
1000000
1000000
1000000
1000000
1000000
1000000
1000000
1000000
1000000
1000000
1000000
1000000
1000000
1000000
1000000
1000000
1000000
1000000
1000000
1000000
1000000
1000000
1000000
1000000
1000000
1000000
1000000
1000000
1000000
1000000
1000000
1000000
1000000
1000000
1000000
1000000
1000000
1000000
1000000
1000000
1000000
1000000
1000000
1000000
1000000
1000000
1000000
1000002.6
1000002.5
1000002.5
1000002.5
1000002.4
1000002.3
1000002.2
1000002.2
1000002.2
1000002.2
1000002.4
1000002.7
1000003.3
1000004
1000004.8
1000005.1
1000000.6
999999.99
1000000
1000000
1000000
1000000
1000000
1000000
1000000
1000000
1000000
1000000
1000000
1000000
1000000
1000000
1000000
1000000
1000000
1000000
1000000
1000000
1000000
1000000
1000000
1000000
1000000
1000000
1000000
1000000
1000000
1000000
1000000
1000000
1000000
1000000
1000000
1000000
1000000
1000000
1000000
1000000
1000000
1000000
1000000
1000000
1000000
1000000
1000000
1000000
1000000
1000000
1000000
1000000
1000000
1000000
1000000
1000000
1000000
1000000
1000000
1000000
1000000
1000000
1000002.8
1000002.8
1000002.7
1000002.7
1000002.7
1000002.7
1000002.6
1000002.6
1000002.7
1000002.8
1000003
1000003.3
1000003.8
1000004.3
1000004.9
1000005.5
1000004.7
1000000.1
1000000
1000000
1000000
1000000
1000000
1000000
1000000
1000000
1000000
1000000
1000000
1000000
1000000
1000000
1000000
1000000
1000000
1000000
1000000
1000000
1000000
1000000
1000000
1000000
1000000
1000000
1000000
1000000
1000000
1000000
1000000
1000000
1000000
1000000
1000000
1000000
1000000
1000000
1000000
1000000
1000000
1000000
1000000
1000000
1000000
1000000
1000000
1000000
1000000
1000000
1000000
1000000
1000000
1000000
1000000
1000000
1000000
1000000
1000000
1000000
1000000
1000000
1000003
1000003
1000003
1000003
1000003
1000003
1000003
1000003
1000003.1
1000003.2
1000003.4
1000003.7
1000004.1
1000004.5
1000005
1000005.4
1000005.7
1000002.6
1000000
1000000
1000000
1000000
1000000
1000000
1000000
1000000
1000000
1000000
1000000
1000000
1000000
1000000
1000000
1000000
1000000
1000000
1000000
1000000
1000000
1000000
1000000
1000000
1000000
1000000
1000000
1000000
1000000
1000000
1000000
1000000
1000000
1000000
1000000
1000000
1000000
1000000
1000000
1000000
1000000
1000000
1000000
1000000
1000000
1000000
1000000
1000000
1000000
1000000
1000000
1000000
1000000
1000000
1000000
1000000
1000000
1000000
1000000
1000000
1000000
1000000
1000003.2
1000003.2
1000003.2
1000003.2
1000003.2
1000003.3
1000003.3
1000003.4
1000003.4
1000003.6
1000003.8
1000004
1000004.3
1000004.6
1000004.9
1000005.2
1000005.5
1000005.2
1000000.3
1000000
1000000
1000000
1000000
1000000
1000000
1000000
1000000
1000000
1000000
1000000
1000000
1000000
1000000
1000000
1000000
1000000
1000000
1000000
1000000
1000000
1000000
1000000
1000000
1000000
1000000
1000000
1000000
1000000
1000000
1000000
1000000
1000000
1000000
1000000
1000000
1000000
1000000
1000000
1000000
1000000
1000000
1000000
1000000
1000000
1000000
1000000
1000000
1000000
1000000
1000000
1000000
1000000
1000000
1000000
1000000
1000000
1000000
1000000
1000000
1000000
1000003.5
1000003.4
1000003.4
1000003.5
1000003.5
1000003.5
1000003.6
1000003.6
1000003.7
1000003.8
1000004
1000004.2
1000004.4
1000004.7
1000004.9
1000005.1
1000005.3
1000005.4
1000002.4
1000000
1000000
1000000
1000000
1000000
1000000
1000000
1000000
1000000
1000000
1000000
1000000
1000000
1000000
1000000
1000000
1000000
1000000
1000000
1000000
1000000
1000000
1000000
1000000
1000000
1000000
1000000
1000000
1000000
1000000
1000000
1000000
1000000
1000000
1000000
1000000
1000000
1000000
1000000
1000000
1000000
1000000
1000000
1000000
1000000
1000000
1000000
1000000
1000000
1000000
1000000
1000000
1000000
1000000
1000000
1000000
1000000
1000000
1000000
1000000
1000000
1000003.7
1000003.6
1000003.7
1000003.7
1000003.7
1000003.7
1000003.8
1000003.9
1000003.9
1000004.1
1000004.2
1000004.4
1000004.5
1000004.7
1000004.9
1000005.1
1000005.2
1000005.2
1000004.4
1000000
1000000
1000000
1000000
1000000
1000000
1000000
1000000
1000000
1000000
1000000
1000000
1000000
1000000
1000000
1000000
1000000
1000000
1000000
1000000
1000000
1000000
1000000
1000000
1000000
1000000
1000000
1000000
1000000
1000000
1000000
1000000
1000000
1000000
1000000
1000000
1000000
1000000
1000000
1000000
1000000
1000000
1000000
1000000
1000000
1000000
1000000
1000000
1000000
1000000
1000000
1000000
1000000
1000000
1000000
1000000
1000000
1000000
1000000
1000000
1000000
1000003.8
1000003.8
1000003.8
1000003.9
1000003.9
1000003.9
1000004
1000004
1000004.1
1000004.2
1000004.3
1000004.5
1000004.6
1000004.8
1000004.9
1000005
1000005.1
1000005.2
1000005.2
1000000.9
1000000
1000000
1000000
1000000
1000000
1000000
1000000
1000000
1000000
1000000
1000000
1000000
1000000
1000000
1000000
1000000
1000000
1000000
1000000
1000000
1000000
1000000
1000000
1000000
1000000
1000000
1000000
1000000
1000000
1000000
1000000
1000000
1000000
1000000
1000000
1000000
1000000
1000000
1000000
1000000
1000000
1000000
1000000
1000000
1000000
1000000
1000000
1000000
1000000
1000000
1000000
1000000
1000000
1000000
1000000
1000000
1000000
1000000
1000000
1000000
1000004
1000004
1000004
1000004
1000004.1
1000004.1
1000004.1
1000004.2
1000004.3
1000004.4
1000004.5
1000004.6
1000004.7
1000004.8
1000004.9
1000005
1000005.1
1000005.1
1000005.2
1000002.2
1000000
1000000
1000000
1000000
1000000
1000000
1000000
1000000
1000000
1000000
1000000
1000000
1000000
1000000
1000000
1000000
1000000
1000000
1000000
1000000
1000000
1000000
1000000
1000000
1000000
1000000
1000000
1000000
1000000
1000000
1000000
1000000
1000000
1000000
1000000
1000000
1000000
1000000
1000000
1000000
1000000
1000000
1000000
1000000
1000000
1000000
1000000
1000000
1000000
1000000
1000000
1000000
1000000
1000000
1000000
1000000
1000000
1000000
1000000
1000000
1000004.1
1000004.1
1000004.2
1000004.2
1000004.2
1000004.2
1000004.3
1000004.3
1000004.4
1000004.5
1000004.6
1000004.7
1000004.8
1000004.8
1000004.9
1000005
1000005.1
1000005.1
1000005.1
1000003.3
1000000
1000000
1000000
1000000
1000000
1000000
1000000
1000000
1000000
1000000
1000000
1000000
1000000
1000000
1000000
1000000
1000000
1000000
1000000
1000000
1000000
1000000
1000000
1000000
1000000
1000000
1000000
1000000
1000000
1000000
1000000
1000000
1000000
1000000
1000000
1000000
1000000
1000000
1000000
1000000
1000000
1000000
1000000
1000000
1000000
1000000
1000000
1000000
1000000
1000000
1000000
1000000
1000000
1000000
1000000
1000000
1000000
1000000
1000000
1000000
1000004.3
1000004.3
1000004.3
1000004.3
1000004.3
1000004.4
1000004.4
1000004.5
1000004.5
1000004.6
1000004.7
1000004.7
1000004.8
1000004.9
1000005
1000005
1000005.1
1000005.1
1000005.1
1000004.1
1000000
1000000
1000000
1000000
1000000
1000000
1000000
1000000
1000000
1000000
1000000
1000000
1000000
1000000
1000000
1000000
1000000
1000000
1000000
1000000
1000000
1000000
1000000
1000000
1000000
1000000
1000000
1000000
1000000
1000000
1000000
1000000
1000000
1000000
1000000
1000000
1000000
1000000
1000000
1000000
1000000
1000000
1000000
1000000
1000000
1000000
1000000
1000000
1000000
1000000
1000000
1000000
1000000
1000000
1000000
1000000
1000000
1000000
1000000
1000000
1000004.4
1000004.4
1000004.4
1000004.4
1000004.4
1000004.5
1000004.5
1000004.6
1000004.6
1000004.7
1000004.7
1000004.8
1000004.9
1000004.9
1000005
1000005
1000005.1
1000005.1
1000005.1
1000004.7
1000000
1000000
1000000
1000000
1000000
1000000
1000000
1000000
1000000
1000000
1000000
1000000
1000000
1000000
1000000
1000000
1000000
1000000
1000000
1000000
1000000
1000000
1000000
1000000
1000000
1000000
1000000
1000000
1000000
1000000
1000000
1000000
1000000
1000000
1000000
1000000
1000000
1000000
1000000
1000000
1000000
1000000
1000000
1000000
1000000
1000000
1000000
1000000
1000000
1000000
1000000
1000000
1000000
1000000
1000000
1000000
1000000
1000000
1000000
1000000
1000004.5
1000004.5
1000004.5
1000004.5
1000004.5
1000004.6
1000004.6
1000004.6
1000004.7
1000004.7
1000004.8
1000004.8
1000004.9
1000004.9
1000005
1000005
1000005.1
1000005.1
1000005.1
1000004.9
1000000
1000000
1000000
1000000
1000000
1000000
1000000
1000000
1000000
1000000
1000000
1000000
1000000
1000000
1000000
1000000
1000000
1000000
1000000
1000000
1000000
1000000
1000000
1000000
1000000
1000000
1000000
1000000
1000000
1000000
1000000
1000000
1000000
1000000
1000000
1000000
1000000
1000000
1000000
1000000
1000000
1000000
1000000
1000000
1000000
1000000
1000000
1000000
1000000
1000000
1000000
1000000
1000000
1000000
1000000
1000000
1000000
1000000
1000000
1000000
1000004.6
1000004.6
1000004.6
1000004.6
1000004.6
1000004.7
1000004.7
1000004.7
1000004.8
1000004.8
1000004.8
1000004.9
1000004.9
1000005
1000005
1000005.1
1000005.1
1000005.1
1000005.1
1000005
1000000
1000000
1000000
1000000
1000000
1000000
1000000
1000000
1000000
1000000
1000000
1000000
1000000
1000000
1000000
1000000
1000000
1000000
1000000
1000000
1000000
1000000
1000000
1000000
1000000
1000000
1000000
1000000
1000000
1000000
1000000
1000000
1000000
1000000
1000000
1000000
1000000
1000000
1000000
1000000
1000000
1000000
1000000
1000000
1000000
1000000
1000000
1000000
1000000
1000000
1000000
1000000
1000000
1000000
1000000
1000000
1000000
1000000
1000000
1000000
1000004.7
1000004.7
1000004.7
1000004.7
1000004.7
1000004.7
1000004.8
1000004.8
1000004.8
1000004.9
1000004.9
1000004.9
1000005
1000005
1000005
1000005.1
1000005.1
1000005.1
1000005.2
1000004.7
1000000
1000000
1000000
1000000
1000000
1000000
1000000
1000000
1000000
1000000
1000000
1000000
1000000
1000000
1000000
1000000
1000000
1000000
1000000
1000000
1000000
1000000
1000000
1000000
1000000
1000000
1000000
1000000
1000000
1000000
1000000
1000000
1000000
1000000
1000000
1000000
1000000
1000000
1000000
1000000
1000000
1000000
1000000
1000000
1000000
1000000
1000000
1000000
1000000
1000000
1000000
1000000
1000000
1000000
1000000
1000000
1000000
1000000
1000000
1000000
1000004.8
1000004.8
1000004.8
1000004.8
1000004.8
1000004.8
1000004.8
1000004.8
1000004.9
1000004.9
1000004.9
1000005
1000005
1000005
1000005.1
1000005.1
1000005.1
1000005.1
1000005.2
1000004.2
1000000
1000000
1000000
1000000
1000000
1000000
1000000
1000000
1000000
1000000
1000000
1000000
1000000
1000000
1000000
1000000
1000000
1000000
1000000
1000000
1000000
1000000
1000000
1000000
1000000
1000000
1000000
1000000
1000000
1000000
1000000
1000000
1000000
1000000
1000000
1000000
1000000
1000000
1000000
1000000
1000000
1000000
1000000
1000000
1000000
1000000
1000000
1000000
1000000
1000000
1000000
1000000
1000000
1000000
1000000
1000000
1000000
1000000
1000000
1000000
1000004.8
1000004.8
1000004.8
1000004.8
1000004.8
1000004.9
1000004.9
1000004.9
1000004.9
1000005
1000005
1000005
1000005
1000005.1
1000005.1
1000005.1
1000005.1
1000005.2
1000005.2
1000003.4
1000000
1000000
1000000
1000000
1000000
1000000
1000000
1000000
1000000
1000000
1000000
1000000
1000000
1000000
1000000
1000000
1000000
1000000
1000000
1000000
1000000
1000000
1000000
1000000
1000000
1000000
1000000
1000000
1000000
1000000
1000000
1000000
1000000
1000000
1000000
1000000
1000000
1000000
1000000
1000000
1000000
1000000
1000000
1000000
1000000
1000000
1000000
1000000
1000000
1000000
1000000
1000000
1000000
1000000
1000000
1000000
1000000
1000000
1000000
1000000
1000004.9
1000004.9
1000004.9
1000004.9
1000004.9
1000004.9
1000004.9
1000004.9
1000005
1000005
1000005
1000005
1000005.1
1000005.1
1000005.1
1000005.1
1000005.2
1000005.2
1000005.2
1000002.3
1000000
1000000
1000000
1000000
1000000
1000000
1000000
1000000
1000000
1000000
1000000
1000000
1000000
1000000
1000000
1000000
1000000
1000000
1000000
1000000
1000000
1000000
1000000
1000000
1000000
1000000
1000000
1000000
1000000
1000000
1000000
1000000
1000000
1000000
1000000
1000000
1000000
1000000
1000000
1000000
1000000
1000000
1000000
1000000
1000000
1000000
1000000
1000000
1000000
1000000
1000000
1000000
1000000
1000000
1000000
1000000
1000000
1000000
1000000
1000000
1000004.9
1000004.9
1000004.9
1000004.9
1000004.9
1000005
1000005
1000005
1000005
1000005
1000005
1000005.1
1000005.1
1000005.1
1000005.1
1000005.1
1000005.2
1000005.2
1000005.2
1000001
1000000
1000000
1000000
1000000
1000000
1000000
1000000
1000000
1000000
1000000
1000000
1000000
1000000
1000000
1000000
1000000
1000000
1000000
1000000
1000000
1000000
1000000
1000000
1000000
1000000
1000000
1000000
1000000
1000000
1000000
1000000
1000000
1000000
1000000
1000000
1000000
1000000
1000000
1000000
1000000
1000000
1000000
1000000
1000000
1000000
1000000
1000000
1000000
1000000
1000000
1000000
1000000
1000000
1000000
1000000
1000000
1000000
1000000
1000000
1000000
1000005
1000005
1000005
1000005
1000005
1000005
1000005
1000005
1000005
1000005.1
1000005.1
1000005.1
1000005.1
1000005.1
1000005.2
1000005.2
1000005.2
1000005.2
1000004.6
1000000
1000000
1000000
1000000
1000000
1000000
1000000
1000000
1000000
1000000
1000000
1000000
1000000
1000000
1000000
1000000
1000000
1000000
1000000
1000000
1000000
1000000
1000000
1000000
1000000
1000000
1000000
1000000
1000000
1000000
1000000
1000000
1000000
1000000
1000000
1000000
1000000
1000000
1000000
1000000
1000000
1000000
1000000
1000000
1000000
1000000
1000000
1000000
1000000
1000000
1000000
1000000
1000000
1000000
1000000
1000000
1000000
1000000
1000000
1000000
1000000
1000005
1000005
1000005
1000005
1000005
1000005
1000005.1
1000005.1
1000005.1
1000005.1
1000005.1
1000005.1
1000005.1
1000005.2
1000005.2
1000005.2
1000005.2
1000005.2
1000002.6
1000000
1000000
1000000
1000000
1000000
1000000
1000000
1000000
1000000
1000000
1000000
1000000
1000000
1000000
1000000
1000000
1000000
1000000
1000000
1000000
1000000
1000000
1000000
1000000
1000000
1000000
1000000
1000000
1000000
1000000
1000000
1000000
1000000
1000000
1000000
1000000
1000000
1000000
1000000
1000000
1000000
1000000
1000000
1000000
1000000
1000000
1000000
1000000
1000000
1000000
1000000
1000000
1000000
1000000
1000000
1000000
1000000
1000000
1000000
1000000
1000000
1000005.1
1000005.1
1000005.1
1000005.1
1000005.1
1000005.1
1000005.1
1000005.1
1000005.1
1000005.1
1000005.1
1000005.1
1000005.2
1000005.2
1000005.2
1000005.2
1000005.2
1000005.1
1000000.5
1000000
1000000
1000000
1000000
1000000
1000000
1000000
1000000
1000000
1000000
1000000
1000000
1000000
1000000
1000000
1000000
1000000
1000000
1000000
1000000
1000000
1000000
1000000
1000000
1000000
1000000
1000000
1000000
1000000
1000000
1000000
1000000
1000000
1000000
1000000
1000000
1000000
1000000
1000000
1000000
1000000
1000000
1000000
1000000
1000000
1000000
1000000
1000000
1000000
1000000
1000000
1000000
1000000
1000000
1000000
1000000
1000000
1000000
1000000
1000000
1000000
1000005.1
1000005.1
1000005.1
1000005.1
1000005.1
1000005.1
1000005.1
1000005.1
1000005.1
1000005.1
1000005.2
1000005.2
1000005.2
1000005.2
1000005.2
1000005.2
1000005.2
1000002.9
1000000
1000000
1000000
1000000
1000000
1000000
1000000
1000000
1000000
1000000
1000000
1000000
1000000
1000000
1000000
1000000
1000000
1000000
1000000
1000000
1000000
1000000
1000000
1000000
1000000
1000000
1000000
1000000
1000000
1000000
1000000
1000000
1000000
1000000
1000000
1000000
1000000
1000000
1000000
1000000
1000000
1000000
1000000
1000000
1000000
1000000
1000000
1000000
1000000
1000000
1000000
1000000
1000000
1000000
1000000
1000000
1000000
1000000
1000000
1000000
1000000
1000000
1000005.1
1000005.1
1000005.1
1000005.1
1000005.1
1000005.1
1000005.1
1000005.2
1000005.2
1000005.2
1000005.2
1000005.2
1000005.2
1000005.2
1000005.2
1000005.2
1000004.8
1000000.4
999999.99
1000000
1000000
1000000
1000000
1000000
1000000
1000000
1000000
1000000
1000000
1000000
1000000
1000000
1000000
1000000
1000000
1000000
1000000
1000000
1000000
1000000
1000000
1000000
1000000
1000000
1000000
1000000
1000000
1000000
1000000
1000000
1000000
1000000
1000000
1000000
1000000
1000000
1000000
1000000
1000000
1000000
1000000
1000000
1000000
1000000
1000000
1000000
1000000
1000000
1000000
1000000
1000000
1000000
1000000
1000000
1000000
1000000
1000000
1000000
1000000
1000000
1000005.2
1000005.2
1000005.2
1000005.2
1000005.2
1000005.2
1000005.2
1000005.2
1000005.2
1000005.2
1000005.2
1000005.2
1000005.2
1000005.2
1000005.2
1000005.3
1000001.7
999999.99
1000000
1000000
1000000
1000000
1000000
1000000
1000000
1000000
1000000
1000000
1000000
1000000
1000000
1000000
1000000
1000000
1000000
1000000
1000000
1000000
1000000
1000000
1000000
1000000
1000000
1000000
1000000
1000000
1000000
1000000
1000000
1000000
1000000
1000000
1000000
1000000
1000000
1000000
1000000
1000000
1000000
1000000
1000000
1000000
1000000
1000000
1000000
1000000
1000000
1000000
1000000
1000000
1000000
1000000
1000000
1000000
1000000
1000000
1000000
1000000
1000000
1000000
1000005.2
1000005.2
1000005.2
1000005.2
1000005.2
1000005.2
1000005.2
1000005.2
1000005.2
1000005.2
1000005.2
1000005.2
1000005.2
1000005.3
1000005.3
1000003
999999.99
999999.99
1000000
1000000
1000000
1000000
1000000
1000000
1000000
1000000
1000000
1000000
1000000
1000000
1000000
1000000
1000000
1000000
1000000
1000000
1000000
1000000
1000000
1000000
1000000
1000000
1000000
1000000
1000000
1000000
1000000
1000000
1000000
1000000
1000000
1000000
1000000
1000000
1000000
1000000
1000000
1000000
1000000
1000000
1000000
1000000
1000000
1000000
1000000
1000000
1000000
1000000
1000000
1000000
1000000
1000000
1000000
1000000
1000000
1000000
1000000
1000000
1000000
1000000
1000005.2
1000005.2
1000005.2
1000005.2
1000005.2
1000005.2
1000005.2
1000005.2
1000005.2
1000005.2
1000005.2
1000005.3
1000005.3
1000005.3
1000003.7
1000000.1
999999.99
999999.99
1000000
1000000
1000000
1000000
1000000
1000000
1000000
1000000
1000000
1000000
1000000
1000000
1000000
1000000
1000000
1000000
1000000
1000000
1000000
1000000
1000000
1000000
1000000
1000000
1000000
1000000
1000000
1000000
1000000
1000000
1000000
1000000
1000000
1000000
1000000
1000000
1000000
1000000
1000000
1000000
1000000
1000000
1000000
1000000
1000000
1000000
1000000
1000000
1000000
1000000
1000000
1000000
1000000
1000000
1000000
1000000
1000000
1000000
1000000
1000000
1000000
1000000
1000005.2
1000005.2
1000005.2
1000005.2
1000005.2
1000005.2
1000005.2
1000005.2
1000005.2
1000005.3
1000005.3
1000005.3
1000005.3
1000003.7
1000000.2
999999.99
999999.99
999999.99
1000000
1000000
1000000
1000000
1000000
1000000
1000000
1000000
1000000
1000000
1000000
1000000
1000000
1000000
1000000
1000000
1000000
1000000
1000000
1000000
1000000
1000000
1000000
1000000
1000000
1000000
1000000
1000000
1000000
1000000
1000000
1000000
1000000
1000000
1000000
1000000
1000000
1000000
1000000
1000000
1000000
1000000
1000000
1000000
1000000
1000000
1000000
1000000
1000000
1000000
1000000
1000000
1000000
1000000
1000000
1000000
1000000
1000000
1000000
1000000
1000000
1000000
1000005.3
1000005.3
1000005.3
1000005.3
1000005.3
1000005.3
1000005.3
1000005.3
1000005.3
1000005.3
1000005.3
1000005.3
1000003
1000000.1
999999.99
999999.99
999999.99
999999.99
1000000
1000000
1000000
1000000
1000000
1000000
1000000
1000000
1000000
1000000
1000000
1000000
1000000
1000000
1000000
1000000
1000000
1000000
1000000
1000000
1000000
1000000
1000000
1000000
1000000
1000000
1000000
1000000
1000000
1000000
1000000
1000000
1000000
1000000
1000000
1000000
1000000
1000000
1000000
1000000
1000000
1000000
1000000
1000000
1000000
1000000
1000000
1000000
1000000
1000000
1000000
1000000
1000000
1000000
1000000
1000000
1000000
1000000
1000000
1000000
1000000
1000000
1000005.3
1000005.3
1000005.3
1000005.3
1000005.3
1000005.3
1000005.3
1000005.3
1000005.3
1000005.3
1000004.8
1000001.7
999999.99
999999.99
999999.99
999999.99
999999.99
999999.99
1000000
1000000
1000000
1000000
1000000
1000000
1000000
1000000
1000000
1000000
1000000
1000000
1000000
1000000
1000000
1000000
1000000
1000000
1000000
1000000
1000000
1000000
1000000
1000000
1000000
1000000
1000000
1000000
1000000
1000000
1000000
1000000
1000000
1000000
1000000
1000000
1000000
1000000
1000000
1000000
1000000
1000000
1000000
1000000
1000000
1000000
1000000
1000000
1000000
1000000
1000000
1000000
1000000
1000000
1000000
1000000
1000000
1000000
1000000
1000000
1000000
1000000
1000005.3
1000005.3
1000005.3
1000005.3
1000005.3
1000005.3
1000005.3
1000005.3
1000005.1
1000002.9
1000000.4
999999.99
999999.99
999999.99
999999.99
999999.99
999999.99
1000000
1000000
1000000
1000000
1000000
1000000
1000000
1000000
1000000
1000000
1000000
1000000
1000000
1000000
1000000
1000000
1000000
1000000
1000000
1000000
1000000
1000000
1000000
1000000
1000000
1000000
1000000
1000000
1000000
1000000
1000000
1000000
1000000
1000000
1000000
1000000
1000000
1000000
1000000
1000000
1000000
1000000
1000000
1000000
1000000
1000000
1000000
1000000
1000000
1000000
1000000
1000000
1000000
1000000
1000000
1000000
1000000
1000000
1000000
1000000
1000000
1000000
1000000
1000005.3
1000005.3
1000005.3
1000005.3
1000005.3
1000005.3
1000004.6
1000002.7
1000000.5
999999.99
999999.99
999999.99
999999.99
999999.99
999999.99
999999.99
1000000
1000000
1000000
1000000
1000000
1000000
1000000
1000000
1000000
1000000
1000000
1000000
1000000
1000000
1000000
1000000
1000000
1000000
1000000
1000000
1000000
1000000
1000000
1000000
1000000
1000000
1000000
1000000
1000000
1000000
1000000
1000000
1000000
1000000
1000000
1000000
1000000
1000000
1000000
1000000
1000000
1000000
1000000
1000000
1000000
1000000
1000000
1000000
1000000
1000000
1000000
1000000
1000000
1000000
1000000
1000000
1000000
1000000
1000000
1000000
1000000
1000000
1000000
1000000
1000005.2
1000005
1000004.3
1000003.6
1000002.4
1000001.1
1000000
999999.99
999999.99
999999.99
999999.99
999999.99
999999.99
999999.99
999999.99
999999.99
1000000
1000000
1000000
1000000
1000000
1000000
1000000
1000000
1000000
1000000
1000000
1000000
1000000
1000000
1000000
1000000
1000000
1000000
1000000
1000000
1000000
1000000
1000000
1000000
1000000
1000000
1000000
1000000
1000000
1000000
1000000
1000000
1000000
1000000
1000000
1000000
1000000
1000000
1000000
1000000
1000000
1000000
1000000
1000000
1000000
1000000
1000000
1000000
1000000
1000000
1000000
1000000
1000000
1000000
1000000
1000000
1000000
1000000
1000000
1000000
1000000
1000000
1000000
1000000
999999.99
999999.99
999999.99
999999.99
999999.99
999999.99
999999.99
999999.99
999999.99
999999.99
999999.99
999999.99
999999.99
999999.99
999999.99
1000000
1000000
1000000
1000000
1000000
1000000
1000000
1000000
1000000
1000000
1000000
1000000
1000000
1000000
1000000
1000000
1000000
1000000
1000000
1000000
1000000
1000000
1000000
1000000
1000000
1000000
1000000
1000000
1000000
1000000
1000000
1000000
1000000
1000000
1000000
1000000
1000000
1000000
1000000
1000000
1000000
1000000
1000000
1000000
1000000
1000000
1000000
1000000
1000000
1000000
1000000
1000000
1000000
1000000
1000000
1000000
1000000
1000000
1000000
1000000
1000000
1000000
1000000
1000000
1000000
999999.99
999999.99
999999.99
999999.99
999999.99
999999.99
999999.99
999999.99
999999.99
999999.99
999999.99
999999.99
999999.99
999999.99
1000000
1000000
1000000
1000000
1000000
1000000
1000000
1000000
1000000
1000000
1000000
1000000
1000000
1000000
1000000
1000000
1000000
1000000
1000000
1000000
1000000
1000000
1000000
1000000
1000000
1000000
1000000
1000000
1000000
1000000
1000000
1000000
1000000
1000000
1000000
1000000
1000000
1000000
1000000
1000000
1000000
1000000
1000000
1000000
1000000
1000000
1000000
1000000
1000000
1000000
1000000
1000000
1000000
1000000
1000000
1000000
1000000
1000000
1000000
1000000
1000000
1000000
1000000
1000000
1000000
1000000
999999.99
999999.99
999999.99
999999.99
999999.99
999999.99
999999.99
999999.99
999999.99
999999.99
999999.99
999999.99
999999.99
1000000
1000000
1000000
1000000
1000000
1000000
1000000
1000000
1000000
1000000
1000000
1000000
1000000
1000000
1000000
1000000
1000000
1000000
1000000
1000000
1000000
1000000
1000000
1000000
1000000
1000000
1000000
1000000
1000000
1000000
1000000
1000000
1000000
1000000
1000000
1000000
1000000
1000000
1000000
1000000
1000000
1000000
1000000
1000000
1000000
1000000
1000000
1000000
1000000
1000000
1000000
1000000
1000000
1000000
1000000
1000000
1000000
1000000
1000000
1000000
1000000
1000000
1000000
1000000
1000000
1000000
1000000
999999.99
999999.99
999999.99
999999.99
999999.99
999999.99
999999.99
999999.99
999999.99
999999.99
999999.99
999999.99
1000000
1000000
1000000
1000000
1000000
1000000
1000000
1000000
1000000
1000000
1000000
1000000
1000000
1000000
1000000
1000000
1000000
1000000
1000000
1000000
1000000
1000000
1000000
1000000
1000000
1000000
1000000
1000000
1000000
1000000
1000000
1000000
1000000
1000000
1000000
1000000
1000000
1000000
1000000
1000000
1000000
1000000
1000000
1000000
1000000
1000000
1000000
1000000
1000000
1000000
1000000
1000000
1000000
1000000
1000000
1000000
1000000
1000000
1000000
1000000
1000000
1000000
1000000
1000000
1000000
1000000
1000000
1000000
999999.99
999999.99
999999.99
999999.99
999999.99
999999.99
999999.99
999999.99
999999.99
999999.99
999999.99
1000000
1000000
1000000
1000000
1000000
1000000
1000000
1000000
1000000
1000000
1000000
1000000
1000000
1000000
1000000
1000000
1000000
1000000
1000000
1000000
1000000
1000000
1000000
1000000
1000000
1000000
1000000
1000000
1000000
1000000
1000000
1000000
1000000
1000000
1000000
1000000
1000000
1000000
1000000
1000000
1000000
1000000
1000000
1000000
1000000
1000000
1000000
1000000
1000000
1000000
1000000
1000000
1000000
1000000
1000000
1000000
1000000
1000000
1000000
1000000
1000000
1000000
1000000
1000000
1000000
1000000
1000000
1000000
1000000
999999.99
999999.99
999999.99
999999.99
999999.99
999999.99
999999.99
999999.99
999999.99
1000000
1000000
1000000
1000000
1000000
1000000
1000000
1000000
1000000
1000000
1000000
1000000
1000000
1000000
1000000
1000000
1000000
1000000
1000000
1000000
1000000
1000000
1000000
1000000
1000000
1000000
1000000
1000000
1000000
1000000
1000000
1000000
1000000
1000000
1000000
1000000
1000000
1000000
1000000
1000000
1000000
1000000
1000000
1000000
1000000
1000000
1000000
1000000
1000000
1000000
1000000
1000000
1000000
1000000
1000000
1000000
1000000
1000000
1000000
1000000
1000000
1000000
1000000
1000000
1000000
1000000
1000000
1000000
1000000
1000000
1000000
999999.99
999999.99
999999.99
999999.99
999999.99
999999.99
999999.99
1000000
1000000
1000000
1000000
1000000
1000000
1000000
1000000
1000000
1000000
1000000
1000000
1000000
1000000
1000000
1000000
1000000
1000000
1000000
1000000
1000000
1000000
1000000
1000000
1000000
1000000
1000000
1000000
1000000
1000000
1000000
1000000
1000000
1000000
1000000
1000000
1000000
1000000
1000000
1000000
1000000
1000000
1000000
1000000
1000000
1000000
1000000
1000000
1000000
1000000
1000000
1000000
1000000
1000000
1000000
1000000
1000000
1000000
1000000
1000000
1000000
1000000
1000000
1000000
1000000
1000000
1000000
1000000
1000000
1000000
1000000
1000000
1000000
999999.99
999999.99
999999.99
999999.99
1000000
1000000
1000000
1000000
1000000
1000000
1000000
1000000
1000000
1000000
1000000
1000000
1000000
1000000
1000000
1000000
1000000
1000000
1000000
1000000
1000000
1000000
1000000
1000000
1000000
1000000
1000000
1000000
1000000
1000000
1000000
1000000
1000000
1000000
1000000
1000000
1000000
1000000
1000000
1000000
1000000
1000000
1000000
1000000
1000000
1000000
1000000
1000000
1000000
1000000
1000000
1000000
1000000
1000000
1000000
1000000
1000000
1000000
1000000
1000000
1000000
1000000
1000000
1000000
1000000
1000000
1000000
1000000
1000000
1000000
1000000
1000000
1000000
1000000
1000000
1000000
1000000
1000000
1000000
1000000
1000000
1000000
1000000
1000000
1000000
1000000
1000000
1000000
1000000
1000000
1000000
1000000
1000000
1000000
1000000
1000000
1000000
1000000
1000000
1000000
1000000
1000000
1000000
1000000
1000000
1000000
1000000
1000000
1000000
1000000
1000000
1000000
1000000
1000000
1000000
1000000
1000000
1000000
1000000
1000000
1000000
1000000
1000000
1000000
1000000
1000000
1000000
1000000
1000000
1000000
1000000
1000000
1000000
1000000
1000000
1000000
1000000
1000000
1000000
1000000
1000000
1000000
1000000
1000000
1000000
1000000
1000000
1000000
1000000
1000000
1000000
1000000
1000000
1000000
1000000
1000000
1000000
1000000
1000000
1000000
1000000
1000000
1000000
1000000
1000000
1000000
1000000
1000000
1000000
1000000
1000000
1000000
1000000
1000000
1000000
1000000
1000000
1000000
1000000
1000000
1000000
1000000
1000000
1000000
1000000
1000000
1000000
1000000
1000000
1000000
1000000
1000000
1000000
1000000
1000000
1000000
1000000
1000000
1000000
1000000
1000000
1000000
1000000
1000000
1000000
1000000
1000000
1000000
1000000
1000000
1000000
1000000
1000000
1000000
1000000
1000000
1000000
1000000
1000000
1000000
1000000
1000000
1000000
1000000
1000000
1000000
1000000
1000000
1000000
1000000
1000000
1000000
1000000
1000000
1000000
1000000
1000000
1000000
1000000
1000000
1000000
1000000
1000000
1000000
1000000
1000000
1000000
1000000
1000000
1000000
1000000
1000000
1000000
1000000
1000000
1000000
1000000
1000000
1000000
1000000
1000000
1000000
1000000
1000000
1000000
1000000
1000000
1000000
1000000
1000000
1000000
1000000
1000000
1000000
1000000
1000000
1000000
1000000
1000000
1000000
1000000
1000000
1000000
1000000
1000000
1000000
1000000
1000000
1000000
1000000
1000000
1000000
1000000
1000000
1000000
1000000
1000000
1000000
1000000
1000000
1000000
1000000
1000000
1000000
1000000
1000000
1000000
1000000
1000000
1000000
1000000
1000000
1000000
1000000
1000000
1000000
1000000
1000000
1000000
1000000
1000000
1000000
1000000
1000000
1000000
1000000
1000000
1000000
1000000
1000000
1000000
1000000
1000000
1000000
1000000
1000000
1000000
1000000
1000000
1000000
1000000
1000000
1000000
1000000
1000000
1000000
1000000
1000000
1000000
1000000
1000000
1000000
1000000
1000000
1000000
1000000
1000000
1000000
1000000
1000000
1000000
1000000
1000000
1000000
1000000
1000000
1000000
1000000
1000000
1000000
1000000
1000000
1000000
1000000
1000000
1000000
1000000
1000000
1000000
1000000
1000000
1000000
1000000
1000000
1000000
1000000
1000000
1000000
1000000
1000000
1000000
1000000
1000000
1000000
1000000
1000000
1000000
1000000
1000000
1000000
1000000
1000000
1000000
1000000
1000000
1000000
1000000
1000000
1000000
1000000
1000000
1000000
1000000
1000000
1000000
1000000
1000000
1000000
1000000
1000000
1000000
1000000
1000000
1000000
1000000
1000000
1000000
1000000
1000000
1000000
1000000
1000000
1000000
1000000
1000000
1000000
1000000
1000000
1000000
1000000
1000000
1000000
1000000
1000000
1000000
1000000
1000000
1000000
1000000
1000000
1000000
1000000
1000000
1000000
1000000
1000000
1000000
1000000
1000000
1000000
1000000
1000000
1000000
1000000
1000000
1000000
1000000
1000000
1000000
1000000
1000000
1000000
1000000
1000000
1000000
1000000
1000000
1000000
1000000
1000000
1000000
1000000
1000000
1000000
1000000
1000000
1000000
1000000
1000000
1000000
1000000
1000000
1000000
1000000
1000000
1000000
1000000
1000000
1000000
1000000
1000000
1000000
1000000
1000000
1000000
1000000
1000000
1000000
1000000
1000000
1000000
1000000
1000000
1000000
1000000
1000000
1000000
1000000
1000000
1000000
1000000
1000000
1000000
1000000
1000000
1000000
1000000
1000000
1000000
1000000
1000000
1000000
1000000
1000000
1000000
1000000
1000000
1000000
1000000
1000000
1000000
1000000
1000000
1000000
1000000
1000000
1000000
1000000
1000000
1000000
1000000
1000000
1000000
1000000
1000000
1000000
1000000
1000000
1000000
1000000
1000000
1000000
1000000
1000000
1000000
1000000
1000000
1000000
1000000
1000000
1000000
1000000
1000000
1000000
1000000
1000000
1000000
1000000
1000000
1000000
1000000
1000000
1000000
1000000
1000000
1000000
1000000
1000000
1000000
1000000
1000000
1000000
1000000
1000000
1000000
1000000
1000000
1000000
1000000
1000000
1000000
1000000
1000000
1000000
1000000
1000000
1000000
1000000
1000000
1000000
1000000
1000000
1000000
1000000
1000000
1000000
1000000
1000000
1000000
1000000
1000000
1000000
1000000
1000000
1000000
1000000
1000000
1000000
1000000
1000000
1000000
1000000
1000000
1000000
1000000
1000000
1000000
1000000
1000000
1000000
1000000
1000000
1000000
1000000
1000000
1000000
1000000
1000000
1000000
1000000
1000000
1000000
1000000
1000000
1000000
1000000
1000000
1000000
1000000
1000000
1000000
1000000
1000000
1000000
1000000
1000000
1000000
1000000
1000000
1000000
1000000
1000000
1000000
1000000
1000000
1000000
1000000
1000000
1000000
1000000
1000000
1000000
1000000
1000000
1000000
1000000
1000000
1000000
1000000
1000000
1000000
1000000
1000000
1000000
1000000
1000000
1000000
1000000
1000000
1000000
1000000
1000000
1000000
1000000
1000000
1000000
1000000
1000000
1000000
1000000
1000000
1000000
1000000
1000000
1000000
1000000
1000000
1000000
1000000
1000000
1000000
1000000
1000000
1000000
1000000
1000000
1000000
1000000
1000000
1000000
1000000
1000000
1000000
1000000
1000000
1000000
1000000
1000000
1000000
1000000
1000000
1000000
1000000
1000000
1000000
1000000
1000000
1000000
1000000
1000000
1000000
1000000
1000000
1000000
1000000
1000000
1000000
1000000
1000000
1000000
1000000
1000000
1000000
1000000
1000000
1000000
1000000
1000000
1000000
1000000
1000000
1000000
1000000
1000000
1000000
1000000
1000000
1000000
1000000
1000000
1000000
1000000
1000000
1000000
1000000
1000000
1000000
1000000
1000000
1000000
1000000
1000000
1000000
1000000
1000000
1000000
1000000
1000000
1000000
1000000
1000000
1000000
1000000
1000000
1000000
1000000
1000000
1000000
1000000
1000000
1000000
1000000
1000000
1000000
1000000
1000000
1000000
1000000
1000000
1000000
1000000
1000000
1000000
1000000
1000000
1000000
1000000
1000000
1000000
1000000
1000000
1000000
1000000
1000000
1000000
1000000
1000000
1000000
1000000
1000000
1000000
1000000
1000000
1000000
1000000
1000000
1000000
1000000
1000000
1000000
1000000
1000000
1000000
1000000
1000000
1000000
1000000
1000000
1000000
1000000
1000000
1000000
1000000
1000000
1000000
1000000
1000000
1000000
1000000
1000000
1000000
1000000
1000000
1000000
1000000
1000000
1000000
1000000
1000000
1000000
1000000
1000000
1000000
1000000
1000000
1000000
1000000
1000000
1000000
1000000
1000000
1000000
1000000
1000000
1000000
1000000
1000000
1000000
1000000
1000000
1000000
1000000
1000000
1000000
1000000
1000000
1000000
1000000
1000000
1000000
1000000
1000000
1000000
1000000
1000000
1000000
1000000
1000000
1000000
1000000
1000000
1000000
1000000
1000000
1000000
1000000
1000000
1000000
1000000
1000000
1000000
1000000
1000000
1000000
1000000
1000000
1000000
1000000
1000000
1000000
1000000
1000000
1000000
1000000
1000000
1000000
1000000
1000000
1000000
1000000
1000000
1000000
1000000
1000000
1000000
1000000
)
;

boundaryField
{
    bottom
    {
        type            fixedFluxPressure;
        gradient        nonuniform List<scalar> 0();
        value           nonuniform List<scalar> 0();
    }
    top
    {
        type            totalPressure;
        rho             rho;
        psi             none;
        gamma           1;
        p0              nonuniform List<scalar> 0();
        value           nonuniform List<scalar> 0();
    }
    right
    {
        type            fixedFluxPressure;
        gradient        nonuniform List<scalar> 0();
        value           nonuniform List<scalar> 0();
    }
    back
    {
        type            wedge;
    }
    front
    {
        type            wedge;
    }
    axis
    {
        type            empty;
    }
    procBoundary2to0
    {
        type            processor;
        value           nonuniform List<scalar> 
80
(
1000000.6
1000000.6
1000000.6
1000000.6
1000000.6
1000000.6
1000000.6
1000000.6
1000000.6
1000000.6
1000000.6
1000000.6
1000000.6
1000000.6
1000000.6
1000000.6
1000000.6
1000000.7
1000000.7
1000000.7
1000000.7
1000000.7
1000000.7
1000000.7
1000000.8
1000000.8
1000000.8
1000000.8
1000000.8
1000000.8
1000000.8
1000000.8
1000000.8
1000000.8
1000000.9
1000000.9
1000000.9
1000000.9
1000000.9
1000000.9
1000000.9
1000000.9
1000000.9
1000000.9
1000000.9
1000000.9
1000000.9
1000000.9
1000000.9
1000000.9
1000000.9
1000000.9
1000000.9
1000000.9
1000000.9
1000000.9
1000000.9
1000000.9
1000000.9
1000000.9
1000000.9
1000000.9
1000000.9
1000000.9
1000000.9
1000000.9
1000000.9
1000000.9
1000000.9
1000000.9
1000000.9
1000000.9
1000000.9
1000000.9
1000000.9
1000000.9
1000000.9
1000000.9
1000000.9
1000000.9
)
;
    }
    procBoundary2to3
    {
        type            processor;
        value           nonuniform List<scalar> 
80
(
1000000.9
1000000.9
1000000.9
1000000.9
1000000.9
1000000.9
1000000.9
1000000.9
1000000.9
1000000.9
1000000.9
1000000.9
1000000.9
1000000.9
1000000.9
1000000.9
1000000.9
1000000.9
1000000.9
1000000.9
1000000
1000000
1000000
1000000
1000000
1000000
1000000
1000000
1000000
1000000
1000000
1000000
1000000
1000000
1000000
1000000
1000000
1000000
1000000
1000000
1000000
1000000
1000000
1000000
1000000
1000000
1000000
1000000
1000000
1000000
1000000
1000000
1000000
1000000
1000000
1000000
1000000
1000000
1000000
1000000
1000000
1000000
1000000
1000000
1000000
1000000
1000000
1000000
1000000
1000000
1000000
1000000
1000000
1000000
1000000
1000000
1000000
1000000
1000000
1000000
)
;
    }
    procBoundary2to4
    {
        type            processor;
        value           nonuniform List<scalar> 
80
(
1000000
1000000
1000000
1000000
1000000
1000000
1000000
1000000
1000000
1000000
1000000
1000000
1000000
1000000
1000000
1000000
1000000
1000000
1000000
1000000
1000000
1000000
1000000
1000000
1000000
1000000
1000000
1000000
1000000
1000000
1000000
1000000
1000000
1000000
1000000
1000000
1000000
1000000
1000000
1000000
1000000
1000000
1000000
1000000
1000000
1000000
1000000
1000000
1000000
1000000
1000000
1000000
1000000
1000000
1000000
1000000
1000000
1000000
1000000
1000000
1000000
1000000
1000000
1000000
1000000
1000000
1000000
1000000
1000000
1000000
1000000
1000000
1000000
1000000
1000000
1000000
1000000
1000000
1000000
1000000
)
;
    }
}


// ************************************************************************* //
