/*--------------------------------*- C++ -*----------------------------------*\
| =========                 |                                                 |
| \\      /  F ield         | OpenFOAM: The Open Source CFD Toolbox           |
|  \\    /   O peration     | Version:  2106                                  |
|   \\  /    A nd           | Website:  www.openfoam.com                      |
|    \\/     M anipulation  |                                                 |
\*---------------------------------------------------------------------------*/
FoamFile
{
    version     2.0;
    format      ascii;
    arch        "LSB;label=32;scalar=64";
    class       volScalarField;
    location    "0.046";
    object      K_;
}
// * * * * * * * * * * * * * * * * * * * * * * * * * * * * * * * * * * * * * //

dimensions      [0 -1 0 0 0 0 0];

internalField   nonuniform List<scalar> 
1024
(
0
0
0
0
0
0
0
0
0
0
0
0
0
0
0
0
0
0
0
0
0
0
0
0
0
0
0
0
0
0
0
0
0
0
0
0
0
0
0
0
0
0
0
0
0
0
0
0
0
0
0
0
0
0
0
0
0
0
0
0
0
0
0
0
0
0
0
0
0
0
0
0
0
0
0
0
0
0
0
0
0
0
0
0
0
0
0
0
0
0
0
0
0
0
0
0
0
0
0
0
0
0
0
0
0
0
0
0
0
0
0
0
0
0
0
0
0
0
0
0
0
0
0
0
0
0
0
0
0
0
0
0
0
0
0
0
0
0
0
0
0
0
0
0
0
0
0
0
0
0
0
0
0
0
0
0
0
0
0
0
0
0
0
0
0
0
0
0
0
0
0
0
0
0
0
0
0
0
0
0
0
0
0
0
0
0
0
0
0
0
0
0
0
0
0
0
0
0
0
0
0
0
0
0
0
0
0
0
0
0
0
0
0
0
0
0
0
0
0
0
0
0
0
0
0
0
0
0
0
0
0
0
0
0
0
0
0
0
0
0
0
0
0
0
0
0
0
0
0
0
0
0
0
0
0
0
0
0
0
0
0
0
0
0
0
0
0
0
0
0
0
0
0
0
0
0
0
0
0
0
0
0
0
0
0
0
0
0
0
0
0
0
0
0
0
0
0
0
0
0
0
0
0
0
0
0
0
0
0
0
0
0
0
0
0
0
0
0
0
0
0
0
0
0
0
0
0
0
0
0
0
0
0
0
0
0
0
0
0
0
0
0
0
0
0
0
0
0
0
0
0
0
0
0
0
0
0
0
0
0
0
0
0
0
0
0
0
0
0
0
0
0
0
0
0
0
0
0
0
0
0
0
0
0
-0.019026121
-0.018290469
-0.016850269
-0.014760208
-0.012104288
-0.0089893058
-0.0055215921
-0.0018572916
0.0018554926
0.0055201616
0.0089883791
0
0
0
0
0
0
0
0
0
0
0.0089894645
0.0055217689
0.0018573754
-0.0018552575
-0.005520218
-0.008988493
-0.012104376
-0.014760856
-0.016851216
-0.018291525
-0.01902643
-0.019026121
-0.018290469
-0.016850269
-0.014760208
-0.012104288
-0.0089893058
-0.0055215921
-0.0018572916
0.0018554926
0.0055201616
0.0089883791
0.012104143
0.014760678
0.016851231
0.018291563
0.01902652
0.019026101
0.018290378
0.016850124
0.014760288
0.012104246
0.0089894645
0.0055217689
0.0018573754
-0.0018552575
-0.005520218
-0.008988493
-0.012104376
-0.014760856
-0.016851216
-0.018291525
-0.01902643
-0.019026121
-0.018290469
-0.016850269
-0.014760208
-0.012104288
-0.0089893058
-0.0055215921
-0.0018572916
0.0018554926
0.0055201616
0.0089883791
0.012104143
0.014760678
0.016851231
0.018291563
0.01902652
0.019026101
0.018290378
0.016850124
0.014760288
0.012104246
0.0089894645
0.0055217689
0.0018573754
-0.0018552575
-0.005520218
-0.008988493
-0.012104376
-0.014760856
-0.016851216
-0.018291525
-0.01902643
-0.019026121
-0.018290469
-0.016850269
-0.014760208
-0.012104288
-0.0089893058
-0.0055215921
-0.0018572916
0.0018554926
0.0055201616
0.0089883791
0.012104143
0.014760678
0.016851231
0.018291563
0.01902652
0.019026101
0.018290378
0.016850124
0.014760288
0.012104246
0.0089894645
0.0055217689
0.0018573754
-0.0018552575
-0.005520218
-0.008988493
-0.012104376
-0.014760856
-0.016851216
-0.018291525
-0.01902643
-0.019026121
-0.018290469
-0.016850269
-0.014760208
-0.012104288
-0.0089893058
-0.0055215921
-0.0018572916
0.0018554926
0.0055201616
0.0089883791
0.012104143
0.014760678
0.016851231
0.018291563
0.01902652
0.019026101
0.018290378
0.016850124
0.014760288
0.012104246
0.0089894645
0.0055217689
0.0018573754
-0.0018552575
-0.005520218
-0.008988493
-0.012104376
-0.014760856
-0.016851216
-0.018291525
-0.01902643
-0.019026121
-0.018290469
-0.016850269
-0.014760208
-0.012104288
-0.0089893058
-0.0055215921
-0.0018572916
0.0018554926
0.0055201616
0.0089883791
0.012104143
0.014760678
0.016851231
0.018291563
0.01902652
0.019026101
0.018290378
0.016850124
0.014760288
0.012104246
0.0089894645
0.0055217689
0.0018573754
-0.0018552575
-0.005520218
-0.008988493
-0.012104376
-0.014760856
-0.016851216
-0.018291525
-0.01902643
-0.019026121
-0.018290469
-0.016850269
-0.014760208
-0.012104288
-0.0089893058
-0.0055215921
-0.0018572916
0.0018554926
0.0055201616
0.0089883791
0.012104143
0.014760678
0.016851231
0.018291563
0.01902652
0.019026101
0.018290378
0.016850124
0.014760288
0.012104246
0.0089894645
0.0055217689
0.0018573754
-0.0018552575
-0.005520218
-0.008988493
-0.012104376
-0.014760856
-0.016851216
-0.018291525
-0.01902643
0
0
0
0
0
-0.0089893058
-0.0055215921
-0.0018572916
0.0018554926
0.0055201616
0.0089883791
0.012104143
0.014760678
0.016851231
0.018291563
0.01902652
0.019026101
0.018290378
0.016850124
0.014760288
0.012104246
0.0089894645
0.0055217689
0.0018573754
-0.0018552575
-0.005520218
-0.008988493
0
0
0
0
0
0
0
0
0
0
0
0
0
0
0
0
0
0
0
0
0
0
0
0
0
0
0
0
0
0
0
0
0
0
0
0
0
0
0
0
0
0
0
0
0
0
0
0
0
0
0
0
0
0
0
0
0
0
0
0
0
0
0
0
0
0
0
0
0
0
0
0
0
0
0
0
0
0
0
0
0
0
0
0
0
0
0
0
0
0
0
0
0
0
0
0
0
0
0
0
0
0
0
0
0
0
0
0
0
0
0
0
0
0
0
0
0
0
0
0
0
0
0
0
0
0
0
0
0
0
0
0
0
0
0
0
0
0
0
0
0
0
0
0
0
0
0
0
0
0
0
0
0
0
0
0
0
0
0
0
0
0
0
0
0
0
0
0
0
0
0
0
0
0
0
0
0
0
0
0
0
0
0
0
0
0
0
0
0
0
0
0
0
0
0
0
0
0
0
0
0
0
0
0
0
0
0
0
0
0
0
0
0
0
0
0
0
0
0
0
0
0
0
0
0
0
0
0
0
0
0
0
0
0
0
0
0
0
0
0
0
0
0
0
0
0
0
0
0
0
0
0
0
0
0
0
0
0
0
0
0
0
0
0
0
0
0
0
0
0
0
0
0
0
0
0
0
0
0
0
0
0
0
0
0
0
0
0
0
0
0
0
0
0
0
0
0
0
0
0
0
0
0
0
0
0
0
0
0
0
0
0
0
0
0
0
0
0
0
0
0
0
0
0
0
0
0
0
0
0
0
0
0
0
0
0
0
0
0
0
0
0
0
0
0
0
0
0
0
0
0
0
0
0
0
0
0
0
0
0
0
0
0
0
0
0
0
0
0
0
0
0
0
0
0
0
0
0
0
0
0
0
0
0
0
0
0
0
0
)
;

boundaryField
{
    leftWall
    {
        type            cyclic;
    }
    rightWall
    {
        type            cyclic;
    }
    lowerWall
    {
        type            zeroGradient;
    }
    atmosphere
    {
        type            zeroGradient;
    }
    defaultFaces
    {
        type            empty;
    }
}


// ************************************************************************* //
