/*--------------------------------*- C++ -*----------------------------------*\
| =========                 |                                                 |
| \\      /  F ield         | OpenFOAM: The Open Source CFD Toolbox           |
|  \\    /   O peration     | Version:  2106                                  |
|   \\  /    A nd           | Website:  www.openfoam.com                      |
|    \\/     M anipulation  |                                                 |
\*---------------------------------------------------------------------------*/
FoamFile
{
    version     2.0;
    format      ascii;
    arch        "LSB;label=32;scalar=64";
    class       volScalarField;
    location    "0.022";
    object      K_;
}
// * * * * * * * * * * * * * * * * * * * * * * * * * * * * * * * * * * * * * //

dimensions      [0 -1 0 0 0 0 0];

internalField   nonuniform List<scalar> 
1024
(
0
0
0
0
0
0
0
0
0
0
0
0
0
0
0
0
0
0
0
0
0
0
0
0
0
0
0
0
0
0
0
0
0
0
0
0
0
0
0
0
0
0
0
0
0
0
0
0
0
0
0
0
0
0
0
0
0
0
0
0
0
0
0
0
0
0
0
0
0
0
0
0
0
0
0
0
0
0
0
0
0
0
0
0
0
0
0
0
0
0
0
0
0
0
0
0
0
0
0
0
0
0
0
0
0
0
0
0
0
0
0
0
0
0
0
0
0
0
0
0
0
0
0
0
0
0
0
0
0
0
0
0
0
0
0
0
0
0
0
0
0
0
0
0
0
0
0
0
0
0
0
0
0
0
0
0
0
0
0
0
0
0
0
0
0
0
0
0
0
0
0
0
0
0
0
0
0
0
0
0
0
0
0
0
0
0
0
0
0
0
0
0
0
0
0
0
0
0
0
0
0
0
0
0
0
0
0
0
0
0
0
0
0
0
0
0
0
0
0
0
0
0
0
0
0
0
0
0
0
0
0
0
0
0
0
0
0
0
0
0
0
0
0
0
0
0
0
0
0
0
0
0
0
0
0
0
0
0
0
0
0
0
0
0
0
0
0
0
0
0
0
0
0
0
0
0
0
0
0
0
0
0
0
0
0
0
0
0
0
0
0
0
0
0
0
0
0
0
0
0
0
0
0
0
0
0
0
0
0
0
0
0
0
0
0
0
0
0
0
0
0
0
0
0
0
0
0
0
0
0
0
0
0
0
0
0
0
0
0
0
0
0
0
0
0
0
0
0
0
0
0
0
0
0
0
0
0
0
0
0
0
0
0
0
0
0
0
0
0
0
0
0
0
0
0
0
0
0
0
0
0
0
0
0
-0.078566906
-0.075547937
-0.069566715
-0.060906123
-0.049920648
-0.03694892
-0.022595935
-0.007597707
0.00757811
0.022595331
0.036955154
0
0
0
0
0
0
0
0
0
0
0.036950821
0.022597246
0.0075894257
-0.0075931013
-0.02260022
-0.036951278
-0.049921404
-0.060905696
-0.069565379
-0.075546625
-0.078566111
-0.078566906
-0.075547937
-0.069566715
-0.060906123
-0.049920648
-0.03694892
-0.022595935
-0.007597707
0.00757811
0.022595331
0.036955154
0.049923728
0.060909321
0.069567987
0.075547137
0.078566656
0.078567799
0.075549634
0.069570418
0.060909901
0.049922269
0.036950821
0.022597246
0.0075894257
-0.0075931013
-0.02260022
-0.036951278
-0.049921404
-0.060905696
-0.069565379
-0.075546625
-0.078566111
-0.078566906
-0.075547937
-0.069566715
-0.060906123
-0.049920648
-0.03694892
-0.022595935
-0.007597707
0.00757811
0.022595331
0.036955154
0.049923728
0.060909321
0.069567987
0.075547137
0.078566656
0.078567799
0.075549634
0.069570418
0.060909901
0.049922269
0.036950821
0.022597246
0.0075894257
-0.0075931013
-0.02260022
-0.036951278
-0.049921404
-0.060905696
-0.069565379
-0.075546625
-0.078566111
-0.078566906
-0.075547937
-0.069566715
-0.060906123
-0.049920648
-0.03694892
-0.022595935
-0.007597707
0.00757811
0.022595331
0.036955154
0.049923728
0.060909321
0.069567987
0.075547137
0.078566656
0.078567799
0.075549634
0.069570418
0.060909901
0.049922269
0.036950821
0.022597246
0.0075894257
-0.0075931013
-0.02260022
-0.036951278
-0.049921404
-0.060905696
-0.069565379
-0.075546625
-0.078566111
-0.078566906
-0.075547937
-0.069566715
-0.060906123
-0.049920648
-0.03694892
-0.022595935
-0.007597707
0.00757811
0.022595331
0.036955154
0.049923728
0.060909321
0.069567987
0.075547137
0.078566656
0.078567799
0.075549634
0.069570418
0.060909901
0.049922269
0.036950821
0.022597246
0.0075894257
-0.0075931013
-0.02260022
-0.036951278
-0.049921404
-0.060905696
-0.069565379
-0.075546625
-0.078566111
-0.078566906
-0.075547937
-0.069566715
-0.060906123
-0.049920648
-0.03694892
-0.022595935
-0.007597707
0.00757811
0.022595331
0.036955154
0.049923728
0.060909321
0.069567987
0.075547137
0.078566656
0.078567799
0.075549634
0.069570418
0.060909901
0.049922269
0.036950821
0.022597246
0.0075894257
-0.0075931013
-0.02260022
-0.036951278
-0.049921404
-0.060905696
-0.069565379
-0.075546625
-0.078566111
-0.078566906
-0.075547937
-0.069566715
-0.060906123
-0.049920648
-0.03694892
-0.022595935
-0.007597707
0.00757811
0.022595331
0.036955154
0.049923728
0.060909321
0.069567987
0.075547137
0.078566656
0.078567799
0.075549634
0.069570418
0.060909901
0.049922269
0.036950821
0.022597246
0.0075894257
-0.0075931013
-0.02260022
-0.036951278
-0.049921404
-0.060905696
-0.069565379
-0.075546625
-0.078566111
0
0
0
0
0
-0.03694892
-0.022595935
-0.007597707
0.00757811
0.022595331
0.036955154
0.049923728
0.060909321
0.069567987
0.075547137
0.078566656
0.078567799
0.075549634
0.069570418
0.060909901
0.049922269
0.036950821
0.022597246
0.0075894257
-0.0075931013
-0.02260022
-0.036951278
0
0
0
0
0
0
0
0
0
0
0
0
0
0
0
0
0
0
0
0
0
0
0
0
0
0
0
0
0
0
0
0
0
0
0
0
0
0
0
0
0
0
0
0
0
0
0
0
0
0
0
0
0
0
0
0
0
0
0
0
0
0
0
0
0
0
0
0
0
0
0
0
0
0
0
0
0
0
0
0
0
0
0
0
0
0
0
0
0
0
0
0
0
0
0
0
0
0
0
0
0
0
0
0
0
0
0
0
0
0
0
0
0
0
0
0
0
0
0
0
0
0
0
0
0
0
0
0
0
0
0
0
0
0
0
0
0
0
0
0
0
0
0
0
0
0
0
0
0
0
0
0
0
0
0
0
0
0
0
0
0
0
0
0
0
0
0
0
0
0
0
0
0
0
0
0
0
0
0
0
0
0
0
0
0
0
0
0
0
0
0
0
0
0
0
0
0
0
0
0
0
0
0
0
0
0
0
0
0
0
0
0
0
0
0
0
0
0
0
0
0
0
0
0
0
0
0
0
0
0
0
0
0
0
0
0
0
0
0
0
0
0
0
0
0
0
0
0
0
0
0
0
0
0
0
0
0
0
0
0
0
0
0
0
0
0
0
0
0
0
0
0
0
0
0
0
0
0
0
0
0
0
0
0
0
0
0
0
0
0
0
0
0
0
0
0
0
0
0
0
0
0
0
0
0
0
0
0
0
0
0
0
0
0
0
0
0
0
0
0
0
0
0
0
0
0
0
0
0
0
0
0
0
0
0
0
0
0
0
0
0
0
0
0
0
0
0
0
0
0
0
0
0
0
0
0
0
0
0
0
0
0
0
0
0
0
0
0
0
0
0
0
0
0
0
0
0
0
0
0
0
0
0
0
0
0
0
0
0
)
;

boundaryField
{
    leftWall
    {
        type            cyclic;
    }
    rightWall
    {
        type            cyclic;
    }
    lowerWall
    {
        type            zeroGradient;
    }
    atmosphere
    {
        type            zeroGradient;
    }
    defaultFaces
    {
        type            empty;
    }
}


// ************************************************************************* //
