/*--------------------------------*- C++ -*----------------------------------*\
| =========                 |                                                 |
| \\      /  F ield         | OpenFOAM: The Open Source CFD Toolbox           |
|  \\    /   O peration     | Version:  2106                                  |
|   \\  /    A nd           | Website:  www.openfoam.com                      |
|    \\/     M anipulation  |                                                 |
\*---------------------------------------------------------------------------*/
FoamFile
{
    version     2.0;
    format      ascii;
    arch        "LSB;label=32;scalar=64";
    class       volScalarField;
    location    "0.03";
    object      K_;
}
// * * * * * * * * * * * * * * * * * * * * * * * * * * * * * * * * * * * * * //

dimensions      [0 -1 0 0 0 0 0];

internalField   nonuniform List<scalar> 
1024
(
0
0
0
0
0
0
0
0
0
0
0
0
0
0
0
0
0
0
0
0
0
0
0
0
0
0
0
0
0
0
0
0
0
0
0
0
0
0
0
0
0
0
0
0
0
0
0
0
0
0
0
0
0
0
0
0
0
0
0
0
0
0
0
0
0
0
0
0
0
0
0
0
0
0
0
0
0
0
0
0
0
0
0
0
0
0
0
0
0
0
0
0
0
0
0
0
0
0
0
0
0
0
0
0
0
0
0
0
0
0
0
0
0
0
0
0
0
0
0
0
0
0
0
0
0
0
0
0
0
0
0
0
0
0
0
0
0
0
0
0
0
0
0
0
0
0
0
0
0
0
0
0
0
0
0
0
0
0
0
0
0
0
0
0
0
0
0
0
0
0
0
0
0
0
0
0
0
0
0
0
0
0
0
0
0
0
0
0
0
0
0
0
0
0
0
0
0
0
0
0
0
0
0
0
0
0
0
0
0
0
0
0
0
0
0
0
0
0
0
0
0
0
0
0
0
0
0
0
0
0
0
0
0
0
0
0
0
0
0
0
0
0
0
0
0
0
0
0
0
0
0
0
0
0
0
0
0
0
0
0
0
0
0
0
0
0
0
0
0
0
0
0
0
0
0
0
0
0
0
0
0
0
0
0
0
0
0
0
0
0
0
0
0
0
0
0
0
0
0
0
0
0
0
0
0
0
0
0
0
0
0
0
0
0
0
0
0
0
0
0
0
0
0
0
0
0
0
0
0
0
0
0
0
0
0
0
0
0
0
0
0
0
0
0
0
0
0
0
0
0
0
0
0
0
0
0
0
0
0
0
0
0
0
0
0
0
0
0
0
0
0
0
0
0
0
0
0
0
0
0
0
0
0
0
0
0
0
0
0
0.021024039
0.012951072
0.0043511808
-0.0043498848
-0.01295051
-0.021023965
-0.028255926
-0.034462511
-0.039289096
-0.042621662
-0.044328694
-0.044328769
-0.042621722
-0.039287988
-0.034461453
-0.028258331
-0.021027461
-0.01294887
-0.0043464093
0.0043487957
0.012946277
0.021023678
0
0
0
0
0
0.044327448
0.042621643
0.039289175
0.034463262
0.028256708
0.021024039
0.012951072
0.0043511808
-0.0043498848
-0.01295051
-0.021023965
-0.028255926
-0.034462511
-0.039289096
-0.042621662
-0.044328694
-0.044328769
-0.042621722
-0.039287988
-0.034461453
-0.028258331
-0.021027461
-0.01294887
-0.0043464093
0.0043487957
0.012946277
0.021023678
0.028258913
0.034464128
0.03928872
0.042621057
0.044327132
0.044327448
0.042621643
0.039289175
0.034463262
0.028256708
0.021024039
0.012951072
0.0043511808
-0.0043498848
-0.01295051
-0.021023965
-0.028255926
-0.034462511
-0.039289096
-0.042621662
-0.044328694
-0.044328769
-0.042621722
-0.039287988
-0.034461453
-0.028258331
-0.021027461
-0.01294887
-0.0043464093
0.0043487957
0.012946277
0.021023678
0.028258913
0.034464128
0.03928872
0.042621057
0.044327132
0.044327448
0.042621643
0.039289175
0.034463262
0.028256708
0.021024039
0.012951072
0.0043511808
-0.0043498848
-0.01295051
-0.021023965
-0.028255926
-0.034462511
-0.039289096
-0.042621662
-0.044328694
-0.044328769
-0.042621722
-0.039287988
-0.034461453
-0.028258331
-0.021027461
-0.01294887
-0.0043464093
0.0043487957
0.012946277
0.021023678
0.028258913
0.034464128
0.03928872
0.042621057
0.044327132
0.044327448
0.042621643
0.039289175
0.034463262
0.028256708
0.021024039
0.012951072
0.0043511808
-0.0043498848
-0.01295051
-0.021023965
-0.028255926
-0.034462511
-0.039289096
-0.042621662
-0.044328694
-0.044328769
-0.042621722
-0.039287988
-0.034461453
-0.028258331
-0.021027461
-0.01294887
-0.0043464093
0.0043487957
0.012946277
0.021023678
0.028258913
0.034464128
0.03928872
0.042621057
0.044327132
0.044327448
0.042621643
0.039289175
0.034463262
0.028256708
0.021024039
0.012951072
0.0043511808
-0.0043498848
-0.01295051
-0.021023965
-0.028255926
-0.034462511
-0.039289096
-0.042621662
-0.044328694
-0.044328769
-0.042621722
-0.039287988
-0.034461453
-0.028258331
-0.021027461
-0.01294887
-0.0043464093
0.0043487957
0.012946277
0.021023678
0.028258913
0.034464128
0.03928872
0.042621057
0.044327132
0.044327448
0.042621643
0.039289175
0.034463262
0.028256708
0.021024039
0.012951072
0.0043511808
-0.0043498848
-0.01295051
-0.021023965
-0.028255926
-0.034462511
-0.039289096
-0.042621662
-0.044328694
-0.044328769
-0.042621722
-0.039287988
-0.034461453
-0.028258331
-0.021027461
-0.01294887
-0.0043464093
0.0043487957
0.012946277
0.021023678
0.028258913
0.034464128
0.03928872
0.042621057
0.044327132
0.044327448
0.042621643
0.039289175
0.034463262
0.028256708
0.021024039
0.012951072
0.0043511808
-0.0043498848
-0.01295051
-0.021023965
0
0
0
0
0
0
0
0
0
0
-0.021027461
-0.01294887
-0.0043464093
0.0043487957
0.012946277
0.021023678
0.028258913
0.034464128
0.03928872
0.042621057
0.044327132
0
0
0
0
0
0
0
0
0
0
0
0
0
0
0
0
0
0
0
0
0
0
0
0
0
0
0
0
0
0
0
0
0
0
0
0
0
0
0
0
0
0
0
0
0
0
0
0
0
0
0
0
0
0
0
0
0
0
0
0
0
0
0
0
0
0
0
0
0
0
0
0
0
0
0
0
0
0
0
0
0
0
0
0
0
0
0
0
0
0
0
0
0
0
0
0
0
0
0
0
0
0
0
0
0
0
0
0
0
0
0
0
0
0
0
0
0
0
0
0
0
0
0
0
0
0
0
0
0
0
0
0
0
0
0
0
0
0
0
0
0
0
0
0
0
0
0
0
0
0
0
0
0
0
0
0
0
0
0
0
0
0
0
0
0
0
0
0
0
0
0
0
0
0
0
0
0
0
0
0
0
0
0
0
0
0
0
0
0
0
0
0
0
0
0
0
0
0
0
0
0
0
0
0
0
0
0
0
0
0
0
0
0
0
0
0
0
0
0
0
0
0
0
0
0
0
0
0
0
0
0
0
0
0
0
0
0
0
0
0
0
0
0
0
0
0
0
0
0
0
0
0
0
0
0
0
0
0
0
0
0
0
0
0
0
0
0
0
0
0
0
0
0
0
0
0
0
0
0
0
0
0
0
0
0
0
0
0
0
0
0
0
0
0
0
0
0
0
0
0
0
0
0
0
0
0
0
0
0
0
0
0
0
0
0
0
0
0
0
0
0
0
0
0
0
0
0
0
0
0
0
0
0
0
0
0
0
0
0
0
0
0
0
0
0
0
0
0
0
0
0
0
0
0
0
0
0
0
0
0
0
0
0
0
0
0
0
0
0
0
0
0
0
0
0
0
0
0
0
0
0
0
0
0
)
;

boundaryField
{
    leftWall
    {
        type            cyclic;
    }
    rightWall
    {
        type            cyclic;
    }
    lowerWall
    {
        type            zeroGradient;
    }
    atmosphere
    {
        type            zeroGradient;
    }
    defaultFaces
    {
        type            empty;
    }
}


// ************************************************************************* //
