/*--------------------------------*- C++ -*----------------------------------*\
| =========                 |                                                 |
| \\      /  F ield         | OpenFOAM: The Open Source CFD Toolbox           |
|  \\    /   O peration     | Version:  2106                                  |
|   \\  /    A nd           | Website:  www.openfoam.com                      |
|    \\/     M anipulation  |                                                 |
\*---------------------------------------------------------------------------*/
FoamFile
{
    version     2.0;
    format      ascii;
    arch        "LSB;label=32;scalar=64";
    class       volScalarField;
    location    "0.005";
    object      K_;
}
// * * * * * * * * * * * * * * * * * * * * * * * * * * * * * * * * * * * * * //

dimensions      [0 -1 0 0 0 0 0];

internalField   nonuniform List<scalar> 
1024
(
0
0
0
0
0
0
0
0
0
0
0
0
0
0
0
0
0
0
0
0
0
0
0
0
0
0
0
0
0
0
0
0
0
0
0
0
0
0
0
0
0
0
0
0
0
0
0
0
0
0
0
0
0
0
0
0
0
0
0
0
0
0
0
0
0
0
0
0
0
0
0
0
0
0
0
0
0
0
0
0
0
0
0
0
0
0
0
0
0
0
0
0
0
0
0
0
0
0
0
0
0
0
0
0
0
0
0
0
0
0
0
0
0
0
0
0
0
0
0
0
0
0
0
0
0
0
0
0
0
0
0
0
0
0
0
0
0
0
0
0
0
0
0
0
0
0
0
0
0
0
0
0
0
0
0
0
0
0
0
0
0
0
0
0
0
0
0
0
0
0
0
0
0
0
0
0
0
0
0
0
0
0
0
0
0
0
0
0
0
0
0
0
0
0
0
0
0
0
0
0
0
0
0
0
0
0
0
0
0
0
0
0
0
0
0
0
0
0
0
0
0
0
0
0
0
0
0
0
0
0
0
0
0
0
0
0
0
0
0
0
0
0
0
0
0
0
0
0
0
0
0
0
0
0
0
0
0
0
0
0
0
0
0
0
0
0
0
0
0
0
0
0
0
0
0
0
0
0
0
0
0
0
0
0
0
0
0
0
0
0
0
0
0
0
0
0
0
0
0
0
0
0
0
0
0
0
0
0
0
0
0
0
0
0
0
0
0
0
0
0
0
0
0
0
0
0
0
0
0
0
0
0
0
0
0
0
0
0
0
0
0
0
0
0
0
0
0
0
0
0
0
0
0
0
0
0
0
0
0
0
0
0
0
0
0
0
0
0
0
0
0
0
0
0
0
0
0
0
0
0
0
0
0
0
0
0
0
0
0
0.12022073
0.071467399
0.023337905
-0.023357003
-0.071505499
-0.12026969
-0.16407791
-0.20172845
-0.23248699
-0.25351991
-0.26440606
-0.26440606
-0.25351991
-0.23248699
-0.20172845
-0.16407791
-0.12026969
-0.071505499
-0.023357003
0.023337905
0.071467399
0.12022073
0
0
0
0
0
0.26442141
0.253543
0.23252242
0.20176643
0.16407287
0.12022073
0.071467399
0.023337905
-0.023357003
-0.071505499
-0.12026969
-0.16407791
-0.20172845
-0.23248699
-0.25351991
-0.26440606
-0.26440606
-0.25351991
-0.23248699
-0.20172845
-0.16407791
-0.12026969
-0.071505499
-0.023357003
0.023337905
0.071467399
0.12022073
0.16407287
0.20176643
0.23252242
0.253543
0.26442141
0.26442141
0.253543
0.23252242
0.20176643
0.16407287
0.12022073
0.071467399
0.023337905
-0.023357003
-0.071505499
-0.12026969
-0.16407791
-0.20172845
-0.23248699
-0.25351991
-0.26440606
-0.26440606
-0.25351991
-0.23248699
-0.20172845
-0.16407791
-0.12026969
-0.071505499
-0.023357003
0.023337905
0.071467399
0.12022073
0.16407287
0.20176643
0.23252242
0.253543
0.26442141
0.26442141
0.253543
0.23252242
0.20176643
0.16407287
0.12022073
0.071467399
0.023337905
-0.023357003
-0.071505499
-0.12026969
-0.16407791
-0.20172845
-0.23248699
-0.25351991
-0.26440606
-0.26440606
-0.25351991
-0.23248699
-0.20172845
-0.16407791
-0.12026969
-0.071505499
-0.023357003
0.023337905
0.071467399
0.12022073
0.16407287
0.20176643
0.23252242
0.253543
0.26442141
0.26442141
0.253543
0.23252242
0.20176643
0.16407287
0.12022073
0.071467399
0.023337905
-0.023357003
-0.071505499
-0.12026969
-0.16407791
-0.20172845
-0.23248699
-0.25351991
-0.26440606
-0.26440606
-0.25351991
-0.23248699
-0.20172845
-0.16407791
-0.12026969
-0.071505499
-0.023357003
0.023337905
0.071467399
0.12022073
0.16407287
0.20176643
0.23252242
0.253543
0.26442141
0.26442141
0.253543
0.23252242
0.20176643
0.16407287
0.12022073
0.071467399
0.023337905
-0.023357003
-0.071505499
-0.12026969
-0.16407791
-0.20172845
-0.23248699
-0.25351991
-0.26440606
-0.26440606
-0.25351991
-0.23248699
-0.20172845
-0.16407791
-0.12026969
-0.071505499
-0.023357003
0.023337905
0.071467399
0.12022073
0.16407287
0.20176643
0.23252242
0.253543
0.26442141
0.26442141
0.253543
0.23252242
0.20176643
0.16407287
0.12022073
0.071467399
0.023337905
-0.023357003
-0.071505499
-0.12026969
-0.16407791
-0.20172845
-0.23248699
-0.25351991
-0.26440606
-0.26440606
-0.25351991
-0.23248699
-0.20172845
-0.16407791
-0.12026969
-0.071505499
-0.023357003
0.023337905
0.071467399
0.12022073
0.16407287
0.20176643
0.23252242
0.253543
0.26442141
0.26442141
0.253543
0.23252242
0.20176643
0.16407287
0.12022073
0.071467399
0.023337905
-0.023357003
-0.071505499
-0.12026969
0
0
0
0
0
0
0
0
0
0
-0.12026969
-0.071505499
-0.023357003
0.023337905
0.071467399
0.12022073
0.16407287
0.20176643
0.23252242
0.253543
0.26442141
0
0
0
0
0
0
0
0
0
0
0
0
0
0
0
0
0
0
0
0
0
0
0
0
0
0
0
0
0
0
0
0
0
0
0
0
0
0
0
0
0
0
0
0
0
0
0
0
0
0
0
0
0
0
0
0
0
0
0
0
0
0
0
0
0
0
0
0
0
0
0
0
0
0
0
0
0
0
0
0
0
0
0
0
0
0
0
0
0
0
0
0
0
0
0
0
0
0
0
0
0
0
0
0
0
0
0
0
0
0
0
0
0
0
0
0
0
0
0
0
0
0
0
0
0
0
0
0
0
0
0
0
0
0
0
0
0
0
0
0
0
0
0
0
0
0
0
0
0
0
0
0
0
0
0
0
0
0
0
0
0
0
0
0
0
0
0
0
0
0
0
0
0
0
0
0
0
0
0
0
0
0
0
0
0
0
0
0
0
0
0
0
0
0
0
0
0
0
0
0
0
0
0
0
0
0
0
0
0
0
0
0
0
0
0
0
0
0
0
0
0
0
0
0
0
0
0
0
0
0
0
0
0
0
0
0
0
0
0
0
0
0
0
0
0
0
0
0
0
0
0
0
0
0
0
0
0
0
0
0
0
0
0
0
0
0
0
0
0
0
0
0
0
0
0
0
0
0
0
0
0
0
0
0
0
0
0
0
0
0
0
0
0
0
0
0
0
0
0
0
0
0
0
0
0
0
0
0
0
0
0
0
0
0
0
0
0
0
0
0
0
0
0
0
0
0
0
0
0
0
0
0
0
0
0
0
0
0
0
0
0
0
0
0
0
0
0
0
0
0
0
0
0
0
0
0
0
0
0
0
0
0
0
0
0
0
0
0
0
0
0
0
0
0
0
0
0
0
0
0
0
0
0
0
)
;

boundaryField
{
    leftWall
    {
        type            cyclic;
    }
    rightWall
    {
        type            cyclic;
    }
    lowerWall
    {
        type            zeroGradient;
    }
    atmosphere
    {
        type            zeroGradient;
    }
    defaultFaces
    {
        type            empty;
    }
}


// ************************************************************************* //
