/*--------------------------------*- C++ -*----------------------------------*\
| =========                 |                                                 |
| \\      /  F ield         | OpenFOAM: The Open Source CFD Toolbox           |
|  \\    /   O peration     | Version:  2306                                  |
|   \\  /    A nd           | Website:  www.openfoam.com                      |
|    \\/     M anipulation  |                                                 |
\*---------------------------------------------------------------------------*/
FoamFile
{
    version     2.0;
    format      ascii;
    arch        "LSB;label=32;scalar=64";
    class       volScalarField;
    location    "0.53";
    object      reconstructedDistanceFunction;
}
// * * * * * * * * * * * * * * * * * * * * * * * * * * * * * * * * * * * * * //

dimensions      [0 1 0 0 0 0 0];

internalField   nonuniform List<scalar> 
6400
(
0
0
0
0
0
0
0
0
0
0
0
0
0
0
0
0
0
0
0
0
0
0
0
0
0
0
0
0
0
0
0
0
0
0
0
0
0
0
0
0
0
0
0
0
0
0
0
0
0
0
0
0
0
0
0
0
0
0
0
0
0
0
0
0
0
0
0
0
0
0
0
0
0
0
0
0
0
0
0
0
0
0
0
0
0
0
0
0
0
0
0
0
0
0
0
0
0
0
0
0
0
0
0
0
0
0
0
0
0
0
0
0
0
0
0
0
0
0
0
0
0
0
0
0
0
0
0
0
0
0
0
0
0
0
0
0
0
0
0
0
0
0
0
0
0
0
0
0
0
0
0
0
0
0
0
0
0
0
0
0
0
0
0
0
0
0
0
0
0
0
0
0
0
0
0
0
0
0
0
0
0
0
0
0
0
0
0
0
0
0
0
0
0
0
0
0
0
0
0
0
0
0
0
0
0
0
0
0
0
0
0
0
0
0
0
0
0
0
0
0
0
0
0
0
0
0
0
0
0
0
0
0
0
0
0
0
0
0
0
0
0
0
0
0
0
0
0
0
0
0
0
0
0
0
0
0
0
0
0
0
0
0
0
0
0
0
0
0
0
0
0
0
0
0
0
0
0
0
0
0
0
0
0
0
0
0
0
0
0
0
0
0
0
0
0
0
0
0
0
0
0
0
0
0
0
0
0
0
0
0
0
0
0
0
0
0
0
0
0
0
0
0
0
0
0
0
0
0
0
0
0
0
0
0
0
0
0
0
0
0
0
0
0
0
0
0
0
0
0
0
0
0
0
0
0
0
0
0
0
0
0
0
0
0
0
0
0
0
0
0
0
0
0
0
0
0
0
0
0
0
0
0
0
0
0
0
0
0
0
0
0
0
0
0
0
0
0
0
0
0
0
0
0
0
0
0
0
0
0
0
0
0
0
0
0
0
0
0
0
0
0
0
0
0
0
0
0
0
0
0
0
0
0
0
0
0
0
0
0
0
0
0
0
0
0
0
0
0
0
0
0
0
0
0
0
0
0
0
0
0
0
0
0
0
0
0
0
0
0
0
0
0
0
0
0
0
0
0
0
0
0
0
0
0
0
0
0
0
0
0
0
0
0
0
0
0
0
0
0
0
0
0
0
0
0
0
0
0
0
0
0
0
0
0
0
0
0
0
0
0
0
0
0
0
0
0
0
0
0
0
0
0
0
0
0
0
0
0
0
0
0
0
0
0
0
0
0
0
0
0
0
0
0
0
0
0
0
0
0
0
0
0
0
0
0
0
0
0
0
0
0
0
0
0
0
0
0
0
0
0
0
0
0
0
0
0
0
0
0
0
0
0
0
0
0
0
0
0
0
0
0
0
0
0
0
0
0
0
0
0
0
0
0
0
0
0
0
0
0
0
0
0
0
0
0
0
0
0
0
0
0
0
0
0
0
0
0
0
0
0
0
0
0
0
0
0
0
0
0
0
0
0
0
0
0
0
0
0
0
0
0
0
0
0
0
0
0
0
0
0
0
0
0
0
0
0
0
0
0
0
0
0
0
0
0
0
0
0
0
0
0
0
0
0
0
0
0
0
0
0
0
0
0
0
0
0
0
0
0
0
0
0
0
0
0
0
0
0
0
0
0
0
0
0
0
0
0
0
0
0
0
0
0
0
0
0
0
0
0
0
0
0
0
0
0
0
0
0
0
0
0
0
0
0
0
0
0
0
0
0
0
0
0
0
0
0
0
0
0
0
0
0
0
0
0
0
0
0
0
0
0
0
0
0
0
0
0
0
0
0
0
0
0
0
0
0
0
0
0
0
0
0
0
0
0
0
0
0
0
0
0
0
0
0
0
0
0
0
0
0
0
0
0
0
0
0
0
0
0
0
0
0
0
0
0
0
0
0
0
0
0
0
0
0
0
0
0
0
0
0
0
0
0
0
0
0
0
0
0
0
0
0
0
0
0
0
0
0
0
0
0
0
0
0
0
0
0
0
0
0
0.079580377
0.092965956
0.099780943
0.10802516
0
0
0
0
0
0
0
0
0
0
0
0
0
0
0
0
0
0
0
0
0
0
0
0
0
0
0
0
0
0
0
0
0
0
0
0
0
0
0
0
0
0
0
0
0
0
0
0
0
0
0
0
0
0
0
0
0
0
0
0
0
0
0
0
0
0
0
0
0
0
0
0
0
0
0
0
0.059624594
0.073010173
0.076207237
0.084451449
0.092730893
0.10102635
0
0
0
0
0
0
0
0
0
0
0
0
0
0
0
0
0
0
0
0
0
0
0
0
0
0
0
0
0
0
0
0
0
0
0
0
0
0
0
0
0
0
0
0
0
0
0
0
0
0
0
0
0
0
0
0
0
0
0
0
0
0
0
0
0
0
0
0
0
0
0
0
0
0
0.039668812
0.053054391
0.052633531
0.060877743
0.069157187
0.077452645
0
0
0
0
0
0
0
0
0
0
0
0
0
0
0
0
0
0
0
0
0
0
0
0
0
0
0
0
0
0
0
0
0
0
0
0
0
0
0
0
0
0
0
0
0
0
0
0
0
0
0
0
0
0
0
0
0
0
0
0
0
0
0
0
0
0
0
0
0
0
0
0
0
0
0.019713029
0.037395584
0.029059825
0.037304037
0.045583481
0.053878939
0
0
0
0
0
0
0
0
0
0
0
0
0
0
0
0
0
0
0
0
0
0
0
0
0
0
0
0
0
0
0
0
0
0
0
0
0
0
0
0
0
0
0
0
0
0
0
0
0
0
0
0
0
0
0
0
0
0
0
0
0
0
0
0
0
0
0
0
0
0
0
0
0
0
0.0048300651
0.012993276
0.0054861184
0.013730331
0.022009774
0.030305233
0
0
0
0
0
0
0
0
0
0
0
0
0
0
0
0
0
0
0
0
0
0
0
0
0
0
0
0
0
0
0
0
0
0
0
0
0
0
0
0
0
0
0
0
0
0
0.10646149
0.099529856
0.092978912
0.08695943
0.081475239
0.07662577
0.072517227
0.06919491
0.066703997
0.065048714
0.064210793
0.06419661
0.064970673
0.066494974
0.068718328
0.071562184
0.074930182
0.078716631
0.082795318
0.087076211
0.091409434
0.09579573
0.10007903
0
0
0
0
0
-0.0024005815
0.009657588
0.00077556512
0.023495929
0.046313388
0.069174981
0
0
0
0
0
0
0
0
0
0
0
0
0
0
0
0
0
0
0
0
0
0
0
0
0
0
0
0
0
0
0
0
0
0
0
0
0
0
0
0
0
0
0
0.10564126
0.097689956
0.089970027
0.082533671
0.075463253
0.068784346
0.06259285
0.056985093
0.052079963
0.047857157
0.044408802
0.041813893
0.040088172
0.039215349
0.039200194
0.040003189
0.041579884
0.04387003
0.046784161
0.050215638
0.054051601
0.058165285
0.062457761
0.066791731
0.071186511
0.075444286
0.079497971
0.083222311
0.086604157
0.089495619
0.091953398
-0.023525118
-0.0030936738
0.0028005181
0.027014527
0.051332014
0.075696537
0
0
0
0
0
0
0
0
0
0
0
0
0
0
0
0
0
0
0
0
0
0
0
0
0
0
0
0
0
0
0
0
0
0
0
0
0
0
0
0
0.1068201
0.098470574
0.090153286
0.081992544
0.073973662
0.066141096
0.058605855
0.051396649
0.04458978
0.038370473
0.032623281
0.027559961
0.023197087
0.019622693
0.016923788
0.015127631
0.014219905
0.014203778
0.015035704
0.016664794
0.019021731
0.022006138
0.025501093
0.02938657
0.033532697
0.037839311
0.042209321
0.046551763
0.05078517
0.054780631
0.058449068
0.061784164
0.064622528
0.067036516
-0.0016452453
-0.00016538094
0.012745309
0.030595935
0.05656195
0.080926473
0
0
0
0
0
0
0
0
0
0
0
0
0
0
0
0
0
0
0
0
0
0
0
0
0
0
0
0
0
0
0
0
0
0
0
0
0
0.10826493
0.1000084
0.091589426
0.08325377
0.074907818
0.066550571
0.058343828
0.050257367
0.042342389
0.034744013
0.027435353
0.020562773
0.01410071
0.0082614688
0.0030399596
-0.0014629824
-0.0051634157
-0.0079663161
-0.009832911
-0.01077554
-0.010792639
-0.0099317812
-0.0082502969
-0.0058265681
-0.0027718848
0.00078654821
0.0047215389
0.0089001088
0.013201088
0.01759046
0.021917015
0.026115657
0.030063292
0.033675825
0.036964172
0.03975227
0.042119635
0.020466791
0.02186202
0.033422711
0.047922155
0.065849066
0.083810651
0
0
0
0
0
0
0
0
0
0
0
0
0
0
0
0
0
0
0
0
0
0
0
0
0
0
0
0
0
0
0
0
0
0
0.10858781
0.10080401
0.092720065
0.08462686
0.076428212
0.068040662
0.059687441
0.051345062
0.042964007
0.034705863
0.026587471
0.018633269
0.010920752
0.0035075368
-0.0035038307
-0.010093857
-0.016100343
-0.021480042
-0.026123052
-0.029949524
-0.032856421
-0.034793453
-0.035770984
-0.035789055
-0.034899266
-0.033165387
-0.030674867
-0.027549908
-0.023927997
-0.019943492
-0.015732479
-0.011416615
-0.007028402
-0.0027177326
0.0014461432
0.0053459522
0.0089025821
0.012144179
0.014882012
0.017202753
0.042578827
0.043889422
0.055450113
0.065248375
0.083175286
0.10113687
0
0
0
0
0
0
0
0
0
0
0
0
0
0
0
0
0
0
0
0
0
0
0
0
0
0
0
0
0
0
0
0.10674613
0.099695705
0.09231224
0.084774012
0.077079713
0.069078448
0.060988791
0.052848024
0.044484875
0.036108422
0.02777708
0.019428176
0.011104788
0.002938755
-0.0050830262
-0.01291126
-0.02042028
-0.027570434
-0.034288423
-0.04048329
-0.046000044
-0.050783122
-0.054735633
-0.057746525
-0.059753994
-0.060766428
-0.060785471
-0.059866751
-0.058080478
-0.055523166
-0.052327931
-0.048642541
-0.044608523
-0.040365067
-0.036034318
-0.031647263
-0.027352481
-0.02322337
-0.019371387
-0.015870661
-0.012755974
-0.009988246
-0.0077141286
0.064690863
0.065916823
0.077477514
0.089188344
0.10050151
0.11846309
0
0
0
0
0
0
0
0
0
0
0
0
0
0
0
0
0
0
0
0
0
0
0
0
0
0
0
0
0.10219283
0.095965961
0.089505752
0.082712941
0.075754453
0.068455894
0.060960215
0.053355421
0.045410782
0.037330621
0.029212172
0.020963076
0.012547362
0.0042107505
-0.0041345795
-0.012495811
-0.020709961
-0.028799321
-0.036709967
-0.044305271
-0.051590789
-0.058404318
-0.064705667
-0.070436498
-0.075395324
-0.079521742
-0.082636629
-0.084714536
-0.085761873
-0.085781888
-0.084834236
-0.082995568
-0.080371464
-0.077105953
-0.073357086
-0.069273554
-0.0649855
-0.060652021
-0.056266125
-0.051987228
-0.047892884
-0.044088727
-0.040643904
-0.037581252
-0.034858504
-0.03263101
0
0
0
0
0
0
0
0
0
0
0
0
0
0
0
0
0
0
0
0
0
0
0
0
0
0
0
0
0
0
0.099449435
0.09450733
0.089294117
0.083733456
0.077936518
0.071790287
0.065390943
0.058679749
0.0518132
0.044582079
0.037136309
0.029537389
0.02174747
0.013665139
0.0055741036
-0.0026171128
-0.01100043
-0.019355579
-0.027697335
-0.036082375
-0.044342647
-0.052466329
-0.060423429
-0.068128531
-0.075518605
-0.082470921
-0.088972066
-0.09479831
-0.099915326
0
0
0
0
0
0
0
0
0
-0.098017269
-0.093900488
-0.08960395
-0.08523367
-0.080879749
-0.076613891
-0.072562398
-0.068806067
-0.065417147
-0.06240653
-0.059728762
-0.057547892
0
0
0
0
0
0
0
0
0
0
0
0
0
0
0
0
0
0
0
0
0
0
0
0
0.096164207
0.093652492
0.090725016
0.087354909
0.083610975
0.079447277
0.074919423
0.070044402
0.064890918
0.059470389
0.053680207
0.047628233
0.041281214
0.034655846
0.027761776
0.020673979
0.013270523
0.0057235917
-0.0019768227
-0.0099766145
-0.018063965
-0.026197302
-0.034556217
-0.042933656
-0.051265953
-0.059614234
-0.067943722
-0.076115045
-0.084139724
-0.091963624
-0.099446422
-0.10653752
0
0
0
0
0
0
0
0
0
0
0
0
0
0
0
0
0
0
-0.0972721
-0.09354987
-0.090130406
-0.087231808
-0.08459902
-0.082464773
0
0
0
0
0.11034722
0.10202363
0.092791709
0.086782625
0.080967957
0.077979993
0.077134754
0.075675287
0.07513289
0.075419348
0.075356572
0.076007438
0.076300414
0.076652687
0.076826011
0.076747503
0.076467361
0.075784703
0.074745121
0.07320175
0.071252125
0.068780069
0.065939819
0.062585087
0.058947345
0.054793843
0.050352018
0.045565049
0.040487719
0.035077825
0.02932904
0.023371922
0.017072499
0.010557543
0.0037285842
-0.0032672735
-0.010584123
-0.018090205
-0.025701116
-0.033644281
-0.041724321
-0.0498406
-0.058082264
-0.066494716
-0.074832282
-0.083176989
-0.091542204
-0.099763761
-0.10785602
0
0
0
0
0
0
0
0
0
0
0
0
0
0
0
0
0
0
0
0
0
0
0
0
0
0
0
0
0
0.12066626
0.10217362
0.089902357
0.075563037
0.069841594
0.06176968
0.056971201
0.053159566
0.052171503
0.050690421
0.050133753
0.050419877
0.050358911
0.051011666
0.051303029
0.051653945
0.051826094
0.051748045
0.051471441
0.050797894
0.049775058
0.048256881
0.046340043
0.043907646
0.041118783
0.037815265
0.034228306
0.030143621
0.025761252
0.021035037
0.015964827
0.010685261
0.0049971704
-0.00088438938
-0.0071031759
-0.013550026
-0.020304608
-0.027208526
-0.034457939
-0.041905426
-0.04951305
-0.057309083
-0.065389804
-0.073478668
-0.081662453
-0.090041536
-0.098398612
-0.10673974
0
0
0
0
0
0
0
0
0
0
0
0
0
0
0
0
0
0
0
0
0
0
0
0
0
0
0
0
0
0
0
0
0.10404056
0.085547915
0.066976245
0.055118178
0.046443138
0.037783786
0.032563832
0.028339138
0.027208251
0.025705554
0.025134616
0.025420406
0.025361249
0.026015894
0.026305643
0.026655203
0.026826178
0.026748587
0.026475521
0.025811084
0.024804996
0.023312012
0.021427961
0.019035223
0.016297746
0.013052263
0.0095092679
0.0054934001
0.0011704854
-0.003494975
-0.0084981015
-0.013707304
-0.019334699
-0.0251407
-0.031278851
-0.037659754
-0.044292384
-0.051222601
-0.058347767
-0.065771213
-0.073326847
-0.081033376
-0.089031693
-0.097116737
-0.10524264
0
0
0
0
0
0
0
0
0
0
0
0
0
0
0
0
0
0
0
0
0
0
0
0
0
0
0
0
0
0
0
0
0
0
0
0.087414851
0.068922209
0.050350539
0.034673319
0.020319093
0.013797892
0.0081564618
0.0035187108
0.0022449998
0.00072068791
0.00013547986
0.00042093513
0.00036358781
0.0010201226
0.0013082571
0.001656461
0.0018262609
0.0017491284
0.0014796013
0.00082427454
-0.00016506622
-0.0016328575
-0.0034841214
-0.0058371993
-0.0085232899
-0.011722376
-0.015209771
-0.019156821
-0.023420281
-0.028024987
-0.03296103
-0.038151368
-0.043666569
-0.049397012
-0.055449008
-0.061769482
-0.068390687
-0.075255793
-0.082289019
-0.08962416
-0.097140644
-0.10475767
0
0
0
0
0
0
0
0
0
0
0
0
0
0
0
0
0
0
0
0
0
0
0
0
0
0
0
0
0
0
0
0
0
0
0
0
0
0
0.080567152
0.058564956
0.033724834
0.015117242
-0.00012576569
-0.0091428288
-0.016250908
-0.021301717
-0.022718252
-0.024264178
-0.024863657
-0.024578536
-0.024634074
-0.023975649
-0.023689129
-0.023342281
-0.023173656
-0.02325033
-0.023516319
-0.024162535
-0.025135128
-0.026577727
-0.028396204
-0.030709622
-0.033344326
-0.036497015
-0.039928809
-0.043807042
-0.048011047
-0.052554999
-0.057423958
-0.062554567
-0.067969519
-0.073739138
-0.079705319
-0.08599666
-0.09248899
-0.099288985
-0.10623027
0
0
0
0
0
0
0
0
0
0
0
0
0
0
0
0
0
0
0
0
0
0
0
0
0
0
0
0
0
0
0
0
0
0
0
0
0
0
0
0
0
0.07363253
0.049327142
0.024999249
0.0028602873
-0.017579354
-0.032541285
-0.041212866
-0.046122144
-0.047681503
-0.049249045
-0.049862793
-0.049578006
-0.049631735
-0.048971421
-0.048686514
-0.048341023
-0.048173572
-0.048249788
-0.048512238
-0.049149345
-0.050105191
-0.051522596
-0.053308286
-0.055582045
-0.058165362
-0.061271653
-0.064648322
-0.068457263
-0.072624202
-0.077106333
-0.081909399
-0.08704063
-0.092362083
-0.098071008
-0.10396163
0
0
0
0
0
0
0
0
0
0
0
0
0
0
0
0
0
0
0
0
0
0
0
0
0
0
0
0
0
0
0
0
0
0
0
0
0
0
0
0
0
0
0
0
0
0.068854158
0.044548769
0.020139511
-0.0043169602
-0.028798854
-0.052763271
-0.064732336
-0.070471191
-0.072644754
-0.074233911
-0.07486193
-0.074577477
-0.074629396
-0.073967193
-0.0736839
-0.073339765
-0.073173489
-0.073249247
-0.073508158
-0.074136154
-0.075075253
-0.076467465
-0.078220368
-0.080454468
-0.082986399
-0.086046292
-0.089418144
-0.093104046
-0.097274423
0
0
0
0
0
0
0
0
0
0
0
0
0
0
0
0
0
0
0
0
0
0
0
0
0
0
0
0
0
0
0
0
0
0
0
0
0
0
0
0
0
0
0
0
0
0
0
0
0
0
0
0.068860488
0.044105357
0.019244435
-0.0056645745
-0.030599476
-0.055549914
-0.080510404
-0.094878561
-0.097608006
0
0
0
0
0
0
0
0
0
0
0
0
0
0
0
0
0
0
0
0
0
0
0
0
0
0
0
0
0
0
0
0
0
0
0
0
0
0
0
0
0
0
0
0
0
0
0
0
0
0
0
0
0
0
0
0
0
0
0
0
0
0
0
0
0
0
0
0
0
0
0
0.070381558
0.045848419
0.021210438
-0.0034751991
-0.028186497
-0.052913191
-0.077503402
-0.10192806
0
0
0
0
0
0
0
0
0
0
0
0
0
0
0
0
0
0
0
0
0
0
0
0
0
0
0
0
0
0
0
0
0
0
0
0
0
0
0
0
0
0
0
0
0
0
0
0
0
0
0
0
0
0
0
0
0
0
0
0
0
0
0
0
0
0
0
0
0
0
0
0
0.073771976
0.04961925
0.025298726
0.00093116145
-0.023461734
-0.047869827
-0.072088382
-0.096277126
0
0
0
0
0
0
0
0
0
0
0
0
0
0
0
0
0
0
0
0
0
0
0
0
0
0
0
0
0
0
0
0
0
0
0
0
0
0
0
0
0
0
0
0
0
0
0
0
0
0
0
0
0
0
0
0
0
0
0
0
0
0
0
0
0
0
0
0
0
0
0
0
0.07905193
0.054834898
0.030776078
0.0066438734
-0.017513417
-0.041623238
-0.065650606
-0.089837548
0
0
0
0
0
0
0
0
0
0
0
0
0
0
0
0
0
0
0
0
0
0
0
0
0
0
0
0
0
0
0
0
0
0
0
0
0
0
0
0
0
0
0
0
0
0
0
0
0
0
0
0
0
0
0
0
0
0
0
0
0
0
0
0
0
0
0
0
0
0
0
0
0.085065364
0.061101617
0.037170095
0.013192284
-0.010948614
-0.03493772
-0.058769393
-0.082670744
-0.1065768
0
0
0
0
0
0
0
0
0
0
0
0
0
0
0
0
0
0
0
0
0
0
0
0
0
0
0
0
0
0
0
0
0
0
0
0
0
0
0
0
0
0
0
0
0
0
0
0
0
0
0
0
0
0
0
0
0
0
0
0
0
0
0
0
0
0
0
0
0
0
0
0.091574864
0.06777354
0.0438705
0.020129546
-0.0037407253
-0.027625869
-0.051478465
-0.075325485
-0.099177197
0
0
0
0
0
0
0
0
0
0
0
0
0
0
0
0
0
0
0
0
0
0
0
0
0
0
0
0
0
0
0
0
0
0
0
0
0
0
0
0
0
0
0
0
0
0
0
0
0
0
0
0
0
0
0
0
0
0
0
0
0
0
0
0
0
0
0
0
0
0
0
0.098721412
0.075023236
0.051223787
0.027434751
0.0036187406
-0.020212108
-0.043933783
-0.067768235
-0.091607377
0
0
0
0
0
0
0
0
0
0
0
0
0
0
0
0
0
0
0
0
0
0
0
0
0
0
0
0
0
0
0
0
0
0
0
0
0
0
0
0
0
0
0
0
0
0
0
0
0
0
0
0
0
0
0
0
0
0
0
0
0
0
0
0
0
0
0
0
0
0
0
0.10604159
0.082397286
0.058651936
0.03498208
0.011178621
-0.0129094
-0.036735584
-0.060402911
-0.084246011
-0.10809258
0
0
0
0
0
0
0
0
0
0
0
0
0
0
0
0
0
0
0
0
0
0
0
0
0
0
0
0
0
0
0
0
0
0
0
0
0
0
0
0
0
0
0
0
0
0
0
0
0
0
0
0
0
0
0
0
0
0
0
0
0
0
0
0
0
0
0
0
0
0
0
0.089959885
0.065957661
0.04218062
0.018543143
-0.0052791022
-0.029110945
-0.053018914
-0.07689272
-0.10077
0
0
0
0
0
0
0
0
0
0
0
0
0
0
0
0
0
0
0
0
0
0
0
0
0
0
0
0
0
0
0
0
0
0
0
0
0
0
0
0
0
0
0
0
0
0
0
0
0
0
0
0
0
0
0
0
0
0
0
0
0
0
0
0
0
0
0
0
0
0
0
0.097323577
0.073586799
0.04980411
0.025920098
0.0020671751
-0.021795359
-0.04556497
-0.069473744
-0.093385994
0
0
0
0
0
0
0
0
0
0
0
0
0
0
0
0
0
0
0
0
0
0
0
0
0
0
0
0
0
0
0
0
0
0
0
0
0
0
0
0
0
0
0
0
0
0
0
0
0
0
0
0
0
0
0
0
0
0
0
0
0
0
0
0
0
0
0
0
0
0
0
0.10469328
0.080925933
0.057112616
0.033364213
0.0094763527
-0.014564152
-0.038477944
-0.06234941
-0.086337683
0
0
0
0
0
0
0
0
0
0
0
0
0
0
0
0
0
0
0
0
0
0
0
0
0
0
0
0
0
0
0
0
0
0
0
0
0
0
0
0
0
0
0
0
0
0
0
0
0
0
0
0
0
0
0
0
0
0
0
0
0
0
0
0
0
0
0
0
0
0
0
0
0.088325163
0.064330847
0.040448151
0.016572289
-0.0074011727
-0.03138124
-0.055424823
-0.079514871
-0.10360758
0
0
0
0
0
0
0
0
0
0
0
0
0
0
0
0
0
0
0
0
0
0
0
0
0
0
0
0
0
0
0
0
0
0
0
0
0
0
0
0
0
0
0
0
0
0
0
0
0
0
0
0
0
0
0
0
0
0
0
0
0
0
0
0
0
0
0
0
0
0
0
0.095392379
0.071468363
0.047519478
0.023441976
-0.00063319639
-0.024715003
-0.048801547
-0.073010095
-0.097232622
0
0
0
0
0
0
0
0
0
0
0
0
0
0
0
0
0
0
0
0
0
0
0
0
0
0
0
0
0
0
0
0
0
0
0
0
0
0
0
0
0
0
0
0
0
0
0
0
0
0
0
0
0
0
0
0
0
0
0
0
0
0
0
0
0
0
0
0
0
0
0
0.10220674
0.078181219
0.054130728
0.029973478
0.005768582
-0.018442984
-0.042537941
-0.066871348
-0.091207444
0
0
0
0
0
0
0
0
0
0
0
0
0
0
0
0
0
0
0
0
0
0
0
0
0
0
0
0
0
0
0
0
0
0
0
0
0
0
0
0
0
0
0
0
0
0
0
0
0
0
0
0
0
0
0
0
0
0
0
0
0
0
0
0
0
0
0
0
0
0
0
0
0.084479638
0.060406769
0.036098181
0.0117798
-0.012685644
-0.037034806
-0.061387507
-0.08577649
0
0
0
0
0
0
0
0
0
0
0
0
0
0
0
0
0
0
0
0
0
0
0
0
0
0
0
0
0
0
0
0
0
0
0
0
0
0
0
0
0
0
0
0
0
0
0
0
0
0
0
0
0
0
0
0
0
0
0
0
0
0
0
0
0
0
0
0
0
0
0
0
0.090216081
0.065903366
0.041589456
0.017122861
-0.0073504763
-0.031828629
-0.056310341
-0.080889932
0
0
0
0
0
0
0
0
0
0
0
0
0
0
0
0
0
0
0
0
0
0
0
0
0
0
0
0
0
0
0
0
0
0
0
0
0
0
0
0
0
0
0
0
0
0
0
0
0
0
0
0
0
0
0
0
0
0
0
0
0
0
0
0
0
0
0
0
0
0
0
0
0.095469442
0.071027929
0.046412678
0.021788083
-0.002843298
-0.027479525
-0.052119335
-0.076761868
0
0
0
0
0
0
0
0
0
0
0
0
0
0
0
0
0
0
0
0
0
0
0
0
0
0
0
0
0
0
0
0
0
0
0
0
0
0
0
0
0
0
0
0
0
0
0
0
0
0
0
0
0
0
0
0
0
0
0
0
0
0
0
0
0
0
0
0
0
0
0
0
0.099754772
0.075137451
0.050379972
0.025612518
0.00083823852
-0.023940916
-0.048723673
-0.073509168
0
0
0
0
0
0
0
0
0
0
0
0
0
0
0
0
0
0
0
0
0
0
0
0
0
0
0
0
0
0
0
0
0
0
0
0
0
0
0
0
0
0
0
0
0
0
0
0
0
0
0
0
0
0
0
0
0
0
0
0
0
0
0
0
0
0
0
0
0
0
0
0
0
0.078079956
0.053205534
0.02832109
0.0034297886
-0.02146641
-0.04636623
-0.0712688
0
0
0
0
0
0
0
0
0
0
0
0
0
0
0
0
0
0
0
0
0
0
0
0
0
0
0
0
0
0
0
0
0
0
0
0
0
0
0
0
0
0
0
0
0
0
0
0
0
0
0
0
0
0
0
0
0
0
0
0
0
0
0
0
0
0
0
0
0
0
0
0
0
0.079718071
0.054772646
0.02981717
0.0048548172
-0.020112447
-0.045083343
-0.070056997
0
0
0
0
0
0
0
0
0
0
0
0
0
0
0
0
0
0
0
0
0
0
0
0
0
0
0
0
0
0
0
0
0
0
0
0
0
0
0
0
0
0
0
0
0
0
0
0
0
0
0
0
0
0
0
0
0
0
0
0
0
0
0
0
0
0
0
0
0
0
0
0
0
0.079803788
0.054854324
0.029894807
0.0049284132
-0.020042894
-0.045017832
-0.06999553
0
0
0
0
0
0
0
0
0
0
0
0
0
0
0
0
0
0
0
0
0
0
0
0
0
0
0
0
0
0
0
0
0
0
0
0
0
0
0
0
0
0
0
0
0
0
0
0
0
0
0
0
0
0
0
0
0
0
0
0
0
0
0
0
0
0
0
0
0
0
0
0
0.1030433
0.078192758
0.053326732
0.028450687
0.0035677872
-0.021320009
-0.046211424
-0.071105589
0
0
0
0
0
0
0
0
0
0
0
0
0
0
0
0
0
0
0
0
0
0
0
0
0
0
0
0
0
0
0
0
0
0
0
0
0
0
0
0
0
0
0
0
0
0
0
0
0
0
0
0
0
0
0
0
0
0
0
0
0
0
0
0
0
0
0
0
0
0
0
0
0.098834458
0.07454448
0.049964011
0.025284722
0.00059863332
-0.024092313
-0.04878685
-0.073484115
0
0
0
0
0
0
0
0
0
0
0
0
0
0
0
0
0
0
0
0
0
0
0
0
0
0
0
0
0
0
0
0
0
0
0
0
0
0
0
0
0
0
0
0
0
0
0
0
0
0
0
0
0
0
0
0
0
0
0
0
0
0
0
0
0
0
0
0
0
0
0
0.11574403
0.092327544
0.068512988
0.044683595
0.020246723
-0.004074881
-0.028401271
-0.052731198
-0.077270574
0
0
0
0
0
0
0
0
0
0
0
0
0
0
0
0
0
0
0
0
0
0
0
0
0
0
0
0
0
0
0
0
0
0
0
0
0
0
0
0
0
0
0
0
0
0
0
0
0
0
0
0
0
0
0
0
0
0
0
0
0
0
0
0
0
0
0
0
0
0
0
0.10533542
0.083050611
0.060084311
0.037157725
0.01345822
-0.010431554
-0.034281809
-0.05840894
-0.082741556
0
0
0
0
0
0
0
0
0
0
0
0
0
0
0
0
0
0
0
0
0
0
0
0
0
0
0
0
0
0
0
0
0
0
0
0
0
0
0
0
0
0
0
0
0
0
0
0
0
0
0
0
0
0
0
0
0
0
0
0
0
0
0
0
0
0
0
0
0
0
0.11206962
0.092204956
0.071879289
0.049572139
0.027352729
0.004362861
-0.018633342
-0.041823766
-0.065537915
-0.089422484
0
0
0
0
0
0
0
0
0
0
0
0
0
0
0
0
0
0
0
0
0
0
0
0
0
0
0
0
0
0
0
0
0
0
0
0
0
0
0
0
0
0
0
0
0
0
0
0
0
0
0
0
0
0
0
0
0
0
0
0
0
0
0
0
0
0
0
0
0
0.10987644
0.094279199
0.07683573
0.05771112
0.037002354
0.016156205
-0.0062504587
-0.02834814
-0.051385043
-0.074389116
-0.097119933
0
0
0
0
0
0
0
0
0
0
0
0
0
0
0
0
0
0
0
0
0
0
0
0
0
0
0
0
0
0
0
0
0
0
0
0
0
0
0
0
0
0
0
0
0
0
0
0
0
0
0
0
0
0
0
0
0
0
0
0
0
0
0
0
0
0
0
0.10490808
0.098171999
0.08843433
0.075102018
0.059031411
0.041566584
0.02255857
0.0022363566
-0.017939524
-0.039603772
-0.062098477
-0.084203721
-0.1071467
0
0
0
0
0
0
0
0
0
0
0
0
0
0
0
0
0
0
0
0
0
0
0
0
0
0
0
0
0
0
0
0
0
0
0
0
0
0
0
0
0
0
0
0
0
0
0
0
0
0
0
0
0
0
0
0
0
0
0
0
0
0
0
0
0
0
0
0.079429629
0.074344905
0.066345687
0.054310957
0.040262131
0.02375068
0.0062784558
-0.012605956
-0.032537894
-0.053035163
-0.073709732
-0.095381394
0
0
0
0
0
0
0
0
0
0
0
0
0
0
0
0
0
0
0
0
0
0
0
0
0
0
0
0
0
0
0
0
0
0
0
0
0
0
0
0
0
0
0
0
0
0
0
0
0
0
0
0
0
0
0
0
0
0
0
0
0
0
0
0
0
0
0
0
0.054598417
0.050517811
0.043209675
0.032792387
0.020024469
0.0051519798
-0.011547788
-0.029021063
-0.047778232
-0.067025811
-0.087819093
-0.10781884
0
0
0
0
0
0
0
0
0
0
0
0
0
0
0
0
0
0
0
0
0
0
0
0
0
0
0
0
0
0
0
0
0
0
0
0
0
0
0
0
0
0
0
0
0
0
0
0
0
0
0
0
0
0
0
0
0
0
0
0
0
0
0
0
0
0
0
0
0.029767206
0.02706887
0.01929122
0.010576076
-0.0013848523
-0.014840287
-0.029974479
-0.046856899
-0.064327951
-0.08295581
-0.10220718
0
0
0
0
0
0
0
0
0
0
0
0
0
0
0
0
0
0
0
0
0
0
0
0
0
0
0
0
0
0
0
0
0
0
0
0
0
0
0
0
0
0
0
0
0
0
0
0
0
0
0
0
0
0
0
0
0
0
0
0
0
0
0
0
0
0
0
0
0
0.0049359939
0.0025138861
-0.004535874
-0.012473094
-0.022506066
-0.035586577
-0.049720245
-0.065110723
-0.082172897
-0.099639882
-0.11813718
0
0
0
0
0
0
0
0
0
0
0
0
0
0
0
0
0
0
0
0
0
0
0
0
0
0
0
0
0
0
0
0
0
0
0
0
0
0
0
0
0
0
0
0
0
0
0
0
0
0
0
0
0
0
0
0
0
0
0
0
0
0
0
0
0
0
0
0
0
-0.019895218
-0.022041098
-0.028362968
-0.035536286
-0.04523758
-0.057105147
-0.069961269
-0.084533005
-0.1002533
-0.11749361
0
0
0
0
0
0
0
0
0
0
0
0
0
0
0
0
0
0
0
0
0
0
0
0
0
0
0
0
0
0
0
0
0
0
0
0
0
0
0
0
0
0
0
0
0
0
0
0
0
0
0
0
0
0
0
0
0
0
0
0
0
0
0
0
0
0
0
0
0
0
-0.044726429
-0.046596082
-0.051187763
-0.059685657
-0.068196702
-0.078339743
-0.091320055
-0.10485035
-0.11967558
0
0
0
0
0
0
0
0
0
0
0
0
0
0
0
0
0
0
0
0
0
0
0
0
0
0
0
0
0
0
0
0
0
0
0
0
0
0
0
0
0
0
0
0
0
0
0
0
0
0
0
0
0
0
0
0
0
0
0
0
0
0
0
0
0
0
0
0
0
0
0
-0.069557641
-0.071151065
-0.075742747
-0.083512751
-0.091259894
-0.10107126
-0.11283862
0
0
0
0
0
0
0
0
0
0
0
0
0
0
0
0
0
0
0
0
0
0
0
0
0
0
0
0
0
0
0
0
0
0
0
0
0
0
0
0
0
0
0
0
0
0
0
0
0
0
0
0
0
0
0
0
0
0
0
0
0
0
0
0
0
0
0
0
0
0
0
0
0
0
0
0
0
0
0
0
0
0
0
0
0
0
0
0
0
0
0
0
0
0
0
0
0
0
0
0
0
0
0
0
0
0
0
0
0
0
0
0
0
0
0
0
0
0
0
0
0
0
0
0
0
0
0
0
0
0
0
0
0
0
0
0
0
0
0
0
0
0
0
0
0
0
0
0
0
0
0
0
0
0
0
0
0
0
0
0
0
0
0
0
0
0
0
0
0
0
0
0
0
0
0
0
0
0
0
0
0
0
0
0
0
0
0
0
0
0
0
0
0
0
0
0
0
0
0
0
0
0
0
0
0
0
0
0
0
0
0
0
0
0
0
0
0
0
0
0
0
0
0
0
0
0
0
0
0
0
0
0
0
0
0
0
0
0
0
0
0
0
0
0
0
0
0
0
0
0
0
0
0
0
0
0
0
0
0
0
0
0
0
0
0
0
0
0
0
0
0
0
0
0
0
0
0
0
0
0
0
0
0
0
0
0
0
0
0
0
0
0
0
0
0
0
0
0
0
0
0
0
0
0
0
0
0
0
0
0
0
0
0
0
0
0
0
0
0
0
0
0
0
0
0
0
0
0
0
0
0
0
0
0
0
0
0
0
0
0
0
0
0
0
0
0
0
0
0
0
0
0
0
0
0
0
0
0
0
0
0
0
0
0
0
0
0
0
0
0
0
0
0
0
0
0
0
0
0
0
0
0
0
0
0
0
0
0
0
0
0
0
0
0
0
0
0
0
0
0
0
0
0
0
0
0
0
0
0
0
0
0
0
0
0
0
0
0
0
0
0
0
0
0
0
0
0
0
0
0
0
0
0
0
0
0
0
0
0
0
0
0
0
0
0
0
0
0
0
0
0
0
0
0
0
0
0
0
0
0
0
0
0
0
0
0
0
0
0
0
0
0
0
0
0
0
0
0
0
0
0
0
0
0
0
0
0
0
0
0
0
0
0
0
0
0
0
0
0
0
0
0
0
0
0
0
0
0
0
0
0
0
0
0
0
0
0
0
0
0
0
0
0
0
0
0
0
0
0
0
0
0
0
0
0
0
0
0
0
0
0
0
0
0
0
0
0
0
0
0
0
0
0
0
0
0
0
0
0
0
0
0
0
0
0
0
0
0
0
0
0
0
0
0
0
0
0
0
0
0
0
0
0
0
0
0
0
0
0
0
0
0
0
0
0
0
0
0
0
0
0
0
0
0
0
0
0
0
0
0
0
0
0
0
0
0
0
0
0
0
0
0
0
0
0
0
0
0
0
0
0
0
0
0
0
0
0
0
0
0
0
0
0
0
0
0
0
0
0
0
0
0
0
0
0
0
0
0
0
0
0
0
0
0
0
0
0
0
0
0
0
0
0
0
0
0
0
0
0
0
0
0
0
0
0
0
0
0
0
0
0
0
0
0
0
0
0
0
0
0
0
0
0
0
0
0
0
0
0
0
0
0
0
0
0
0
0
0
0
0
0
0
0
0
0
0
0
0
0
0
0
0
0
0
0
0
0
0
0
0
0
0
0
0
0
0
0
0
0
0
0
0
0
0
0
0
0
0
0
0
0
0
0
0
0
0
0
0
0
0
0
0
0
0
0
0
0
0
0
0
0
0
0
0
0
0
0
0
0
0
0
0
0
0
0
0
0
0
0
0
0
0
0
0
0
0
0
0
0
0
0
0
0
0
0
0
0
0
0
0
0
0
0
0
0
0
0
0
0
0
0
0
0
0
0
0
0
0
0
0
0
0
0
0
0
0
0
0
0
0
0
0
0
0
0
0
0
0
0
0
0
0
0
0
0
0
0
0
0
0
0
0
0
0
0
0
0
0
0
0
0
0
0
0
0
0
0
0
0
0
0
0
0
0
0
0
0
0
0
0
0
0
0
0
0
0
0
0
0
0
0
0
0
0
0
0
0
0
0
0
0
0
0
0
0
0
0
0
0
0
0
0
0
0
0
0
0
0
0
0
0
0
0
0
0
0
0
0
0
0
0
0
0
0
0
0
0
0
0
0
0
0
0
0
0
0
0
0
0
0
0
0
0
0
0
0
0
0
0
0
0
0
0
0
0
0
0
0
0
0
0
0
0
0
0
0
0
0
0
0
0
0
0
0
0
0
0
0
0
0
0
0
0
0
0
0
0
0
0
0
0
0
0
0
0
0
0
0
0
0
0
0
0
0
0
0
0
0
0
0
0
0
0
0
0
0
0
0
0
0
0
0
0
0
0
0
0
0
0
0
0
0
0
0
0
0
0
0
0
0
0
0
0
0
0
0
0
0
0
0
0
0
0
0
0
0
0
0
0
0
0
0
0
0
0
0
0
0
0
0
0
0
0
0
0
0
0
0
0
0
0
0
0
0
0
0
0
0
0
0
0
0
0
0
0
0
0
0
0
0
0
0
0
0
0
0
0
0
0
0
0
0
0
0
0
0
0
0
0
0
0
0
0
0
0
0
0
0
0
0
0
0
0
0
0
0
0
0
0
0
0
0
0
0
0
0
0
0
0
0
0
0
0
0
0
0
0
0
0
0
0
0
0
)
;

boundaryField
{
    bottom
    {
        type            calculated;
        value           nonuniform List<scalar> 0();
    }
    top
    {
        type            calculated;
        value           nonuniform List<scalar> 0();
    }
    right
    {
        type            calculated;
        value           nonuniform List<scalar> 0();
    }
    back
    {
        type            wedge;
    }
    front
    {
        type            wedge;
    }
    axis
    {
        type            empty;
    }
    procBoundary2to0
    {
        type            processor;
        value           uniform 0;
    }
    procBoundary2to3
    {
        type            processor;
        value           nonuniform List<scalar> 
80
(
0
0
0
0
0
0
0
0
0
0
0
0
0
0
0
0
0.093883841
0.068931077
0.043978313
0.019025549
-0.0059272156
-0.03087998
-0.055832744
-0.080785508
0
0
0
0
0
0
0
0
0
0
0
0
0
0
0
0
0
0
0
0
0
0
0
0
0
0
0
0
0
0
0
0
0
0
0
0
0
0
0
0
0
0
0
0
0
0
0
0
0
0
0
0
0
0
0
0
)
;
    }
    procBoundary2to4
    {
        type            processor;
        value           uniform 0;
    }
}


// ************************************************************************* //
