/*--------------------------------*- C++ -*----------------------------------*\
| =========                 |                                                 |
| \\      /  F ield         | OpenFOAM: The Open Source CFD Toolbox           |
|  \\    /   O peration     | Version:  2106                                  |
|   \\  /    A nd           | Website:  www.openfoam.com                      |
|    \\/     M anipulation  |                                                 |
\*---------------------------------------------------------------------------*/
FoamFile
{
    version     2.0;
    format      ascii;
    arch        "LSB;label=32;scalar=64";
    class       volScalarField;
    location    "0.009";
    object      K_;
}
// * * * * * * * * * * * * * * * * * * * * * * * * * * * * * * * * * * * * * //

dimensions      [0 -1 0 0 0 0 0];

internalField   nonuniform List<scalar> 
1024
(
0
0
0
0
0
0
0
0
0
0
0
0
0
0
0
0
0
0
0
0
0
0
0
0
0
0
0
0
0
0
0
0
0
0
0
0
0
0
0
0
0
0
0
0
0
0
0
0
0
0
0
0
0
0
0
0
0
0
0
0
0
0
0
0
0
0
0
0
0
0
0
0
0
0
0
0
0
0
0
0
0
0
0
0
0
0
0
0
0
0
0
0
0
0
0
0
0
0
0
0
0
0
0
0
0
0
0
0
0
0
0
0
0
0
0
0
0
0
0
0
0
0
0
0
0
0
0
0
0
0
0
0
0
0
0
0
0
0
0
0
0
0
0
0
0
0
0
0
0
0
0
0
0
0
0
0
0
0
0
0
0
0
0
0
0
0
0
0
0
0
0
0
0
0
0
0
0
0
0
0
0
0
0
0
0
0
0
0
0
0
0
0
0
0
0
0
0
0
0
0
0
0
0
0
0
0
0
0
0
0
0
0
0
0
0
0
0
0
0
0
0
0
0
0
0
0
0
0
0
0
0
0
0
0
0
0
0
0
0
0
0
0
0
0
0
0
0
0
0
0
0
0
0
0
0
0
0
0
0
0
0
0
0
0
0
0
0
0
0
0
0
0
0
0
0
0
0
0
0
0
0
0
0
0
0
0
0
0
0
0
0
0
0
0
0
0
0
0
0
0
0
0
0
0
0
0
0
0
0
0
0
0
0
0
0
0
0
0
0
0
0
0
0
0
0
0
0
0
0
0
0
0
0
0
0
0
0
0
0
0
0
0
0
0
0
0
0
0
0
0
0
0
0
0
0
0
0
0
0
0
0
0
0
0
0
0
0
0
0
0
0
0
0
0
0
0
0
0
0
0
0
0
0
0
-0.031573376
-0.030064816
-0.027215572
-0.023221902
-0.018439201
-0.013352663
-0.0079467042
-0.0025708773
0.0025559656
0.0079252701
0.01334779
0
0
0
0
0
0
0
0
0
0
0.01334779
0.0079252701
0.0025559656
-0.0025708773
-0.0079467042
-0.013352663
-0.018439201
-0.023221902
-0.027215572
-0.030064816
-0.031573376
-0.031573376
-0.030064816
-0.027215572
-0.023221902
-0.018439201
-0.013352663
-0.0079467042
-0.0025708773
0.0025559656
0.0079252701
0.01334779
0.018438307
0.02321902
0.027224126
0.030080509
0.03159416
0.03159416
0.030080509
0.027224126
0.02321902
0.018438307
0.01334779
0.0079252701
0.0025559656
-0.0025708773
-0.0079467042
-0.013352663
-0.018439201
-0.023221902
-0.027215572
-0.030064816
-0.031573376
-0.031573376
-0.030064816
-0.027215572
-0.023221902
-0.018439201
-0.013352663
-0.0079467042
-0.0025708773
0.0025559656
0.0079252701
0.01334779
0.018438307
0.02321902
0.027224126
0.030080509
0.03159416
0.03159416
0.030080509
0.027224126
0.02321902
0.018438307
0.01334779
0.0079252701
0.0025559656
-0.0025708773
-0.0079467042
-0.013352663
-0.018439201
-0.023221902
-0.027215572
-0.030064816
-0.031573376
-0.031573376
-0.030064816
-0.027215572
-0.023221902
-0.018439201
-0.013352663
-0.0079467042
-0.0025708773
0.0025559656
0.0079252701
0.01334779
0.018438307
0.02321902
0.027224126
0.030080509
0.03159416
0.03159416
0.030080509
0.027224126
0.02321902
0.018438307
0.01334779
0.0079252701
0.0025559656
-0.0025708773
-0.0079467042
-0.013352663
-0.018439201
-0.023221902
-0.027215572
-0.030064816
-0.031573376
-0.031573376
-0.030064816
-0.027215572
-0.023221902
-0.018439201
-0.013352663
-0.0079467042
-0.0025708773
0.0025559656
0.0079252701
0.01334779
0.018438307
0.02321902
0.027224126
0.030080509
0.03159416
0.03159416
0.030080509
0.027224126
0.02321902
0.018438307
0.01334779
0.0079252701
0.0025559656
-0.0025708773
-0.0079467042
-0.013352663
-0.018439201
-0.023221902
-0.027215572
-0.030064816
-0.031573376
-0.031573376
-0.030064816
-0.027215572
-0.023221902
-0.018439201
-0.013352663
-0.0079467042
-0.0025708773
0.0025559656
0.0079252701
0.01334779
0.018438307
0.02321902
0.027224126
0.030080509
0.03159416
0.03159416
0.030080509
0.027224126
0.02321902
0.018438307
0.01334779
0.0079252701
0.0025559656
-0.0025708773
-0.0079467042
-0.013352663
-0.018439201
-0.023221902
-0.027215572
-0.030064816
-0.031573376
-0.031573376
-0.030064816
-0.027215572
-0.023221902
-0.018439201
-0.013352663
-0.0079467042
-0.0025708773
0.0025559656
0.0079252701
0.01334779
0.018438307
0.02321902
0.027224126
0.030080509
0.03159416
0.03159416
0.030080509
0.027224126
0.02321902
0.018438307
0.01334779
0.0079252701
0.0025559656
-0.0025708773
-0.0079467042
-0.013352663
-0.018439201
-0.023221902
-0.027215572
-0.030064816
-0.031573376
0
0
0
0
0
-0.013352663
-0.0079467042
-0.0025708773
0.0025559656
0.0079252701
0.01334779
0.018438307
0.02321902
0.027224126
0.030080509
0.03159416
0.03159416
0.030080509
0.027224126
0.02321902
0.018438307
0.01334779
0.0079252701
0.0025559656
-0.0025708773
-0.0079467042
-0.013352663
0
0
0
0
0
0
0
0
0
0
0
0
0
0
0
0
0
0
0
0
0
0
0
0
0
0
0
0
0
0
0
0
0
0
0
0
0
0
0
0
0
0
0
0
0
0
0
0
0
0
0
0
0
0
0
0
0
0
0
0
0
0
0
0
0
0
0
0
0
0
0
0
0
0
0
0
0
0
0
0
0
0
0
0
0
0
0
0
0
0
0
0
0
0
0
0
0
0
0
0
0
0
0
0
0
0
0
0
0
0
0
0
0
0
0
0
0
0
0
0
0
0
0
0
0
0
0
0
0
0
0
0
0
0
0
0
0
0
0
0
0
0
0
0
0
0
0
0
0
0
0
0
0
0
0
0
0
0
0
0
0
0
0
0
0
0
0
0
0
0
0
0
0
0
0
0
0
0
0
0
0
0
0
0
0
0
0
0
0
0
0
0
0
0
0
0
0
0
0
0
0
0
0
0
0
0
0
0
0
0
0
0
0
0
0
0
0
0
0
0
0
0
0
0
0
0
0
0
0
0
0
0
0
0
0
0
0
0
0
0
0
0
0
0
0
0
0
0
0
0
0
0
0
0
0
0
0
0
0
0
0
0
0
0
0
0
0
0
0
0
0
0
0
0
0
0
0
0
0
0
0
0
0
0
0
0
0
0
0
0
0
0
0
0
0
0
0
0
0
0
0
0
0
0
0
0
0
0
0
0
0
0
0
0
0
0
0
0
0
0
0
0
0
0
0
0
0
0
0
0
0
0
0
0
0
0
0
0
0
0
0
0
0
0
0
0
0
0
0
0
0
0
0
0
0
0
0
0
0
0
0
0
0
0
0
0
0
0
0
0
0
0
0
0
0
0
0
0
0
0
0
0
0
0
0
0
0
0
0
)
;

boundaryField
{
    leftWall
    {
        type            cyclic;
    }
    rightWall
    {
        type            cyclic;
    }
    lowerWall
    {
        type            zeroGradient;
    }
    atmosphere
    {
        type            zeroGradient;
    }
    defaultFaces
    {
        type            empty;
    }
}


// ************************************************************************* //
