/*--------------------------------*- C++ -*----------------------------------*\
| =========                 |                                                 |
| \\      /  F ield         | OpenFOAM: The Open Source CFD Toolbox           |
|  \\    /   O peration     | Version:  2106                                  |
|   \\  /    A nd           | Website:  www.openfoam.com                      |
|    \\/     M anipulation  |                                                 |
\*---------------------------------------------------------------------------*/
FoamFile
{
    version     2.0;
    format      ascii;
    arch        "LSB;label=32;scalar=64";
    class       volScalarField;
    location    "0.05";
    object      K_;
}
// * * * * * * * * * * * * * * * * * * * * * * * * * * * * * * * * * * * * * //

dimensions      [0 -1 0 0 0 0 0];

internalField   nonuniform List<scalar> 
4096
(
0
0
0
0
0
0
0
0
0
0
0
0
0
0
0
0
0
0
0
0
0
0
0
0
0
0
0
0
0
0
0
0
0
0
0
0
0
0
0
0
0
0
0
0
0
0
0
0
0
0
0
0
0
0
0
0
0
0
0
0
0
0
0
0
0
0
0
0
0
0
0
0
0
0
0
0
0
0
0
0
0
0
0
0
0
0
0
0
0
0
0
0
0
0
0
0
0
0
0
0
0
0
0
0
0
0
0
0
0
0
0
0
0
0
0
0
0
0
0
0
0
0
0
0
0
0
0
0
0
0
0
0
0
0
0
0
0
0
0
0
0
0
0
0
0
0
0
0
0
0
0
0
0
0
0
0
0
0
0
0
0
0
0
0
0
0
0
0
0
0
0
0
0
0
0
0
0
0
0
0
0
0
0
0
0
0
0
0
0
0
0
0
0
0
0
0
0
0
0
0
0
0
0
0
0
0
0
0
0
0
0
0
0
0
0
0
0
0
0
0
0
0
0
0
0
0
0
0
0
0
0
0
0
0
0
0
0
0
0
0
0
0
0
0
0
0
0
0
0
0
0
0
0
0
0
0
0
0
0
0
0
0
0
0
0
0
0
0
0
0
0
0
0
0
0
0
0
0
0
0
0
0
0
0
0
0
0
0
0
0
0
0
0
0
0
0
0
0
0
0
0
0
0
0
0
0
0
0
0
0
0
0
0
0
0
0
0
0
0
0
0
0
0
0
0
0
0
0
0
0
0
0
0
0
0
0
0
0
0
0
0
0
0
0
0
0
0
0
0
0
0
0
0
0
0
0
0
0
0
0
0
0
0
0
0
0
0
0
0
0
0
0
0
0
0
0
0
0
0
0
0
0
0
0
0
0
0
0
0
0
0
0
0
0
0
0
0
0
0
0
0
0
0
0
0
0
0
0
0
0
0
0
0
0
0
0
0
0
0
0
0
0
0
0
0
0
0
0
0
0
0
0
0
0
0
0
0
0
0
0
0
0
0
0
0
0
0
0
0
0
0
0
0
0
0
0
0
0
0
0
0
0
0
0
0
0
0
0
0
0
0
0
0
0
0
0
0
0
0
0
0
0
0
0
0
0
0
0
0
0
0
0
0
0
0
0
0
0
0
0
0
0
0
0
0
0
0
0
0
0
0
0
0
0
0
0
0
0
0
0
0
0
0
0
0
0
0
0
0
0
0
0
0
0
0
0
0
0
0
0
0
0
0
0
0
0
0
0
0
0
0
0
0
0
0
0
0
0
0
0
0
0
0
0
0
0
0
0
0
0
0
0
0
0
0
0
0
0
0
0
0
0
0
0
0
0
0
0
0
0
0
0
0
0
0
0
0
0
0
0
0
0
0
0
0
0
0
0
0
0
0
0
0
0
0
0
0
0
0
0
0
0
0
0
0
0
0
0
0
0
0
0
0
0
0
0
0
0
0
0
0
0
0
0
0
0
0
0
0
0
0
0
0
0
0
0
0
0
0
0
0
0
0
0
0
0
0
0
0
0
0
0
0
0
0
0
0
0
0
0
0
0
0
0
0
0
0
0
0
0
0
0
0
0
0
0
0
0
0
0
0
0
0
0
0
0
0
0
0
0
0
0
0
0
0
0
0
0
0
0
0
0
0
0
0
0
0
0
0
0
0
0
0
0
0
0
0
0
0
0
0
0
0
0
0
0
0
0
0
0
0
0
0
0
0
0
0
0
0
0
0
0
0
0
0
0
0
0
0
0
0
0
0
0
0
0
0
0
0
0
0
0
0
0
0
0
0
0
0
0
0
0
0
0
0
0
0
0
0
0
0
0
0
0
0
0
0
0
0
0
0
0
0
0
0
0
0
0
0
0
0
0
0
0
0
0
0
0
0
0
0
0
0
0
0
0
0
0
0
0
0
0
0
0
0
0
0
0
0
0
0
0
0
0
0
0
0
0
0
0
0
0
0
0
0
0
0
0
0
0
0
0
0
0
0
0
0
0
0
0
0
0
0
0
0
0
0
0
0
0
0
0
0
0
0
0
0
0
0
0
0
0
0
0
0
0
0
0
0
0
0
0
0
0
0
0
0
0
0
0
0
0
0
0
0
0
0
0
0
0
0
0
0
0
0
0
0
0
0
0
0
0
0
0
0
0
0
0
0
0
0
0
0
0
0
0
0
0
0
0
0
0
0
0
0
0
0
0
0
0
0
0
0
0
0
0
0
0
0
0
0
0
0
0
0
0
0
0
0
0
0
0
0
0
0
0
0
0
0
0
0
0
0
0
0
0
0
0
0
0
0
0
0
0
0
0
0
0
0
0
0
0
0
0
0
0
0
0
0
0
0
0
0
0
0
0
0
0
0
0
0
0
0
0
0
0
0
0
0
0
0
0
0
0
0
0
0
0
0
0
0
0
0
0
0
0
0
0
0
0
0
0
0
0
0
0
0
0
0
0
0
0
0
0
0
0
0
0
0
0
0
0
0
0
0
0
0
0
0
0
0
0
0
0
0
0
0
0
0
0
0
0
0
0
0
0
0
0
0
0
0
0
0
0
0
0
0
0
0
0
0
0
0
0
0
0
0
0
0
0
0
0
0
0
0
0
0
0
0
0
0
0
0
0
0
0
0
0
0
0
0
0
0
0
0
0
0
0
0
0
0
0
0
0
0
0
0
0
0
0
0
0
0
0
0
0
0
0
0
0
0
0
0
0
0
0
0
0
0
0
0
0
0
0
0
0
0
0
0
0
0
0
0
0
0
0
0
0
0
0
0
0
0
0
0
0
0
0
0
0
0
0
0
0
0
0
0
0
0
0
0
0
0
0
0
0
0
0
0
0
0
0
0
0
0
0
0
0
0
0
0
0
0
0
0
0
0
0
0
0
0
0
0
0
0
0
0
0
0
0
0
0
0
0
0
0
0
0
0
0
0
0
0
0
0
0
0
0
0
0
0
0
0
0
0
0
0
0
0
0
0
0
0
0
0
0
0
0
0
0
0
0
0
0
0
0
0
0
0
0
0
0
0
0
0
0
0
0
0
0
0
0
0
0
0
0
0
0
0
0
0
0
0
0
0
0
0
0
0
0
0
0
0
0
0
0
0
0
0
0
0
0
0
0
0
0
0
0
0
0
0
0
0
0
0
0
0
0
0
0
0
0
0
0
0
0
0
0
0
0
0
0
0
0
0
0
0
0
0
0
0
0
0
0
0
0
0
0
0
0
0
0
0
0
0
0
0
0
0
0
0
0
0
0
0
0
0
0
0
0
0
0
0
0
0
0
0
0
0
0
0
0
0
0
0
0
0
0
0
0
0
0
0
0
0
0
0
0
0
0
0
0
0
0
0
0
0
0
0
0
0
0
0
0
0
0
0
0
0
0
0
0
0
0
0
0
0
0
0
0
0
0
0
0
0
0
0
0
0
0
0
0
0
0
0
0
0
0
0
0
0
0
0
0
0
0
0
0
0
0
0
0
0
0
0
0
0
0
0
0
0
0
0
0
0
0
0
0
0
0
0
0
0
0
0
0
0
0
0
0
0
0
0
0
0
0
0
0
0
0
0
0
0
0
0
0
0
0
0
0
0
0
0
0
0
0
0
0
0
0
0
0
0
0
0
0
0
0
0
0
0
0
0
0
0
0
0
0
0
0
0
0
0
0
0
0
0
0
0
0
0
0
0
0
0
0
0
0
0
0
0
0
0
0
0
0
0
0
0
0
0
0
0
0
0
0
0
0
0
0
0
0
0
0
0
0
0
0
0
0
0
0
0
0
0
0
0
0
0
0
0
0
0
0
0
0
0
0
0
0
0
0
0
0
0
0
0
0
0
0
0
0
0
0
0
0
0
0
0
0
0
0
0
0
0
0
0
0
0
0
0
0
0
0
0
0
0
0
0
0
0
0
0
0
0
0
0
0
0
0
0
0
0
0
0
0
0
0
0
0
0
0
0
0
0
0
0
0
0
0
0
0
0
0
0
0
0
0
0
0
0
0
0
0
0
0
0
0
0
0
0
0
0
0
0
0
0
0
0
0
0
0
0
0
0
0
0
0
0
0
0
0
0
0
0
0
0
0
0
0
0
0
0
0
0
0.0028152118
0.0016987916
0.0005674948
-0.00056741581
-0.0016986232
-0.0028152184
-0.0039043574
-0.0049560566
-0.0059601572
-0.0069069346
-0.0077870432
-0.0085922448
-0.0093145863
-0.0099471089
-0.010483882
-0.010919509
-0.011250026
-0.011472083
-0.011583675
-0.011583606
-0.011471957
-0.011249764
-0.010919147
-0.010483437
-0.0099466426
-0.0093141585
-0.0085919146
-0.0077868465
-0.0069068059
-0.0059601825
-0.0049559992
-0.0039044075
-0.0028151267
-0.001698536
-0.0005673359
0.00056767656
0.0016987806
0.0028153305
0
0
0
0
0
0
0
0
0
0
0
0
0
0.011583281
0.011471664
0.011249614
0.010919102
0.010483497
0.009946818
0.0093142757
0.0085920813
0.0077868413
0.0069068437
0.0059601221
0.0049559915
0.0039044821
0.0028152118
0.0016987916
0.0005674948
-0.00056741581
-0.0016986232
-0.0028152184
-0.0039043574
-0.0049560566
-0.0059601572
-0.0069069346
-0.0077870432
-0.0085922448
-0.0093145863
-0.0099471089
-0.010483882
-0.010919509
-0.011250026
-0.011472083
-0.011583675
-0.011583606
-0.011471957
-0.011249764
-0.010919147
-0.010483437
-0.0099466426
-0.0093141585
-0.0085919146
-0.0077868465
-0.0069068059
-0.0059601825
-0.0049559992
-0.0039044075
-0.0028151267
-0.001698536
-0.0005673359
0.00056767656
0.0016987806
0.0028153305
0.0039044398
0.0049560216
0.0059602205
0.0069069414
0.0077871755
0.0085923539
0.0093147112
0.0099471529
0.010483813
0.01091933
0.011249719
0.011471745
0.011583263
0.011583281
0.011471664
0.011249614
0.010919102
0.010483497
0.009946818
0.0093142757
0.0085920813
0.0077868413
0.0069068437
0.0059601221
0.0049559915
0.0039044821
0.0028152118
0.0016987916
0.0005674948
-0.00056741581
-0.0016986232
-0.0028152184
-0.0039043574
-0.0049560566
-0.0059601572
-0.0069069346
-0.0077870432
-0.0085922448
-0.0093145863
-0.0099471089
-0.010483882
-0.010919509
-0.011250026
-0.011472083
-0.011583675
-0.011583606
-0.011471957
-0.011249764
-0.010919147
-0.010483437
-0.0099466426
-0.0093141585
-0.0085919146
-0.0077868465
-0.0069068059
-0.0059601825
-0.0049559992
-0.0039044075
-0.0028151267
-0.001698536
-0.0005673359
0.00056767656
0.0016987806
0.0028153305
0.0039044398
0.0049560216
0.0059602205
0.0069069414
0.0077871755
0.0085923539
0.0093147112
0.0099471529
0.010483813
0.01091933
0.011249719
0.011471745
0.011583263
0.011583281
0.011471664
0.011249614
0.010919102
0.010483497
0.009946818
0.0093142757
0.0085920813
0.0077868413
0.0069068437
0.0059601221
0.0049559915
0.0039044821
0.0028152118
0.0016987916
0.0005674948
-0.00056741581
-0.0016986232
-0.0028152184
-0.0039043574
-0.0049560566
-0.0059601572
-0.0069069346
-0.0077870432
-0.0085922448
-0.0093145863
-0.0099471089
-0.010483882
-0.010919509
-0.011250026
-0.011472083
-0.011583675
-0.011583606
-0.011471957
-0.011249764
-0.010919147
-0.010483437
-0.0099466426
-0.0093141585
-0.0085919146
-0.0077868465
-0.0069068059
-0.0059601825
-0.0049559992
-0.0039044075
-0.0028151267
-0.001698536
-0.0005673359
0.00056767656
0.0016987806
0.0028153305
0.0039044398
0.0049560216
0.0059602205
0.0069069414
0.0077871755
0.0085923539
0.0093147112
0.0099471529
0.010483813
0.01091933
0.011249719
0.011471745
0.011583263
0.011583281
0.011471664
0.011249614
0.010919102
0.010483497
0.009946818
0.0093142757
0.0085920813
0.0077868413
0.0069068437
0.0059601221
0.0049559915
0.0039044821
0.0028152118
0.0016987916
0.0005674948
-0.00056741581
-0.0016986232
-0.0028152184
-0.0039043574
-0.0049560566
-0.0059601572
-0.0069069346
-0.0077870432
-0.0085922448
-0.0093145863
-0.0099471089
-0.010483882
-0.010919509
-0.011250026
-0.011472083
-0.011583675
-0.011583606
-0.011471957
-0.011249764
-0.010919147
-0.010483437
-0.0099466426
-0.0093141585
-0.0085919146
-0.0077868465
-0.0069068059
-0.0059601825
-0.0049559992
-0.0039044075
-0.0028151267
-0.001698536
-0.0005673359
0.00056767656
0.0016987806
0.0028153305
0.0039044398
0.0049560216
0.0059602205
0.0069069414
0.0077871755
0.0085923539
0.0093147112
0.0099471529
0.010483813
0.01091933
0.011249719
0.011471745
0.011583263
0.011583281
0.011471664
0.011249614
0.010919102
0.010483497
0.009946818
0.0093142757
0.0085920813
0.0077868413
0.0069068437
0.0059601221
0.0049559915
0.0039044821
0.0028152118
0.0016987916
0.0005674948
-0.00056741581
-0.0016986232
-0.0028152184
-0.0039043574
-0.0049560566
-0.0059601572
-0.0069069346
-0.0077870432
-0.0085922448
-0.0093145863
-0.0099471089
-0.010483882
-0.010919509
-0.011250026
-0.011472083
-0.011583675
-0.011583606
-0.011471957
-0.011249764
-0.010919147
-0.010483437
-0.0099466426
-0.0093141585
-0.0085919146
-0.0077868465
-0.0069068059
-0.0059601825
-0.0049559992
-0.0039044075
-0.0028151267
-0.001698536
-0.0005673359
0.00056767656
0.0016987806
0.0028153305
0.0039044398
0.0049560216
0.0059602205
0.0069069414
0.0077871755
0.0085923539
0.0093147112
0.0099471529
0.010483813
0.01091933
0.011249719
0.011471745
0.011583263
0.011583281
0.011471664
0.011249614
0.010919102
0.010483497
0.009946818
0.0093142757
0.0085920813
0.0077868413
0.0069068437
0.0059601221
0.0049559915
0.0039044821
0.0028152118
0.0016987916
0.0005674948
-0.00056741581
-0.0016986232
-0.0028152184
-0.0039043574
-0.0049560566
-0.0059601572
-0.0069069346
-0.0077870432
-0.0085922448
-0.0093145863
-0.0099471089
-0.010483882
-0.010919509
-0.011250026
-0.011472083
-0.011583675
-0.011583606
-0.011471957
-0.011249764
-0.010919147
-0.010483437
-0.0099466426
-0.0093141585
-0.0085919146
-0.0077868465
-0.0069068059
-0.0059601825
-0.0049559992
-0.0039044075
-0.0028151267
-0.001698536
-0.0005673359
0.00056767656
0.0016987806
0.0028153305
0.0039044398
0.0049560216
0.0059602205
0.0069069414
0.0077871755
0.0085923539
0.0093147112
0.0099471529
0.010483813
0.01091933
0.011249719
0.011471745
0.011583263
0.011583281
0.011471664
0.011249614
0.010919102
0.010483497
0.009946818
0.0093142757
0.0085920813
0.0077868413
0.0069068437
0.0059601221
0.0049559915
0.0039044821
0.0028152118
0.0016987916
0.0005674948
-0.00056741581
-0.0016986232
-0.0028152184
0
0
0
0
0
0
0
0
0
0
0
0
0
0
0
0
0
0
0
0
0
0
0
0
0
0
-0.0028151267
-0.001698536
-0.0005673359
0.00056767656
0.0016987806
0.0028153305
0.0039044398
0.0049560216
0.0059602205
0.0069069414
0.0077871755
0.0085923539
0.0093147112
0.0099471529
0.010483813
0.01091933
0.011249719
0.011471745
0.011583263
0
0
0
0
0
0
0
0
0
0
0
0
0
0
0
0
0
0
0
0
0
0
0
0
0
0
0
0
0
0
0
0
0
0
0
0
0
0
0
0
0
0
0
0
0
0
0
0
0
0
0
0
0
0
0
0
0
0
0
0
0
0
0
0
0
0
0
0
0
0
0
0
0
0
0
0
0
0
0
0
0
0
0
0
0
0
0
0
0
0
0
0
0
0
0
0
0
0
0
0
0
0
0
0
0
0
0
0
0
0
0
0
0
0
0
0
0
0
0
0
0
0
0
0
0
0
0
0
0
0
0
0
0
0
0
0
0
0
0
0
0
0
0
0
0
0
0
0
0
0
0
0
0
0
0
0
0
0
0
0
0
0
0
0
0
0
0
0
0
0
0
0
0
0
0
0
0
0
0
0
0
0
0
0
0
0
0
0
0
0
0
0
0
0
0
0
0
0
0
0
0
0
0
0
0
0
0
0
0
0
0
0
0
0
0
0
0
0
0
0
0
0
0
0
0
0
0
0
0
0
0
0
0
0
0
0
0
0
0
0
0
0
0
0
0
0
0
0
0
0
0
0
0
0
0
0
0
0
0
0
0
0
0
0
0
0
0
0
0
0
0
0
0
0
0
0
0
0
0
0
0
0
0
0
0
0
0
0
0
0
0
0
0
0
0
0
0
0
0
0
0
0
0
0
0
0
0
0
0
0
0
0
0
0
0
0
0
0
0
0
0
0
0
0
0
0
0
0
0
0
0
0
0
0
0
0
0
0
0
0
0
0
0
0
0
0
0
0
0
0
0
0
0
0
0
0
0
0
0
0
0
0
0
0
0
0
0
0
0
0
0
0
0
0
0
0
0
0
0
0
0
0
0
0
0
0
0
0
0
0
0
0
0
0
0
0
0
0
0
0
0
0
0
0
0
0
0
0
0
0
0
0
0
0
0
0
0
0
0
0
0
0
0
0
0
0
0
0
0
0
0
0
0
0
0
0
0
0
0
0
0
0
0
0
0
0
0
0
0
0
0
0
0
0
0
0
0
0
0
0
0
0
0
0
0
0
0
0
0
0
0
0
0
0
0
0
0
0
0
0
0
0
0
0
0
0
0
0
0
0
0
0
0
0
0
0
0
0
0
0
0
0
0
0
0
0
0
0
0
0
0
0
0
0
0
0
0
0
0
0
0
0
0
0
0
0
0
0
0
0
0
0
0
0
0
0
0
0
0
0
0
0
0
0
0
0
0
0
0
0
0
0
0
0
0
0
0
0
0
0
0
0
0
0
0
0
0
0
0
0
0
0
0
0
0
0
0
0
0
0
0
0
0
0
0
0
0
0
0
0
0
0
0
0
0
0
0
0
0
0
0
0
0
0
0
0
0
0
0
0
0
0
0
0
0
0
0
0
0
0
0
0
0
0
0
0
0
0
0
0
0
0
0
0
0
0
0
0
0
0
0
0
0
0
0
0
0
0
0
0
0
0
0
0
0
0
0
0
0
0
0
0
0
0
0
0
0
0
0
0
0
0
0
0
0
0
0
0
0
0
0
0
0
0
0
0
0
0
0
0
0
0
0
0
0
0
0
0
0
0
0
0
0
0
0
0
0
0
0
0
0
0
0
0
0
0
0
0
0
0
0
0
0
0
0
0
0
0
0
0
0
0
0
0
0
0
0
0
0
0
0
0
0
0
0
0
0
0
0
0
0
0
0
0
0
0
0
0
0
0
0
0
0
0
0
0
0
0
0
0
0
0
0
0
0
0
0
0
0
0
0
0
0
0
0
0
0
0
0
0
0
0
0
0
0
0
0
0
0
0
0
0
0
0
0
0
0
0
0
0
0
0
0
0
0
0
0
0
0
0
0
0
0
0
0
0
0
0
0
0
0
0
0
0
0
0
0
0
0
0
0
0
0
0
0
0
0
0
0
0
0
0
0
0
0
0
0
0
0
0
0
0
0
0
0
0
0
0
0
0
0
0
0
0
0
0
0
0
0
0
0
0
0
0
0
0
0
0
0
0
0
0
0
0
0
0
0
0
0
0
0
0
0
0
0
0
0
0
0
0
0
0
0
0
0
0
0
0
0
0
0
0
0
0
0
0
0
0
0
0
0
0
0
0
0
0
0
0
0
0
0
0
0
0
0
0
0
0
0
0
0
0
0
0
0
0
0
0
0
0
0
0
0
0
0
0
0
0
0
0
0
0
0
0
0
0
0
0
0
0
0
0
0
0
0
0
0
0
0
0
0
0
0
0
0
0
0
0
0
0
0
0
0
0
0
0
0
0
0
0
0
0
0
0
0
0
0
0
0
0
0
0
0
0
0
0
0
0
0
0
0
0
0
0
0
0
0
0
0
0
0
0
0
0
0
0
0
0
0
0
0
0
0
0
0
0
0
0
0
0
0
0
0
0
0
0
0
0
0
0
0
0
0
0
0
0
0
0
0
0
0
0
0
0
0
0
0
0
0
0
0
0
0
0
0
0
0
0
0
0
0
0
0
0
0
0
0
0
0
0
0
0
0
0
0
0
0
0
0
0
0
0
0
0
0
0
0
0
0
0
0
0
0
0
0
0
0
0
0
0
0
0
0
0
0
0
0
0
0
0
0
0
0
0
0
0
0
0
0
0
0
0
0
0
0
0
0
0
0
0
0
0
0
0
0
0
0
0
0
0
0
0
0
0
0
0
0
0
0
0
0
0
0
0
0
0
0
0
0
0
0
0
0
0
0
0
0
0
0
0
0
0
0
0
0
0
0
0
0
0
0
0
0
0
0
0
0
0
0
0
0
0
0
0
0
0
0
0
0
0
0
0
0
0
0
0
0
0
0
0
0
0
0
0
0
0
0
0
0
0
0
0
0
0
0
0
0
0
0
0
0
0
0
0
0
0
0
0
0
0
0
0
0
0
0
0
0
0
0
0
0
0
0
0
0
0
0
0
0
0
0
0
0
0
0
0
0
0
0
0
0
0
0
0
0
0
0
0
0
0
0
0
0
0
0
0
0
0
0
0
0
0
0
0
0
0
0
0
0
0
0
0
0
0
0
0
0
0
0
0
0
0
0
0
0
0
0
0
0
0
0
0
0
0
0
0
0
0
0
0
0
0
0
0
0
0
0
0
0
0
0
0
0
0
0
0
0
0
0
0
0
0
0
0
0
0
0
0
0
0
0
0
0
0
0
0
0
0
0
0
0
0
0
0
0
0
0
0
0
0
0
0
0
0
0
0
0
0
0
0
0
0
0
0
0
0
0
0
0
0
0
0
0
0
0
0
0
0
0
0
0
0
0
0
0
0
0
0
0
0
0
0
0
0
0
0
0
0
0
0
0
0
0
0
0
0
0
0
0
0
0
0
0
0
0
0
0
0
0
0
0
0
0
0
0
0
0
0
0
0
0
0
0
0
0
0
0
0
0
0
0
0
0
0
0
0
0
0
0
0
0
0
0
0
0
0
0
0
0
0
0
0
0
0
0
0
0
0
0
0
0
0
0
0
0
0
0
0
0
0
0
0
0
0
0
0
0
0
0
0
0
0
0
0
0
0
0
0
0
0
0
0
0
0
0
0
0
0
0
0
0
0
0
0
0
0
0
0
0
0
0
0
0
0
0
0
0
0
0
0
0
0
0
0
0
0
0
0
0
0
0
0
0
0
0
0
0
0
0
0
0
0
0
0
0
0
0
0
0
0
0
0
0
0
0
0
0
0
0
0
0
0
0
0
0
0
0
0
0
0
0
0
0
0
0
0
0
0
0
0
0
0
0
0
0
0
0
0
0
0
0
0
0
0
0
0
0
0
0
0
0
0
0
0
0
0
0
0
0
0
0
0
0
0
0
0
0
0
0
0
0
0
0
0
0
0
0
0
0
0
0
0
0
0
0
0
0
0
0
0
0
0
0
0
0
0
0
0
0
0
0
0
0
0
0
0
0
0
0
0
0
0
0
0
0
0
0
0
0
0
0
0
0
0
0
0
0
0
0
0
0
0
0
0
0
0
0
0
0
0
0
0
0
0
0
0
0
0
0
0
0
0
0
0
0
0
0
0
0
0
0
0
)
;

boundaryField
{
    leftWall
    {
        type            cyclic;
    }
    rightWall
    {
        type            cyclic;
    }
    lowerWall
    {
        type            zeroGradient;
    }
    atmosphere
    {
        type            zeroGradient;
    }
    defaultFaces
    {
        type            empty;
    }
}


// ************************************************************************* //
