/*--------------------------------*- C++ -*----------------------------------*\
| =========                 |                                                 |
| \\      /  F ield         | OpenFOAM: The Open Source CFD Toolbox           |
|  \\    /   O peration     | Version:  2106                                  |
|   \\  /    A nd           | Website:  www.openfoam.com                      |
|    \\/     M anipulation  |                                                 |
\*---------------------------------------------------------------------------*/
FoamFile
{
    version     2.0;
    format      ascii;
    arch        "LSB;label=32;scalar=64";
    class       volScalarField;
    location    "0.05";
    object      p;
}
// * * * * * * * * * * * * * * * * * * * * * * * * * * * * * * * * * * * * * //

dimensions      [1 -1 -2 0 0 0 0];

internalField   nonuniform List<scalar> 
4096
(
1.5051817
1.4906827
1.4618256
1.4188884
1.362285
1.2925605
1.2103868
1.1165556
1.0119707
0.89763987
0.77466432
0.6442287
0.50758948
0.36606275
0.22101123
0.073832554
-0.074055503
-0.22122961
-0.36627214
-0.50778632
-0.64440949
-0.77482612
-0.89778049
-1.0120888
-1.1166504
-1.2104587
-1.2926104
-1.3623149
-1.4189008
-1.4618236
-1.49067
-1.5051624
-1.5051611
-1.4906662
-1.4618173
-1.4188921
-1.3623037
-1.2925971
-1.2104432
-1.116633
-1.0120696
-0.89775974
-0.77480399
-0.6443862
-0.5077621
-0.36624722
-0.22120423
-0.074029907
0.073858126
0.22103653
0.36608755
0.50761354
0.6442518
0.77468623
0.89766039
1.0119897
1.1165727
1.210402
1.2925736
1.3622959
1.418897
1.4618318
1.4906864
1.5051829
1.5204297
1.5057837
1.4766341
1.4332618
1.3760846
1.3056535
1.2226469
1.1278648
1.02222
0.90673053
0.78250879
0.65075144
0.51272764
0.36976685
0.22324587
0.074576237
-0.074810351
-0.22347543
-0.36998726
-0.51293495
-0.65094205
-0.7826797
-0.90687946
-1.0223455
-1.1279662
-1.2227246
-1.3057084
-1.3761187
-1.4332778
-1.4766353
-1.5057739
-1.520413
-1.5204117
-1.50577
-1.4766289
-1.4332689
-1.3761075
-1.3056949
-1.2227089
-1.1279486
-1.0223262
-0.9068585
-0.78265735
-0.65091854
-0.5129105
-0.3699621
-0.22344982
-0.074784516
0.074602049
0.22327141
0.36979188
0.51275193
0.65077476
0.78253091
0.90675125
1.0222392
1.1278821
1.2226623
1.3056667
1.3760956
1.4332705
1.4766404
1.5057875
1.520431
1.5500431
1.5351119
1.5053944
1.4611772
1.4028862
1.3310831
1.2464596
1.149831
1.0421283
0.92438901
0.79774738
0.66342333
0.52271074
0.37696496
0.22758973
0.07602384
-0.076273062
-0.22783435
-0.37720045
-0.52293303
-0.6636288
-0.79793302
-0.92455252
-1.0422682
-1.1499467
-1.2465513
-1.3311519
-1.4029341
-1.4612069
-1.5054092
-1.5351154
-1.5500398
-1.5500384
-1.5351115
-1.5054026
-1.4611978
-1.4029227
-1.3311381
-1.2465353
-1.1499287
-1.0422484
-0.92453115
-0.79791024
-0.66360484
-0.52290812
-0.37717482
-0.22780825
-0.076246743
0.076050133
0.22761575
0.37699046
0.52273549
0.66344709
0.79776992
0.92441012
1.0421478
1.1498487
1.2464752
1.3310966
1.4028975
1.4611861
1.5054008
1.5351157
1.5500444
1.5944457
1.5790866
1.5485179
1.5030339
1.443073
1.3692129
1.282165
1.1827682
1.0719799
0.95086752
0.82059765
0.68242519
0.53768108
0.38775949
0.23410441
0.078195749
-0.078464981
-0.2343691
-0.38801525
-0.53792386
-0.68265144
-0.82080441
-0.95105253
-1.0721417
-1.1829062
-1.2822794
-1.3693047
-1.4431443
-1.5030872
-1.5485564
-1.5791141
-1.5944661
-1.5944648
-1.57911
-1.5485496
-1.5030779
-1.4431325
-1.3692905
-1.282263
-1.1828877
-1.0721214
-0.95103054
-0.82078098
-0.6826268
-0.53789825
-0.3879889
-0.23434228
-0.078437931
0.078222769
0.23413115
0.3877857
0.53770651
0.6824496
0.82062082
0.95088923
1.072
1.1827864
1.2821812
1.3692268
1.4430846
1.5030431
1.5485245
1.5790906
1.594447
1.6541338
1.6381998
1.6064867
1.5593
1.4970944
1.4204691
1.3301625
1.2270445
1.1121086
0.98646187
0.85131478
0.70796913
0.55780566
0.40227074
0.24286238
0.08111588
-0.081411023
-0.24315315
-0.40255294
-0.55807541
-0.70822298
-0.85154989
-0.98667605
-1.1123004
-1.2272134
-1.3303087
-1.4205936
-1.4971989
-1.5593871
-1.6065594
-1.6382618
-1.6541889
-1.6541875
-1.6382575
-1.6065524
-1.5593774
-1.4971866
-1.4205788
-1.3302916
-1.2271942
-1.1122793
-0.98665323
-0.85152557
-0.70819742
-0.55804884
-0.40252562
-0.24312535
-0.081382991
0.08114388
0.24289008
0.40229789
0.55783202
0.70799444
0.8513388
0.98648438
1.1121293
1.2270634
1.3301792
1.4204836
1.4971064
1.5593095
1.6064935
1.6382039
1.6541352
1.7296774
1.7130157
1.6798542
1.6305125
1.565466
1.4853412
1.3909102
1.2830826
1.1628972
1.0315118
0.89019197
0.74029894
0.58327652
0.42063709
0.25394709
0.084811919
-0.08513955
-0.25427064
-0.42095262
-0.58358039
-0.74058794
-0.89046341
-1.0317637
-1.1631281
-1.283292
-1.3910982
-1.4855088
-1.5656147
-1.6306448
-1.6799729
-1.713124
-1.7297789
-1.7297775
-1.7131195
-1.6799655
-1.6306346
-1.5656019
-1.4854933
-1.3910803
-1.2832719
-1.163106
-1.0317398
-0.89043798
-0.74056121
-0.58355262
-0.42092408
-0.2542416
-0.085110274
0.084841158
0.25397602
0.42066545
0.58330404
0.74032537
0.89021707
1.0315353
1.162919
1.2831023
1.3909277
1.4853563
1.5654786
1.6305225
1.6798614
1.71302
1.7296788
1.821795
1.804246
1.7693185
1.717349
1.6488382
1.5644462
1.4649859
1.3514155
1.224829
1.0864458
0.93759892
0.77972202
0.61433576
0.44303307
0.26746378
0.089318781
-0.08968631
-0.26782763
-0.44338968
-0.61468184
-0.78005466
-0.93791568
-1.0867448
-1.2251091
-1.351676
-1.465227
-1.5646687
-1.6490435
-1.7175391
-1.769496
-1.8044138
-1.8219564
-1.8219548
-1.8044091
-1.7694882
-1.7175283
-1.6490299
-1.5646523
-1.4652081
-1.3516548
-1.2250857
-1.0867197
-0.93788888
-0.7800265
-0.61465261
-0.44335965
-0.26779708
-0.08965552
0.089349527
0.26749421
0.44306289
0.61436471
0.77974982
0.93762532
1.0864706
1.2248519
1.3514362
1.4650043
1.5644621
1.6488515
1.7173595
1.769326
1.8042506
1.8217966
1.9313689
1.9127643
1.875736
1.8206408
1.7480094
1.6585414
1.5530989
1.4326974
1.2984967
1.1517897
0.99398938
0.82661564
0.65128057
0.46967286
0.28354157
0.094679262
-0.095095247
-0.2839544
-0.47007949
-0.65167817
-0.8270017
-0.99436181
-1.1521469
-1.2988376
-1.4330213
-1.5534059
-1.6588323
-1.7482852
-1.8209033
-1.8759872
-1.9130067
-1.9316051
-1.9316034
-1.9130016
-1.8759789
-1.8208918
-1.7482707
-1.6588149
-1.5533859
-1.4329987
-1.2988128
-1.1521201
-0.99433338
-0.82697186
-0.6516472
-0.47004769
-0.28392206
-0.095062664
0.094711794
0.28357376
0.46970442
0.6513112
0.82664507
0.99401734
1.1518159
1.298521
1.4327194
1.5531184
1.6585584
1.7480235
1.8206519
1.8757441
1.9127692
1.9313705
2.0594487
2.0396104
2.0001266
1.9413777
1.8639296
1.7685284
1.6560932
1.5277068
1.3846061
1.2281694
1.0599034
0.88142879
0.69446454
0.50081129
0.30233403
0.10094421
-0.10141876
-0.30280611
-0.50127849
-0.69492463
-0.88187978
-1.0603436
-1.2285975
-1.3850212
-1.5281085
-1.6564813
-1.7689034
-1.8642923
-1.9417293
-2.0004686
-2.0399447
-2.0597774
-2.0597755
-2.0399393
-2.0004597
-1.941717
-1.8642767
-1.7688848
-1.6564598
-1.5280843
-1.3849947
-1.2285689
-1.0603132
-0.88184796
-0.69489164
-0.50124462
-0.30277169
-0.10138409
0.10097882
0.30236828
0.50084486
0.69449715
0.88146012
1.0599332
1.2281973
1.384632
1.5277303
1.6561141
1.7685465
1.8639447
1.9413896
2.0001352
2.0396156
2.0594504
2.2072613
2.1859991
2.1436814
2.0807159
1.9977091
1.8954605
1.7749552
1.6373537
1.4839816
1.316316
1.1359718
0.94468599
0.74430077
0.53674599
0.3240205
0.10817288
-0.10871825
-0.32456423
-0.5372865
-0.74483655
-0.94521571
-1.1364943
-1.3168303
-1.4844871
-1.63785
-1.775442
-1.8959381
-1.9981778
-2.0811764
-2.1441346
-2.186446
-2.207703
-2.2077011
-2.1864401
-2.1441249
-2.0811631
-1.998161
-1.895918
-1.7754188
-1.637824
-1.4844586
-1.3167997
-1.1364618
-0.94518161
-0.74480122
-0.53725026
-0.32452742
-0.10868118
0.10820987
0.3240571
0.53678189
0.74433564
0.94471952
1.1360037
1.3163459
1.4840093
1.6373789
1.7749776
1.8954799
1.9977253
2.0807287
2.1436907
2.1860047
2.2072631
2.3762222
2.3533324
2.3077753
2.2399898
2.1506288
2.040553
1.9108228
1.7626876
1.5975743
1.4170732
1.2229226
1.0169923
0.8012657
0.57782022
0.34880766
0.11643342
-0.11706478
-0.34943841
-0.57844974
-0.80189343
-1.0176177
-1.223545
-1.4176923
-1.5981898
-1.763299
-1.9114298
-2.0411555
-2.1512265
-2.2405828
-2.3083637
-2.3539162
-2.3768016
-2.3767994
-2.3539098
-2.3083532
-2.2405684
-2.1512083
-2.0411336
-1.9114047
-1.7632709
-1.598159
-1.4176592
-1.22351
-1.017581
-0.80185543
-0.57841081
-0.34939888
-0.117025
0.11647312
0.34884694
0.57785874
0.80130314
1.0170283
1.2229568
1.4171054
1.5976042
1.7627148
1.910847
2.040574
2.1506463
2.2400036
2.3077853
2.3533384
2.3762242
2.5679492
2.5432125
2.4939794
2.4207243
2.3241528
2.205195
2.0649967
1.9049082
1.7264715
1.5314049
1.3215873
1.0990391
0.86590364
0.62442597
0.37693146
0.1258034
-0.12653995
-0.37766862
-0.62516432
-0.86664368
-1.0997812
-1.3223317
-1.5321519
-1.7272208
-1.9056597
-2.0657498
-2.2059492
-2.3249074
-2.4214784
-2.494732
-2.5439626
-2.5686958
-2.5686935
-2.5439556
-2.4947206
-2.4214626
-2.3248874
-2.2059254
-2.0657225
-1.9056291
-1.7271874
-1.532116
-1.3222938
-1.0997416
-0.86660268
-0.62512234
-0.37762604
-0.12649711
0.12584614
0.37697374
0.62446745
0.86594398
1.0990779
1.3216243
1.5314397
1.7265038
1.9049377
2.065023
2.2052178
2.3241718
2.4207394
2.4939903
2.5432191
2.5679514
2.784278
2.7574572
2.7040764
2.6246497
2.5199421
2.3909622
2.2389523
2.0653763
1.871906
1.6604047
1.4329092
1.1916103
0.93883174
0.67700761
0.40865915
0.13637038
-0.13723677
-0.40952761
-0.67788012
-0.93971009
-1.192496
-1.4338034
-1.6613082
-1.8728192
-2.0662989
-2.2398837
-2.3919015
-2.5208877
-2.6255997
-2.7050288
-2.7584096
-2.7852279
-2.7852253
-2.7584019
-2.7050161
-2.6255823
-2.5208658
-2.3918754
-2.2398538
-2.0662655
-1.8727828
-1.6612692
-1.4337622
-1.192453
-0.93966571
-0.67783475
-0.40948162
-0.13719053
0.13641649
0.40870479
0.6770524
0.93887533
1.1916523
1.4329493
1.6604425
1.8719411
2.0654083
2.2389809
2.3909871
2.5199629
2.6246661
2.7040883
2.7574645
2.7842805
3.0272793
2.9981174
2.9400771
2.8537175
2.7398704
2.5996323
2.4343538
2.2456268
2.0352688
1.8053058
1.5579522
1.2955901
1.0207458
0.73606594
0.4442917
0.14823255
-0.14926079
-0.44532372
-0.73710535
-1.0217959
-1.2966536
-1.5590315
-1.8064024
-2.0363835
-2.2467595
-2.4355037
-2.6007978
-2.7410492
-2.8549066
-2.941273
-2.9993161
-3.0284767
-3.0284739
-2.9993076
-2.941259
-2.8548874
-2.741025
-2.6007691
-2.4354708
-2.2467229
-2.0363437
-1.8063598
-1.5589866
-1.2966069
-1.0217477
-0.7370562
-0.44527396
-0.14921079
0.14828241
0.44434105
0.7361144
1.020793
1.2956356
1.5579957
1.8053468
2.035307
2.2456617
2.4343851
2.5996595
2.7398932
2.8537356
2.9400902
2.9981253
3.0272819
3.2992784
3.2674959
3.2042398
3.1101196
2.9860418
2.8332012
2.6530701
2.4473832
2.2181215
1.9674927
1.6979104
1.4119706
1.1124266
0.80216276
0.48416645
0.1614995
-0.16273128
-0.48540398
-0.80341154
-1.1136917
-1.4132562
-1.6992201
-1.9688289
-2.2194855
-2.4487753
-2.6544891
-2.8346449
-2.9875067
-3.1116016
-3.2057337
-3.2689959
-3.3007785
-3.3007753
-3.2689864
-3.2057181
-3.1115802
-2.9874798
-2.834613
-2.6544528
-2.448735
-2.2194418
-1.9687823
-1.6991711
-1.4132054
-1.1136393
-0.80335821
-0.48535005
-0.16267714
0.16155348
0.48421988
0.80221527
1.1124778
1.41202
1.6979577
1.9675374
2.2181632
2.4474215
2.6531044
2.8332312
2.9860669
3.1101396
3.2042543
3.2675046
3.2992813
3.6028777
3.5681698
3.4990917
3.3963086
3.2608106
3.0939027
2.8971923
2.672574
2.422211
2.1485144
1.8541197
1.5418617
1.2147474
0.87592609
0.52866019
0.17629314
-0.17778249
-0.53015757
-0.87743915
-1.2162831
-1.5434263
-1.8557178
-2.1501497
-2.4238854
-2.6742878
-2.8989441
-3.0956895
-3.262628
-3.3981507
-3.5009516
-3.5700397
-3.6047492
-3.6047457
-3.5700291
-3.5009341
-3.3981268
-3.2625981
-3.0956541
-2.8989039
-2.6742433
-2.4238373
-2.1500986
-1.8556643
-1.5433708
-1.2162262
-0.87738125
-0.53009909
-0.17772383
0.1763516
0.52871808
0.87598303
1.2148029
1.5419156
1.8541713
2.1485633
2.4222568
2.6726161
2.8972301
3.0939357
3.2608384
3.3963308
3.4991078
3.5681796
3.602881
3.9409809
3.9030149
3.8274525
3.7150212
3.5668042
3.3842288
3.1690536
2.9233508
2.6494868
2.3500989
2.0280702
1.6865016
1.3286818
0.95805611
0.57819273
0.19274876
-0.19456498
-0.58001957
-0.95990377
-1.3305596
-1.6884175
-2.0300308
-2.3521089
-2.6515487
-2.9254652
-3.1712188
-3.386441
-3.5690575
-3.7173082
-3.8297639
-3.9053407
-3.9433101
-3.9433061
-3.9053288
-3.8297442
-3.7172813
-3.5690239
-3.3864014
-3.171174
-2.9254159
-2.6514956
-2.3520527
-2.0299722
-1.6883569
-1.3304976
-0.95984088
-0.57995616
-0.19450142
0.19281209
0.57825546
0.95811788
1.3287422
1.6865602
2.0281266
2.3501525
2.6495371
2.9233972
3.1690954
3.3842655
3.5668351
3.7150459
3.8274704
3.9030259
3.9409845
4.3168207
4.2752327
4.1924615
4.0693042
3.9069472
3.7069541
3.4712513
3.2021089
2.9021188
2.5741701
2.221421
1.847268
1.4553138
1.049332
0.63323105
0.21101662
-0.21324682
-0.63547494
-1.0516027
-1.4576232
-1.8496265
-2.2238369
-2.5766496
-2.9046653
-3.2047231
-3.4739312
-3.7096948
-3.9097414
-4.0721423
-4.1953319
-4.2781225
-4.3197161
-4.3197115
-4.2781089
-4.1953096
-4.0721118
-3.9097035
-3.7096504
-3.4738811
-3.2046682
-2.9046064
-2.5765877
-2.2237726
-1.8495603
-1.4575558
-1.0515344
-0.63540621
-0.21317801
0.21108517
0.633299
1.049399
1.4553795
1.8473319
2.2214826
2.574229
2.9021742
3.2021601
3.4712978
3.706995
3.9069817
4.0693318
4.1924816
4.275245
4.3168248
4.7339899
4.6883811
4.5976075
4.4625435
4.2844901
4.0651622
3.8066724
3.5115103
3.1825187
2.822866
2.4360157
2.0256928
1.5958481
1.1506199
0.69429438
0.2312639
-0.23401461
-0.69706244
-1.1534219
-1.598699
-2.0286058
-2.4390014
-2.8259321
-3.1856697
-3.5147472
-3.8099927
-4.0685599
-4.2879559
-4.4660655
-4.6011711
-4.6919701
-4.7375869
-4.7375816
-4.6919545
-4.6011456
-4.4660308
-4.287913
-4.0685097
-3.8099364
-3.5146859
-3.1856044
-2.8258638
-2.4389307
-2.0285335
-1.5986256
-1.1533478
-0.69698803
-0.23394021
0.231338
0.69436789
1.1506925
1.5959194
2.0257624
2.4360831
2.8229307
3.1825799
3.5115673
3.8067242
4.065208
4.284529
4.4625747
4.5976303
4.688395
4.7339945
5.1964753
5.1464085
5.0467625
4.8984971
4.7030406
4.4622755
4.1785211
3.8545103
3.493364
3.0985603
2.6739014
2.2234766
1.7516227
1.2628824
0.76196032
0.25367762
-0.25707388
-0.76537846
-1.2663433
-1.7551454
-2.2270774
-2.6775937
-3.1023538
-3.4972645
-3.8585192
-4.1826352
-4.4664876
-4.707339
-4.9028669
-5.0511856
-5.1508644
-5.2009423
-5.2009362
-5.1508464
-5.0511562
-4.9028271
-4.7072899
-4.4664305
-4.1825716
-3.8584504
-3.4971918
-3.1022783
-2.6775161
-2.2269984
-1.7550656
-1.2662631
-0.76529807
-0.25699359
0.25375757
0.7620397
1.262961
1.7517001
2.2235525
2.6739753
3.0986315
3.4934317
3.8545737
4.1785791
4.4623271
4.7030845
4.8985325
5.0467884
5.1464243
5.1964806
5.7086971
5.6536924
5.544219
5.3813314
5.1665986
4.9020891
4.5903507
4.2343863
3.8376244
3.4038866
2.9373501
2.4425078
1.9241241
1.3871896
0.8368725
0.27846872
-0.2826487
-0.84108031
-1.3914518
-1.9284647
-2.4469473
-2.9419055
-3.4085703
-3.8424438
-4.2393432
-4.5954415
-4.9073044
-5.1719241
-5.3867481
-5.5497041
-5.6592202
-5.71424
-5.7142329
-5.6591992
-5.5496699
-5.386702
-5.1718676
-4.9072392
-4.5953693
-4.2392658
-3.8423626
-3.4084866
-2.9418203
-2.4468612
-1.9283781
-1.3913651
-0.84099367
-0.2825623
0.27855474
0.836958
1.3872744
1.924208
2.4425904
2.9374311
3.4039651
3.8376997
4.2344572
4.5904161
4.9021475
5.1666486
5.3813717
5.5442486
5.6537105
5.7087032
6.2755515
6.215082
6.0947326
5.9156625
5.6795966
5.3888087
5.0461
4.6547717
4.2185932
3.7417661
3.2288828
2.6848827
2.1150038
1.5247323
0.91974992
0.30587744
-0.31098043
-0.92488954
-1.5299426
-2.120315
-2.6903207
-3.2344697
-3.7475182
-4.2245202
-4.660876
-5.0523772
-5.395247
-5.6861776
-5.9223621
-6.1015215
-6.2219272
-6.2824177
-6.2824093
-6.2219025
-6.1014814
-5.9223081
-5.6861119
-5.3951717
-5.0522947
-4.6607884
-4.2244293
-3.7474254
-3.2343761
-2.6902269
-2.1202213
-1.5298492
-0.92479652
-0.3108878
0.30596966
0.91984171
1.5248236
2.1150945
2.6849726
3.2289715
3.7418528
4.2186771
4.6548514
5.046174
5.3888752
5.6796538
5.9157089
6.0947668
6.215103
6.2755586
6.9024605
6.8359473
6.7035698
6.506603
6.246944
5.9270938
5.5501335
5.1196941
4.6399222
4.1154395
3.5512978
2.9529303
2.3260989
1.6768384
1.0113988
0.33618
-0.34232649
-1.017596
-1.6831301
-2.3325206
-2.9595171
-3.55808
-4.1224393
-4.6471526
-5.1271586
-5.5578263
-5.9349999
-6.2550393
-6.514856
-6.7119421
-6.8443957
-6.9109384
-6.9109284
-6.8443662
-6.7118946
-6.5147923
-6.2549623
-5.9349124
-5.5577314
-5.127059
-4.6470505
-4.1223364
-3.5579774
-2.9594152
-2.3324196
-1.68303
-1.0174966
-0.34222765
0.33627841
1.0114969
1.6769363
2.3261966
2.9530279
3.5513949
4.1155355
4.640016
5.1197841
5.5502178
5.9271702
6.2470102
6.5066568
6.7036096
6.8359717
6.9024687
7.5954254
7.5222323
7.3765608
7.1598137
6.8740781
6.5221059
6.1072873
5.6336181
5.1056611
4.5285027
3.9077024
3.2492397
2.5594562
1.8449956
1.1127304
0.36969966
-0.37695292
-1.1200473
-1.8524368
-2.5670758
-3.2570846
-3.915812
-4.5369064
-5.1143767
-5.6426507
-6.1166294
-6.5317373
-6.883967
-7.1699176
-7.3868285
-7.5326053
-7.605841
-7.605829
-7.5325699
-7.3867714
-7.1698417
-6.8838758
-6.5316347
-6.1165194
-5.6425368
-5.1142618
-4.5367923
-3.9156997
-3.2569745
-2.5669676
-1.8523301
-1.1199417
-0.37684805
0.3698041
1.1128346
1.8451
2.5595611
3.2493453
3.9078086
4.528609
5.1057664
5.6337204
6.1073841
6.5221943
6.8741551
7.1598767
7.3766075
7.522261
7.595435
8.3610867
8.2805148
8.1201581
7.8815602
7.5670183
7.1795609
6.7229193
6.2014916
5.6203008
4.9849461
4.3015485
3.5766915
2.8173593
2.0308618
1.224762
0.4068117
-0.41512766
-1.2331613
-2.0394294
-2.8261766
-3.5858236
-4.3110471
-4.9948517
-5.6306379
-6.2122678
-6.7341245
-7.1911679
-7.5789836
-7.8938257
-8.132653
-8.2931588
-8.3737934
-8.3737787
-8.2931158
-8.1325838
-7.8937341
-7.5788744
-7.1910464
-6.7339959
-6.2121369
-5.6305082
-4.9947252
-4.3109248
-3.5857052
-2.8260615
-2.0393166
-1.2330499
-0.41501717
0.40692178
1.2248721
2.0309725
2.8174711
3.5768053
4.3016645
4.9850641
5.6204195
6.2016086
6.7230314
7.1796643
7.567109
7.8816346
8.1202132
8.2805486
8.3610981
9.2067907
9.1180716
8.9415007
8.6787768
8.3324281
7.9057881
7.4029641
6.8287982
6.1888207
5.4891974
4.7366696
3.9384888
3.1023431
2.2362801
1.3486377
0.44795207
-0.45713147
-1.3579346
-2.2458095
-3.1122142
-3.9488
-4.747498
-5.500599
-6.2008296
-6.8414251
-7.4161957
-7.9195867
-8.3467334
-8.6935077
-8.9565585
-9.1333436
-9.2221553
-9.2221373
-9.1332907
-8.9564736
-8.6933959
-8.346601
-7.9194411
-7.416044
-6.8412737
-6.2006827
-5.5004592
-4.7473657
-3.9486741
-3.1120931
-2.2456913
-1.3578182
-0.45701597
0.44806723
1.3487529
2.2363963
3.1024613
3.9386106
4.7367959
5.4893284
6.1889551
6.8289331
7.4030953
7.9059102
8.3325358
8.6788653
8.9415663
9.1181119
9.2068042
10.140679
10.042969
9.8485027
9.5591511
9.1776966
8.7078081
8.1540074
7.5216252
6.8167511
6.0461762
5.2173249
4.3381859
3.4172303
2.4633289
1.4856671
0.49364397
-0.50323244
-1.4954254
-2.4734211
-3.4278078
-4.3493838
-5.2292532
-6.0589159
-6.830352
-7.5361032
-8.1693444
-8.7239517
-9.1945622
-9.5766248
-9.8664452
-10.06122
-10.159067
-10.159044
-10.061155
-9.86634
-9.5764866
-9.1943998
-8.723775
-8.1691635
-7.5359266
-6.8301855
-6.058762
-5.2291115
-4.3492516
-3.4276824
-2.473299
-1.495305
-0.50311272
0.49376349
1.4857864
2.4634495
3.4173537
4.3383148
5.2174616
6.0463215
6.8169043
7.5217822
8.1541626
8.707954
9.1778259
9.5592574
9.8485812
10.043017
10.140695
11.171787
11.064155
10.849946
10.531215
10.111026
9.593416
8.9833624
8.2867346
7.5102372
6.6613517
5.7482556
4.7797525
3.7651809
2.7143173
1.6372897
0.54445855
-0.55372273
-1.6467949
-2.7242973
-3.775849
-4.7912992
-5.7608352
-6.6750798
-7.5251852
-8.3029255
-9.0007722
-9.6119712
-10.130609
-10.551665
-10.871066
-11.08572
-11.193547
-11.193519
-11.085638
-10.870934
-10.551492
-10.130407
-9.6117539
-9.0005539
-8.3027181
-7.5249963
-6.6749117
-5.7606861
-4.7911635
-3.775722
-2.7241733
-1.6466718
-0.55359965
0.54458182
1.6374117
2.7144407
3.7653071
4.7798868
5.7484022
6.6615127
7.510413
8.2869192
8.9835486
9.5935926
10.111183
10.531344
10.85004
11.064213
11.171806
12.309852
12.191281
11.955299
11.604168
11.14126
10.571015
9.8989134
9.1314161
8.2759023
7.3406175
6.334566
5.2674527
4.149576
2.9917111
1.8050383
0.60100095
-0.60891645
-1.8132907
-3.0006298
-4.1594575
-5.2785659
-6.3471249
-7.354785
-8.2917794
-9.1490345
-9.9182426
-10.591952
-11.163642
-11.627772
-11.979852
-12.216471
-12.335337
-12.335301
-12.216368
-11.979686
-11.627553
-11.163387
-10.591681
-9.9179756
-9.1487888
-8.291565
-7.3546035
-6.3469727
-5.2784313
-4.159334
-3.0005066
-1.8131664
-0.60879066
0.60112793
1.8051608
2.9918348
4.1497009
5.2675889
6.3347209
7.3407951
8.2761061
9.1316358
9.8991407
10.571232
11.141453
11.604325
11.955412
12.191349
12.309875
13.564677
13.434055
13.174089
12.787263
12.277293
11.649056
10.908585
10.062994
9.1203943
8.0898846
6.9813663
5.8055436
4.5737823
3.2979471
1.9904024
0.6638574
-0.66908781
-1.9960959
-3.3045655
-4.5817271
-5.8151963
-6.9930166
-8.10376
-9.136638
-10.081646
-10.929611
-11.67231
-12.302554
-12.814225
-13.202374
-13.463233
-13.594286
-13.594241
-13.463104
-13.202163
-12.813945
-12.302228
-11.671966
-10.929279
-10.081352
-9.1363951
-8.1035678
-6.9928696
-5.8150699
-4.5816157
-3.3044463
-1.9959718
-0.66895981
0.66398991
1.9905216
3.2980688
4.5738981
5.8056755
6.9815265
8.0900782
9.1206347
10.063259
10.908869
11.649326
12.277532
12.787455
13.174223
13.434136
13.564703
14.949322
14.805431
14.519029
14.092846
13.530992
12.838809
12.022942
11.091233
10.05256
8.917021
7.6954449
6.3996614
5.0422504
3.6362123
2.1952561
0.73376947
-0.73443051
-2.1965469
-3.6388025
-5.0466592
-6.4064616
-7.7050105
-8.9296775
-10.068519
-11.110528
-12.045553
-12.864516
-13.559503
-14.12373
-14.551762
-14.839421
-14.983945
-14.983886
-14.839262
-14.551493
-14.12337
-13.559079
-12.864071
-12.045132
-11.110171
-10.068246
-8.9294792
-7.7048874
-6.4063517
-5.0465779
-3.6386881
-2.1964234
-0.73430102
0.7339182
2.1953608
3.6363349
5.0423401
6.3997786
7.6956059
8.9172232
10.052855
11.091552
12.023309
12.839148
13.531294
14.093081
14.519183
14.805526
14.94935
16.495547
16.336821
16.020944
15.550856
14.931137
14.167621
13.267638
12.23985
11.093946
9.8411876
8.4933884
7.0636317
5.5658864
4.0143352
2.4242241
0.81221767
-0.80478267
-2.4050777
-3.972373
-5.4905995
-6.9461067
-8.3260553
-9.6185586
-10.812629
-11.898634
-12.86775
-13.712412
-14.426171
-15.003567
-15.440367
-15.733319
-15.880307
-15.880236
-15.733132
-15.440045
-15.003115
-14.425636
-13.711843
-12.867227
-11.898208
-10.812341
-9.6183724
-8.3259969
-6.9460342
-5.4905833
-3.9722696
-2.4049607
-0.8046532
0.81239444
2.4242942
4.0144519
5.5659188
7.0637108
8.4935378
9.8413922
11.094325
12.240249
13.268137
14.168064
14.93153
15.55115
16.021117
16.336925
16.495555
-15.859546
-15.71271
-15.42014
-14.983925
-14.407326
-13.694582
-12.851059
-11.88332
-10.798749
-9.6063199
-8.3155384
-6.9373795
-5.4838357
-3.9674856
-2.4022448
-0.80390163
0.81109806
2.4210819
4.0093451
5.5589586
7.0549931
8.483023
9.8292371
11.080557
12.225079
13.251719
14.15063
14.913286
15.532279
16.001798
16.317281
16.475769
16.47569
16.317094
16.001463
15.53182
14.912736
14.150054
13.251186
12.224651
11.080265
9.82905
8.4829598
7.0549156
5.5589326
4.0092339
2.4209549
0.81096325
-0.80408024
-2.4023175
-3.9675968
-5.4838701
-6.9374514
-8.3156885
-9.6065171
-10.799124
-11.883709
-12.85155
-13.695012
-14.407713
-14.984209
-15.420312
-15.712806
-15.859557
-14.963076
-14.818704
-14.531421
-14.103976
-13.540544
-12.846555
-12.02875
-11.095077
-10.054534
-8.9173199
-7.694384
-6.3976499
-5.0397822
-3.6338554
-2.1936216
-0.73350226
0.73266685
2.1921382
3.6311874
5.0353063
6.3909367
7.6849865
8.9049498
10.039006
11.076297
12.006807
12.821593
13.51288
14.073988
14.499593
14.785589
14.929243
14.929182
14.785437
14.499334
14.073642
13.512472
12.821166
12.006404
11.075957
10.038746
8.9047586
7.6848678
6.3908223
5.0352205
3.6310643
2.1920071
0.73253165
-0.73365672
-2.193727
-3.6339784
-5.0398724
-6.3977684
-7.6945487
-8.9175299
-10.054837
-11.095409
-12.029129
-12.846907
-13.540857
-14.10422
-14.531582
-14.818801
-14.963102
-13.57309
-13.442195
-13.181716
-12.794161
-12.283291
-11.654045
-10.912522
-10.065908
-9.1223942
-8.0911543
-6.9821644
-5.8061945
-4.5746668
-3.2994915
-1.9930625
-0.66810529
0.66277986
1.9872835
3.292844
4.5667371
5.7966468
6.9706987
8.0775564
9.1065292
10.047719
10.892056
11.631421
12.258721
12.767921
13.15415
13.413698
13.544078
13.544033
13.413573
13.153947
12.767652
12.258407
11.63109
10.891738
10.047437
9.1062964
8.0773706
6.9705549
5.7965196
4.5666228
3.29272
1.9871544
0.6626475
-0.66824154
-1.9931838
-3.2996149
-4.5747845
-5.8063291
-6.9823288
-8.0913541
-9.1226422
-10.066182
-10.912815
-11.654324
-12.283539
-12.794359
-13.181855
-13.442278
-13.573116
-12.313589
-12.194892
-11.958664
-11.607192
-11.143878
-10.573205
-9.9006961
-9.1328633
-8.2771377
-7.3418156
-6.3359496
-5.269288
-4.1521645
-2.9953813
-1.8101346
-0.60787288
0.59992719
1.801865
2.9864822
4.142345
5.2583
6.3235812
7.3279109
8.2615988
9.1156517
9.8818417
10.552795
11.122063
11.58417
11.934683
12.170232
12.288559
12.288525
12.170133
11.934522
11.58396
11.121817
10.552534
9.8815848
9.1154154
8.2613922
7.3277348
6.323432
5.2581658
4.1422201
2.9863563
1.8017374
0.5997982
-0.60800273
-1.8102595
-2.9955072
-4.1522918
-5.2694272
-6.3361086
-7.3419984
-8.2773478
-9.1330902
-9.9009308
-10.573429
-11.144078
-11.607354
-11.958781
-12.194962
-12.313612
-11.171025
-11.063379
-10.849132
-10.53036
-10.110147
-9.5925562
-8.9825955
-8.2861659
-7.5100046
-6.661625
-5.7492338
-4.78166
-3.7682619
-2.7188292
-1.6434943
-0.55261438
0.5433695
1.6340201
2.7089069
3.7576864
4.7702527
5.7368449
6.6481429
7.4953593
8.2703303
8.9655892
9.5744415
10.091029
10.510381
10.828467
11.042229
11.149612
11.149585
11.042149
10.82834
10.510214
10.090834
9.574232
8.9653787
8.2701301
7.4951764
6.6479791
5.7366985
4.770118
3.757559
2.7087814
1.6338949
0.54324407
-0.55274
-1.6436185
-2.7189548
-3.7683907
-4.7817973
-5.7493841
-6.6617905
-7.5101856
-8.2863562
-8.9827876
-9.5927385
-10.110309
-10.530493
-10.84923
-11.063438
-11.171044
-10.135542
-10.037892
-9.8435457
-9.5543829
-9.1731988
-8.7036781
-8.1503598
-7.5185934
-6.8144867
-6.0448482
-5.2171174
-4.3392945
-3.4198596
-2.4676861
-1.4919549
-0.50205481
0.49252234
1.4822622
2.4576793
3.4093948
4.3282444
5.205376
6.0323372
6.8011565
7.5044248
8.1353659
8.6879023
9.1567142
9.5372888
9.8259644
10.019964
10.117421
10.117399
10.0199
9.8258628
9.5371553
9.1565572
8.6877316
8.135191
7.5042539
6.8009948
6.0321869
5.2052367
4.3281134
3.4092694
2.4575565
1.4821405
0.49240092
-0.50217622
-1.4920763
-2.4678089
-3.4199854
-4.3394263
-5.2172573
-6.0449973
-6.8146442
-7.5187549
-8.1505197
-8.7038285
-9.1733321
-9.5544924
-9.8436267
-10.037941
-10.135559
-9.1973953
-9.1087961
-8.9324661
-8.6701084
-8.3242579
-7.8982559
-7.3962184
-6.8229961
-6.1841273
-5.4857847
-4.7347137
-3.9381671
-3.1038327
-2.2397571
-1.3542662
-0.45587855
0.44678157
1.3450592
2.2303324
3.094087
3.9280073
4.7240658
5.4745945
6.17236
6.8106381
7.3832784
7.8847641
8.310265
8.6556837
8.9176949
9.0937764
9.1822339
9.1822165
9.0937252
8.9176128
8.6555755
8.3101369
7.884623
7.3831314
6.810491
6.172217
5.4744577
4.7239355
3.9278825
3.0939663
2.2302139
1.344942
0.44666483
-0.45599521
-1.3543831
-2.2398752
-3.1039531
-3.9382913
-4.7348428
-5.4859188
-6.1842652
-6.8231346
-7.3963532
-7.8983815
-8.3243687
-8.6701995
-8.9325336
-9.1088375
-9.1974092
-8.3475548
-8.2671508
-8.1071306
-7.8690393
-7.555176
-7.1685719
-6.7129604
-6.1927414
-5.6129384
-4.9791497
-4.2974934
-3.5745475
-2.8172849
-2.0330054
-1.2292642
-0.41379182
0.40557664
1.2209712
2.0245549
2.8085999
3.5655665
4.288167
4.9694383
5.6028165
6.1821989
6.7020031
7.1572207
7.5434666
7.8570204
8.0948624
8.2547025
8.3350018
8.3349876
8.2546608
8.0947954
7.8569316
7.5433607
7.1571028
6.7018782
6.1820715
5.6026898
4.9693143
4.2880466
3.5654494
2.8084853
2.024442
1.2208593
0.40546528
-0.41390306
-1.2293757
-2.0331177
-2.8173987
-3.5746634
-4.2976118
-4.9792703
-5.6130599
-6.1928613
-6.7130754
-7.168678
-7.5552692
-7.8691157
-8.1071873
-8.2671856
-8.3475665
-7.5778679
-7.5048828
-7.3596268
-7.1435022
-6.8585953
-6.5076565
-6.0940736
-5.6218387
-5.0955099
-4.5201668
-3.9013604
-3.2450595
-2.5575915
-1.8455828
-1.1158876
-0.37552514
0.36838428
1.108687
1.8382657
2.5501067
3.2373626
3.8934136
4.5119407
5.0869858
5.613009
6.0849421
6.4982382
6.8489155
7.133596
7.3495375
7.4946602
7.5675666
7.567555
7.4946258
7.3494822
7.1335223
6.8488269
6.4981384
6.084835
5.6128979
5.0868734
4.5118287
3.893303
3.2372536
2.5499991
1.8381591
1.1085812
0.36827882
-0.37563044
-1.115993
-1.8456885
-2.5576979
-3.2451668
-3.9014686
-4.5202753
-5.0956175
-5.6219433
-6.0941727
-6.5077472
-6.8586744
-7.1435668
-7.3596747
-7.5049122
-7.5778778
-6.8809595
-6.8146892
-6.6827967
-6.4865548
-6.2278574
-5.9092011
-5.5336609
-5.1048605
-4.6269374
-4.104502
-3.5425932
-2.9466293
-2.3223549
-1.6757831
-1.0131366
-0.34079602
0.33476871
1.0070613
1.6696183
2.3160674
2.9401855
3.5359635
4.097664
4.619877
5.0975719
5.5261466
5.9014721
6.2199324
6.4784596
6.6745633
6.8063546
6.8725642
6.8725545
6.806326
6.6745171
6.4783978
6.2198575
5.9013869
5.5260541
5.0974746
4.619777
4.0975629
3.5358622
2.9400847
2.3159671
1.6695185
1.0069619
0.33466951
-0.34089505
-1.0132356
-1.6758821
-2.3224539
-2.9467283
-3.5426919
-4.1045997
-4.627033
-5.1049524
-5.533747
-5.9092792
-6.2279251
-6.48661
-6.6828375
-6.8147142
-6.8809679
-6.2501427
-6.1899491
-6.0701499
-5.8919011
-5.6569224
-5.3674809
-5.026369
-4.6368773
-4.2027626
-3.7282117
-3.2178001
-2.6764481
-2.1093723
-1.5220342
-0.92009034
-0.30933535
0.304354
0.91507409
1.5169505
2.1041922
2.6711465
3.212355
3.7226063
4.1969862
4.6309251
5.0202431
5.3611893
5.6504794
5.8853264
6.063468
6.1831881
6.2433337
6.2433255
6.183164
6.0634289
5.8852739
5.6504154
5.3611159
5.0201625
4.6308394
4.196897
3.7225151
3.2122627
2.6710536
2.1040992
1.5168575
0.91498116
0.30426121
-0.30942796
-0.92018273
-1.5221263
-2.109464
-2.6765392
-3.21789
-3.7282998
-4.2028479
-4.6369584
-5.0264444
-5.3675487
-5.6569809
-5.8919485
-6.0701849
-6.1899706
-6.25015
-5.6793576
-5.6246615
-5.5158033
-5.353833
-5.1403132
-4.8773032
-4.5673401
-4.213413
-3.8189351
-3.3877099
-2.9238942
-2.4319583
-1.9166418
-1.3829082
-0.83589743
-0.28087546
0.27681628
0.83181135
1.3787695
1.912427
2.4276471
2.9194695
3.3831585
3.8142485
4.2085875
4.562377
4.872209
5.1350988
5.3485141
5.5103989
5.6191938
5.673851
5.6738441
5.6191733
5.5103656
5.3484691
5.1350436
4.8721452
4.5623063
4.2085116
3.8141688
3.3830761
2.9193854
2.4275619
1.9123411
1.3786832
0.83172493
0.27672988
-0.28096168
-0.83598331
-1.3829936
-1.9167264
-2.4320418
-2.9239761
-3.3877895
-3.8190115
-4.2134851
-4.5674065
-4.8773626
-5.1403641
-5.3538742
-5.5158335
-5.62468
-5.6793638
-5.1631161
-5.1133919
-5.0144284
-4.8671803
-4.6730675
-4.4339622
-4.1521701
-3.8304084
-3.4717792
-3.0797398
-2.6580687
-2.2108293
-1.7423304
-1.2570844
-0.75976408
-0.25515746
0.25187836
0.75646344
1.2537416
1.7389265
2.2073479
2.6544958
3.0760648
3.4679953
3.8265125
4.1481633
4.4298496
4.6688578
4.8628859
5.0100647
5.1089766
5.1586689
5.158663
5.1089591
5.0100361
4.862847
4.6688099
4.4297938
4.1481011
3.8264451
3.4679239
3.0759905
2.6544193
2.2072698
1.7388475
1.2536619
0.75638337
0.25179822
-0.25523744
-0.75984364
-1.2571633
-1.7424083
-2.2109058
-2.6581432
-3.0798118
-3.4718478
-3.8304726
-4.152229
-4.4340145
-4.6731122
-4.8672162
-5.0144547
-5.1134079
-5.1631215
-4.6964527
-4.6512226
-4.5612035
-4.4272634
-4.2506939
-4.0331974
-3.776871
-3.4841859
-3.1579634
-2.801348
-2.4177762
-2.0109439
-1.5847704
-1.1433603
-0.6909644
-0.23193839
0.2292988
0.68830739
1.1406692
1.5820298
2.0081403
2.4148983
2.7983872
3.1549142
3.4810456
3.7736405
4.0298808
4.2472982
4.4237987
4.5576821
4.6476589
4.6928624
4.6928573
4.6476437
4.5576572
4.4237648
4.2472563
4.0298317
3.7735854
3.4809855
3.1548501
2.79832
2.4148287
2.0080689
1.5819571
1.1405957
0.68823343
0.22922469
-0.23201235
-0.6910379
-1.143433
-1.584842
-2.0110139
-2.4178441
-2.8014131
-3.1580252
-3.4842434
-3.7769234
-4.0332437
-4.2507332
-4.427295
-4.5612266
-4.6512367
-4.6964574
-4.2748779
-4.2337079
-4.151769
-4.0298513
-3.8691302
-3.6711551
-3.4378346
-3.1714177
-2.8744722
-2.5498599
-2.2007087
-1.8303824
-1.4424485
-1.0406434
-0.62883629
-0.21099247
0.20886528
0.62669506
1.0384746
1.4402398
1.8281228
2.198389
2.5474731
2.8720138
3.1688856
3.4352294
3.6684801
3.866391
4.0270559
4.1489273
4.2308315
4.2719795
4.271975
4.2308182
4.1489056
4.0270262
3.866354
3.6684366
3.4351804
3.1688318
2.8719561
2.5474123
2.1983256
1.8280575
1.4401732
1.038407
0.62662689
0.2087969
-0.21106071
-0.62890404
-1.0407103
-1.4425142
-1.8304464
-2.2007705
-2.549919
-2.874528
-3.1714694
-3.4378814
-3.6711964
-3.8691651
-4.0298792
-4.1517894
-4.2337203
-4.2748821
-3.8943368
-3.8568317
-3.7821867
-3.6711215
-3.5247067
-3.3443536
-3.1318006
-2.8890962
-2.6185794
-2.322857
-2.0047783
-1.6674075
-1.3139944
-0.94794288
-0.57277801
-0.19211229
0.19038915
0.57104374
0.94618677
1.3122066
1.6655792
2.0029022
2.3209276
2.6165929
2.887051
3.1296971
3.3421943
3.5224961
3.6688658
3.7798938
3.8545105
3.8919975
3.8919935
3.8544989
3.7798746
3.6688396
3.5224633
3.3421557
3.1296533
2.8870027
2.6165409
2.3208724
2.0028445
1.6655195
1.3121455
0.94612464
0.57098099
0.19032616
-0.19217515
-0.57284038
-0.94800439
-1.3140547
-1.667466
-2.0048346
-2.3229107
-2.6186298
-2.8891427
-3.1318426
-3.3443905
-3.5247378
-3.6711464
-3.7822048
-3.8568427
-3.8943405
-3.5511697
-3.5169697
-3.4489025
-3.3476243
-3.2141112
-3.04965
-2.8558257
-2.634506
-2.3878236
-2.1181554
-1.8280994
-1.5204496
-1.1981696
-0.8643631
-0.52224485
-0.1751092
0.17370139
0.52082849
0.86292996
1.196712
1.518961
1.8265739
2.1165889
2.3862131
2.6328501
2.8541247
3.0479058
3.2123271
3.345805
3.447054
3.5150988
3.549284
3.5492806
3.5150884
3.447037
3.3457817
3.2122979
3.0478713
2.8540854
2.6328066
2.386166
2.1165388
1.8265214
1.5189065
1.196656
0.86287292
0.5207708
0.17364343
-0.17516705
-0.52230221
-0.8644196
-1.1982248
-1.5205032
-1.8281508
-2.1182042
-2.3878693
-2.634548
-2.8558635
-3.0496831
-3.2141391
-3.3476465
-3.4489186
-3.5169795
-3.551173
-3.2420778
-3.2108547
-3.1487124
-3.0562496
-2.9343576
-2.7842109
-2.6072563
-2.4051989
-2.1799854
-1.9337856
-1.6689713
-1.3880932
-1.0938568
-0.78909588
-0.47674527
-0.15981282
0.15864971
0.47557596
0.78791437
1.0926576
1.3868713
1.6677226
1.9325069
2.1786746
2.4038549
2.6058792
2.782802
2.9329192
3.054785
3.1472257
3.2093508
3.2405622
3.2405591
3.2093416
3.1472105
3.0547642
2.9328931
2.782771
2.6058438
2.4038156
2.1786319
1.9324614
1.6676747
1.3868215
1.0926063
0.78786202
0.47552294
0.15859642
-0.15986603
-0.47679801
-0.78914777
-1.0939075
-1.3881422
-1.6690182
-1.9338301
-2.1800269
-2.4052369
-2.6072905
-2.7842407
-2.9343827
-3.0562696
-3.1487268
-3.2108635
-3.2420807
-2.964091
-2.9355453
-2.8787318
-2.7941977
-2.6827576
-2.5454853
-2.3837034
-2.1989705
-1.9930663
-1.7679743
-1.5258627
-1.2690636
-1.0000504
-0.72141367
-0.4358369
-0.14607007
0.14509656
0.43485932
0.7204281
0.99905314
1.2680515
1.524833
1.7669247
1.9919954
2.1978775
2.3825883
2.5443488
2.681601
2.793023
2.8775416
2.9343428
2.9628794
2.9628766
2.9343345
2.877528
2.7930043
2.6815775
2.5443209
2.3825564
2.197842
1.9919567
1.7668832
1.5247892
1.2680059
0.99900611
0.72038003
0.4348106
0.14504755
-0.146119
-0.43588538
-0.72146134
-1.0000968
-1.2691085
-1.5259057
-1.7680148
-1.993104
-2.1990051
-2.3837344
-2.5455123
-2.6827802
-2.7942156
-2.8787448
-2.9355532
-2.9640936
-2.7145393
-2.6883973
-2.6363675
-2.5589512
-2.4568943
-2.3311799
-2.1830191
-2.0138392
-1.8252698
-1.6191273
-1.3973972
-1.1622152
-0.9158461
-0.66066271
-0.39912244
-0.13374386
0.13291755
0.39829402
0.65983013
0.91500744
1.1613687
1.3965415
1.6182611
1.8243922
2.0129497
2.1821175
2.3302663
2.4559692
2.5580155
2.6354223
2.687444
2.7135794
2.7135769
2.6874366
2.6354101
2.5579987
2.455948
2.330241
2.1820885
2.0129173
1.8243569
1.6182232
1.3965015
1.1613269
0.91496429
0.65978597
0.39824922
0.13287246
-0.13378889
-0.39916705
-0.66070654
-0.91588879
-1.1622563
-1.3974366
-1.6191644
-1.8253043
-2.0138707
-2.1830473
-2.3312044
-2.4569148
-2.5589675
-2.6363793
-2.6884044
-2.7145417
-2.4910212
-2.4670321
-2.4192872
-2.3482463
-2.2545939
-2.1392319
-2.0032717
-1.8480227
-1.6749802
-1.485811
-1.2823369
-1.0665175
-0.84043124
-0.60625542
-0.3662451
-0.12271156
0.12200007
0.36553328
0.60554294
0.83971778
1.0658027
1.2816204
1.4850926
1.6742595
1.8472992
2.0025452
2.1385022
2.2538606
2.3475092
2.4185459
2.4662866
2.4902714
2.4902691
2.4662799
2.4185349
2.3474939
2.2538413
2.1384793
2.0025189
1.8472698
1.6742273
1.485058
1.2815838
1.0657644
0.83967813
0.60550232
0.36549204
0.12195854
-0.12275303
-0.36628617
-0.60629575
-0.8404705
-1.0665553
-1.282373
-1.485845
-1.6750118
-1.8480514
-2.0032973
-2.1392542
-2.2546125
-2.3482611
-2.4192979
-2.4670386
-2.4910233
-2.2913699
-2.2693039
-2.2253864
-2.1600403
-2.0738951
-1.9677804
-1.8427182
-1.699913
-1.54074
-1.3667321
-1.1795651
-0.9810415
-0.77307294
-0.55766219
-0.3368836
-0.11286321
0.1122417
0.33626339
0.55704453
0.77245895
0.98043211
1.1789611
1.3661338
1.5401476
1.6993264
1.842137
1.9672038
2.0733221
2.1594696
2.2248166
2.2687334
2.2907971
2.290795
2.2687273
2.2248065
2.1594558
2.0733046
1.9671829
1.842113
1.6992995
1.5401181
1.3661021
1.1789274
0.98039687
0.77242246
0.55700711
0.33622537
0.11220341
-0.11290145
-0.33692147
-0.55769937
-0.77310911
-0.98107633
-1.1795983
-1.3667633
-1.5407689
-1.6999394
-1.8427418
-1.9678008
-2.0739122
-2.1600538
-2.2253961
-2.2693098
-2.2913719
-2.1137075
-2.0933528
-2.0528412
-1.9925629
-1.9130983
-1.8152126
-1.6998484
-1.5681167
-1.421286
-1.26077
-1.0881146
-0.90498228
-0.71313646
-0.51442454
-0.31076001
-0.10410412
0.10355306
0.31021177
0.5138818
0.7126017
0.90445761
1.0876017
1.2602701
1.4207996
1.567644
1.6993888
1.8147648
1.9126607
1.9921333
2.0524171
2.0929313
2.1132854
2.1132836
2.0929257
2.052408
1.9921207
1.9126447
1.8147457
1.6993667
1.5676193
1.4207726
1.2602409
1.0875708
0.90442514
0.71256804
0.51384726
0.31017665
0.10351768
-0.10413945
-0.310795
-0.51445887
-0.71316985
-0.90501441
-1.0881452
-1.2607988
-1.4213126
-1.5681409
-1.69987
-1.8152313
-1.9131139
-1.9925752
-2.0528501
-2.0933582
-2.1137093
-1.9567996
-1.9379563
-1.9004528
-1.8446503
-1.7710858
-1.6804679
-1.573669
-1.4517173
-1.3157871
-1.1671871
-1.0073482
-0.83780939
-0.6602031
-0.47623952
-0.28769008
-0.096370467
0.095876855
0.2872006
0.47575813
0.65973344
0.83735461
1.0069108
1.166769
1.3153892
1.4513399
1.5733113
1.6801285
1.7707624
1.8443398
1.9001519
1.9376608
1.9565051
1.9565034
1.9376557
1.9001435
1.8443282
1.7707478
1.680111
1.573291
1.4513171
1.3153642
1.1667421
1.0068822
0.83732458
0.65970229
0.47572614
0.28716807
0.095844062
-0.096403227
-0.28772252
-0.47627134
-0.66023403
-0.83783914
-1.0073765
-1.1672137
-1.3158117
-1.4517396
-1.5736889
-1.6804851
-1.7711002
-1.8446616
-1.900461
-1.9379613
-1.9568013
-1.8194995
-1.8019786
-1.7671069
-1.7152201
-1.6468179
-1.5625587
-1.4632537
-1.349859
-1.2234663
-1.0852925
-0.93666793
-0.77902354
-0.6138772
-0.44281907
-0.26749631
-0.089597152
0.089165024
0.2670689
0.4424009
0.6134724
0.77863572
0.93630001
1.0849466
1.2231436
1.3495598
1.4629772
1.5623033
1.6465811
1.7149986
1.7668966
1.801775
1.8192979
1.8192963
1.8017703
1.7668888
1.7149878
1.6465675
1.562287
1.4629584
1.3495386
1.2231204
1.0849215
0.93627332
0.77860769
0.6134433
0.442371
0.26703848
0.089134358
-0.089627793
-0.26752664
-0.44284883
-0.6139061
-0.77905133
-0.93669435
-1.0853173
-1.2234892
-1.3498798
-1.4632722
-1.5625747
-1.6468312
-1.7152307
-1.7671145
-1.8019832
-1.8195011
-1.6936848
-1.6773753
-1.6449148
-1.5966157
-1.5329431
-1.4545098
-1.362071
-1.2565166
-1.1388629
-1.0102424
-0.87189353
-0.72514833
-0.5714197
-0.41218785
-0.24898612
-0.083385923
0.083019571
0.24862431
0.41183497
0.57107975
0.72482481
0.87158925
1.0099594
1.1386023
1.2562788
1.3618552
1.4543145
1.5327657
1.5964532
1.6447632
1.6772303
1.6935418
1.6935403
1.677226
1.644756
1.5964431
1.532753
1.4542992
1.3618376
1.256259
1.1385805
1.0099359
0.8715642
0.72479849
0.57105241
0.41180686
0.24859569
0.082990707
-0.083414708
-0.24901462
-0.41221581
-0.57144685
-0.72517443
-0.87191833
-1.0102656
-1.1388844
-1.2565362
-1.3620884
-1.4545248
-1.5329556
-1.5966256
-1.6449219
-1.6773796
-1.6936862
-1.5410927
-1.5262591
-1.4967356
-1.452806
-1.3948925
-1.3235516
-1.2394692
-1.1434534
-1.0364275
-0.91942036
-0.79355719
-0.6600484
-0.52017818
-0.37529212
-0.22678448
-0.076085465
0.075350378
0.22607042
0.37461937
0.51956535
0.6595118
0.79311018
0.91907283
1.0361855
1.1433188
1.2394397
1.323621
1.3950505
1.453039
1.497027
1.52659
1.5414425
1.5414414
1.5265865
1.4970214
1.4530312
1.3950406
1.3236091
1.239426
1.1433034
1.0361685
0.91905454
0.79309072
0.65949136
0.51954412
0.37459756
0.22604824
0.075328009
-0.076107938
-0.22680674
-0.37531396
-0.52019939
-0.66006881
-0.79357659
-0.91943858
-1.0364443
-1.1434687
-1.2394828
-1.3235634
-1.3949023
-1.4528138
-1.4967412
-1.5262625
-1.5410938
-1.7483577
-1.7315101
-1.6979795
-1.6480893
-1.582321
-1.5013092
-1.4058354
-1.2968208
-1.1753171
-1.0424961
-0.89963889
-0.74812327
-0.58941024
-0.42503007
-0.25656711
-0.085643352
0.08609943
0.2570006
0.42541932
0.58973515
0.7483662
0.89978534
1.0425352
1.1752421
1.2966293
1.4055292
1.5008946
1.5818085
1.6474928
1.6973161
1.7307995
1.7476211
1.7476193
1.730794
1.6973069
1.64748
1.5817923
1.5008752
1.4055067
1.2966039
1.1752141
1.0425049
0.89975305
0.74833219
0.58969976
0.4253829
0.25696349
0.086062014
-0.085680582
-0.25660393
-0.42506615
-0.58944524
-0.74815684
-0.89967072
-1.0425258
-1.1753445
-1.2968457
-1.4058575
-1.5013282
-1.5823368
-1.6481018
-1.6979885
-1.7315156
-1.7483595
-0.73340055
-0.7263633
-0.7123556
-0.69151052
-0.66402615
-0.63016376
-0.59024541
-0.54465094
-0.49381449
-0.43822039
-0.37839864
-0.3149199
-0.24839014
-0.17944497
-0.10874428
-0.036967951
0.035187071
0.10702614
0.17785049
0.24697509
0.31373323
0.37748053
0.43760072
0.49351164
0.54467113
0.59058243
0.63079923
0.66493023
0.69264303
0.71366761
0.72779898
0.73489933
0.7348994
0.7277992
0.71366797
0.69264355
0.66493091
0.63080009
0.59058347
0.54467236
0.49351306
0.43760232
0.37748231
0.31373516
0.24697714
0.17785265
0.10702835
0.035189266
-0.036965959
-0.10874238
-0.17944317
-0.24838846
-0.31491838
-0.37839728
-0.43821922
-0.4938135
-0.54465012
-0.59024475
-0.63016325
-0.66402577
-0.69151025
-0.71235541
-0.72636319
-0.73340052
-2.8522215
-2.824725
-2.770001
-2.6885783
-2.5812439
-2.4490348
-2.2932284
-2.11533
-1.9170577
-1.7003264
-1.4672288
-1.2200155
-0.96107296
-0.69290084
-0.4180875
-0.13928192
0.14083981
0.41958369
0.69427642
0.96227251
1.2209909
1.4679405
1.7007448
1.9171646
2.1151188
2.2927048
2.4482161
2.5801588
2.6872656
2.7685078
2.8231055
2.8505343
2.850531
2.8230955
2.7684913
2.6872426
2.5801297
2.4481811
2.2926642
2.1150731
1.9171141
1.7006902
1.4678821
1.2209294
0.96220849
0.69421051
0.41951654
0.14077211
-0.13934936
-0.41815417
-0.69296613
-0.96113623
-1.2200761
-1.4672862
-1.7003801
-1.9171071
-2.1153747
-2.2932681
-2.4490689
-2.5812722
-2.6886006
-2.7700171
-2.8247347
-2.8522248
1.3795736
1.3662454
1.339721
1.3002589
1.2482432
1.1841801
1.1086932
1.0225164
0.9264876
0.82153986
0.70869247
0.589041
0.46374683
0.33402645
0.20114071
0.066380717
-0.068957638
-0.2036239
-0.33632576
-0.46577903
-0.59073301
-0.70998429
-0.82238686
-0.92686218
-1.022409
-1.1081127
-1.1831537
-1.2468146
-1.2984877
-1.3376796
-1.3640163
-1.3772465
-1.3772442
-1.3640093
-1.337668
-1.2984717
-1.2467943
-1.1831292
-1.1080844
-1.022377
-0.92682682
-0.82234849
-0.70994329
-0.59068978
-0.46573399
-0.33627938
-0.20357663
-0.068910011
0.066428058
0.20118745
0.33407218
0.46379109
0.58908337
0.70873253
0.82157724
0.92652197
1.0225474
1.1087206
1.1842037
1.2482627
1.3002743
1.3397321
1.3662521
1.3795758
-5.4857575
-5.4328931
-5.32768
-5.1711337
-4.9647647
-4.7105645
-4.4109858
-4.0689189
-3.6876638
-3.2708983
-2.8226424
-2.3472195
-1.8492145
-1.3334301
-0.80484598
-0.26857675
0.27021478
0.80642146
1.3348826
1.8504879
2.3482648
2.8234192
3.2713763
3.6878241
4.0687546
4.4105022
4.7097791
4.9637061
5.1698407
5.3262003
5.4312811
5.4840725
5.4840667
5.4312639
5.3261718
5.1698012
4.963656
4.7097188
4.4104325
4.0686759
3.6877373
3.2712823
2.8233189
2.3481592
1.850378
1.3347694
0.80630621
0.27009855
-0.26869274
-0.8049607
-1.3335425
-1.8493234
-2.347324
-2.8227415
-3.270991
-3.6877492
-4.0689962
-4.4110543
-4.7106236
-4.9648138
-5.1711723
-5.3277079
-5.4329099
-5.4857631
)
;

boundaryField
{
    leftWall
    {
        type            cyclic;
    }
    rightWall
    {
        type            cyclic;
    }
    lowerWall
    {
        type            calculated;
        value           nonuniform List<scalar> 
64
(
1.5051817
1.4906827
1.4618256
1.4188884
1.362285
1.2925605
1.2103868
1.1165556
1.0119707
0.89763987
0.77466432
0.6442287
0.50758948
0.36606275
0.22101123
0.073832554
-0.074055503
-0.22122961
-0.36627214
-0.50778632
-0.64440949
-0.77482612
-0.89778049
-1.0120888
-1.1166504
-1.2104587
-1.2926104
-1.3623149
-1.4189008
-1.4618236
-1.49067
-1.5051624
-1.5051611
-1.4906662
-1.4618173
-1.4188921
-1.3623037
-1.2925971
-1.2104432
-1.116633
-1.0120696
-0.89775974
-0.77480399
-0.6443862
-0.5077621
-0.36624722
-0.22120423
-0.074029907
0.073858126
0.22103653
0.36608755
0.50761354
0.6442518
0.77468623
0.89766039
1.0119897
1.1165727
1.210402
1.2925736
1.3622959
1.418897
1.4618318
1.4906864
1.5051829
)
;
    }
    atmosphere
    {
        type            calculated;
        value           nonuniform List<scalar> 
64
(
-4.0422877e-07
-3.6150794e-06
-9.9140178e-06
-1.9060036e-05
-3.070314e-05
-4.4397685e-05
-5.9619365e-05
-7.5785219e-05
-9.2275884e-05
-0.00010845927
-0.00012371472
-0.0001374568
-0.00014915776
-0.00015836783
-0.0001647322
-0.00016800302
0
0
0
0
0
0
0
0
0
0
0
0
0
0
0
0
0
0
0
0
0
0
0
0
0
0
0
0
0
0
0
0
-0.00016800326
-0.00016473261
-0.00015836839
-0.00014915846
-0.0001374576
-0.00012371559
-0.00010846018
-9.2276805e-05
-7.5786114e-05
-5.9620204e-05
-4.439844e-05
-3.0703789e-05
-1.9060561e-05
-9.9144027e-06
-3.6153144e-06
-4.0430776e-07
)
;
    }
    defaultFaces
    {
        type            empty;
    }
}


// ************************************************************************* //
