/*--------------------------------*- C++ -*----------------------------------*\
| =========                 |                                                 |
| \\      /  F ield         | OpenFOAM: The Open Source CFD Toolbox           |
|  \\    /   O peration     | Version:  2106                                  |
|   \\  /    A nd           | Website:  www.openfoam.com                      |
|    \\/     M anipulation  |                                                 |
\*---------------------------------------------------------------------------*/
FoamFile
{
    version     2.0;
    format      ascii;
    arch        "LSB;label=32;scalar=64";
    class       volScalarField;
    location    "0.008";
    object      K_;
}
// * * * * * * * * * * * * * * * * * * * * * * * * * * * * * * * * * * * * * //

dimensions      [0 -1 0 0 0 0 0];

internalField   nonuniform List<scalar> 
1024
(
0
0
0
0
0
0
0
0
0
0
0
0
0
0
0
0
0
0
0
0
0
0
0
0
0
0
0
0
0
0
0
0
0
0
0
0
0
0
0
0
0
0
0
0
0
0
0
0
0
0
0
0
0
0
0
0
0
0
0
0
0
0
0
0
0
0
0
0
0
0
0
0
0
0
0
0
0
0
0
0
0
0
0
0
0
0
0
0
0
0
0
0
0
0
0
0
0
0
0
0
0
0
0
0
0
0
0
0
0
0
0
0
0
0
0
0
0
0
0
0
0
0
0
0
0
0
0
0
0
0
0
0
0
0
0
0
0
0
0
0
0
0
0
0
0
0
0
0
0
0
0
0
0
0
0
0
0
0
0
0
0
0
0
0
0
0
0
0
0
0
0
0
0
0
0
0
0
0
0
0
0
0
0
0
0
0
0
0
0
0
0
0
0
0
0
0
0
0
0
0
0
0
0
0
0
0
0
0
0
0
0
0
0
0
0
0
0
0
0
0
0
0
0
0
0
0
0
0
0
0
0
0
0
0
0
0
0
0
0
0
0
0
0
0
0
0
0
0
0
0
0
0
0
0
0
0
0
0
0
0
0
0
0
0
0
0
0
0
0
0
0
0
0
0
0
0
0
0
0
0
0
0
0
0
0
0
0
0
0
0
0
0
0
0
0
0
0
0
0
0
0
0
0
0
0
0
0
0
0
0
0
0
0
0
0
0
0
0
0
0
0
0
0
0
0
0
0
0
0
0
0
0
0
0
0
0
0
0
0
0
0
0
0
0
0
0
0
0
0
0
0
0
0
0
0
0
0
0
0
0
0
0
0
0
0
0
0
0
0
0
0
0
0
0
0
0
0
0
0
0
0
0
0
0
0
0
0
0
0
0.045818841
0.028580956
0.0097582811
-0.0097232748
-0.028604342
-0.045866016
-0.061265001
-0.07442183
-0.084716961
-0.091945071
-0.095729579
-0.095729579
-0.091945071
-0.084716961
-0.07442183
-0.061265001
-0.045866016
-0.028604342
-0.0097232748
0.0097582811
0.028580956
0.045818841
0
0
0
0
0
0.095761494
0.091973765
0.084719075
0.074414049
0.061245173
0.045818841
0.028580956
0.0097582811
-0.0097232748
-0.028604342
-0.045866016
-0.061265001
-0.07442183
-0.084716961
-0.091945071
-0.095729579
-0.095729579
-0.091945071
-0.084716961
-0.07442183
-0.061265001
-0.045866016
-0.028604342
-0.0097232748
0.0097582811
0.028580956
0.045818841
0.061245173
0.074414049
0.084719075
0.091973765
0.095761494
0.095761494
0.091973765
0.084719075
0.074414049
0.061245173
0.045818841
0.028580956
0.0097582811
-0.0097232748
-0.028604342
-0.045866016
-0.061265001
-0.07442183
-0.084716961
-0.091945071
-0.095729579
-0.095729579
-0.091945071
-0.084716961
-0.07442183
-0.061265001
-0.045866016
-0.028604342
-0.0097232748
0.0097582811
0.028580956
0.045818841
0.061245173
0.074414049
0.084719075
0.091973765
0.095761494
0.095761494
0.091973765
0.084719075
0.074414049
0.061245173
0.045818841
0.028580956
0.0097582811
-0.0097232748
-0.028604342
-0.045866016
-0.061265001
-0.07442183
-0.084716961
-0.091945071
-0.095729579
-0.095729579
-0.091945071
-0.084716961
-0.07442183
-0.061265001
-0.045866016
-0.028604342
-0.0097232748
0.0097582811
0.028580956
0.045818841
0.061245173
0.074414049
0.084719075
0.091973765
0.095761494
0.095761494
0.091973765
0.084719075
0.074414049
0.061245173
0.045818841
0.028580956
0.0097582811
-0.0097232748
-0.028604342
-0.045866016
-0.061265001
-0.07442183
-0.084716961
-0.091945071
-0.095729579
-0.095729579
-0.091945071
-0.084716961
-0.07442183
-0.061265001
-0.045866016
-0.028604342
-0.0097232748
0.0097582811
0.028580956
0.045818841
0.061245173
0.074414049
0.084719075
0.091973765
0.095761494
0.095761494
0.091973765
0.084719075
0.074414049
0.061245173
0.045818841
0.028580956
0.0097582811
-0.0097232748
-0.028604342
-0.045866016
-0.061265001
-0.07442183
-0.084716961
-0.091945071
-0.095729579
-0.095729579
-0.091945071
-0.084716961
-0.07442183
-0.061265001
-0.045866016
-0.028604342
-0.0097232748
0.0097582811
0.028580956
0.045818841
0.061245173
0.074414049
0.084719075
0.091973765
0.095761494
0.095761494
0.091973765
0.084719075
0.074414049
0.061245173
0.045818841
0.028580956
0.0097582811
-0.0097232748
-0.028604342
-0.045866016
-0.061265001
-0.07442183
-0.084716961
-0.091945071
-0.095729579
-0.095729579
-0.091945071
-0.084716961
-0.07442183
-0.061265001
-0.045866016
-0.028604342
-0.0097232748
0.0097582811
0.028580956
0.045818841
0.061245173
0.074414049
0.084719075
0.091973765
0.095761494
0.095761494
0.091973765
0.084719075
0.074414049
0.061245173
0.045818841
0.028580956
0.0097582811
-0.0097232748
-0.028604342
-0.045866016
0
0
0
0
0
0
0
0
0
0
-0.045866016
-0.028604342
-0.0097232748
0.0097582811
0.028580956
0.045818841
0.061245173
0.074414049
0.084719075
0.091973765
0.095761494
0
0
0
0
0
0
0
0
0
0
0
0
0
0
0
0
0
0
0
0
0
0
0
0
0
0
0
0
0
0
0
0
0
0
0
0
0
0
0
0
0
0
0
0
0
0
0
0
0
0
0
0
0
0
0
0
0
0
0
0
0
0
0
0
0
0
0
0
0
0
0
0
0
0
0
0
0
0
0
0
0
0
0
0
0
0
0
0
0
0
0
0
0
0
0
0
0
0
0
0
0
0
0
0
0
0
0
0
0
0
0
0
0
0
0
0
0
0
0
0
0
0
0
0
0
0
0
0
0
0
0
0
0
0
0
0
0
0
0
0
0
0
0
0
0
0
0
0
0
0
0
0
0
0
0
0
0
0
0
0
0
0
0
0
0
0
0
0
0
0
0
0
0
0
0
0
0
0
0
0
0
0
0
0
0
0
0
0
0
0
0
0
0
0
0
0
0
0
0
0
0
0
0
0
0
0
0
0
0
0
0
0
0
0
0
0
0
0
0
0
0
0
0
0
0
0
0
0
0
0
0
0
0
0
0
0
0
0
0
0
0
0
0
0
0
0
0
0
0
0
0
0
0
0
0
0
0
0
0
0
0
0
0
0
0
0
0
0
0
0
0
0
0
0
0
0
0
0
0
0
0
0
0
0
0
0
0
0
0
0
0
0
0
0
0
0
0
0
0
0
0
0
0
0
0
0
0
0
0
0
0
0
0
0
0
0
0
0
0
0
0
0
0
0
0
0
0
0
0
0
0
0
0
0
0
0
0
0
0
0
0
0
0
0
0
0
0
0
0
0
0
0
0
0
0
0
0
0
0
0
0
0
0
0
0
0
0
0
0
0
0
0
0
0
0
0
0
0
0
0
0
0
0
0
)
;

boundaryField
{
    leftWall
    {
        type            cyclic;
    }
    rightWall
    {
        type            cyclic;
    }
    lowerWall
    {
        type            zeroGradient;
    }
    atmosphere
    {
        type            zeroGradient;
    }
    defaultFaces
    {
        type            empty;
    }
}


// ************************************************************************* //
