/*--------------------------------*- C++ -*----------------------------------*\
| =========                 |                                                 |
| \\      /  F ield         | OpenFOAM: The Open Source CFD Toolbox           |
|  \\    /   O peration     | Version:  2106                                  |
|   \\  /    A nd           | Website:  www.openfoam.com                      |
|    \\/     M anipulation  |                                                 |
\*---------------------------------------------------------------------------*/
FoamFile
{
    version     2.0;
    format      ascii;
    arch        "LSB;label=32;scalar=64";
    class       volScalarField;
    location    "0.002";
    object      K_;
}
// * * * * * * * * * * * * * * * * * * * * * * * * * * * * * * * * * * * * * //

dimensions      [0 -1 0 0 0 0 0];

internalField   nonuniform List<scalar> 
1024
(
0
0
0
0
0
0
0
0
0
0
0
0
0
0
0
0
0
0
0
0
0
0
0
0
0
0
0
0
0
0
0
0
0
0
0
0
0
0
0
0
0
0
0
0
0
0
0
0
0
0
0
0
0
0
0
0
0
0
0
0
0
0
0
0
0
0
0
0
0
0
0
0
0
0
0
0
0
0
0
0
0
0
0
0
0
0
0
0
0
0
0
0
0
0
0
0
0
0
0
0
0
0
0
0
0
0
0
0
0
0
0
0
0
0
0
0
0
0
0
0
0
0
0
0
0
0
0
0
0
0
0
0
0
0
0
0
0
0
0
0
0
0
0
0
0
0
0
0
0
0
0
0
0
0
0
0
0
0
0
0
0
0
0
0
0
0
0
0
0
0
0
0
0
0
0
0
0
0
0
0
0
0
0
0
0
0
0
0
0
0
0
0
0
0
0
0
0
0
0
0
0
0
0
0
0
0
0
0
0
0
0
0
0
0
0
0
0
0
0
0
0
0
0
0
0
0
0
0
0
0
0
0
0
0
0
0
0
0
0
0
0
0
0
0
0
0
0
0
0
0
0
0
0
0
0
0
0
0
0
0
0
0
0
0
0
0
0
0
0
0
0
0
0
0
0
0
0
0
0
0
0
0
0
0
0
0
0
0
0
0
0
0
0
0
0
0
0
0
0
0
0
0
0
0
0
0
0
0
0
0
0
0
0
0
0
0
0
0
0
0
0
0
0
0
0
0
0
0
0
0
0
0
0
0
0
0
0
0
0
0
0
0
0
0
0
0
0
0
0
0
0
0
0
0
0
0
0
0
0
0
0
0
0
0
0
0
0
0
0
0
0
0
0
0
0
0
0
0
0
0
0
0
0
0
-0.17506233
-0.16888511
-0.15671654
-0.13882927
-0.11498044
-0.08614502
-0.05329216
-0.017953771
0.017960647
0.053294
0.086131434
0.1149682
0
0
0
0
0
0
0
0
0.1149682
0.086131434
0.053294
0.017960647
-0.017953771
-0.05329216
-0.08614502
-0.11498044
-0.13882927
-0.15671654
-0.16888511
-0.17506233
-0.17506233
-0.16888511
-0.15671654
-0.13882927
-0.11498044
-0.08614502
-0.05329216
-0.017953771
0.017960647
0.053294
0.086131434
0.1149682
0.13882942
0.15672795
0.16888454
0.17506838
0.17506838
0.16888454
0.15672795
0.13882942
0.1149682
0.086131434
0.053294
0.017960647
-0.017953771
-0.05329216
-0.08614502
-0.11498044
-0.13882927
-0.15671654
-0.16888511
-0.17506233
-0.17506233
-0.16888511
-0.15671654
-0.13882927
-0.11498044
-0.08614502
-0.05329216
-0.017953771
0.017960647
0.053294
0.086131434
0.1149682
0.13882942
0.15672795
0.16888454
0.17506838
0.17506838
0.16888454
0.15672795
0.13882942
0.1149682
0.086131434
0.053294
0.017960647
-0.017953771
-0.05329216
-0.08614502
-0.11498044
-0.13882927
-0.15671654
-0.16888511
-0.17506233
-0.17506233
-0.16888511
-0.15671654
-0.13882927
-0.11498044
-0.08614502
-0.05329216
-0.017953771
1.7886853e-05
0.053294
0.086131434
0.1149682
0.13882942
0.15672795
0.16888454
0.17506838
0.17506838
0.16888454
0.15672795
0.13882942
0.1149682
0.086131434
0.053294
1.7886855e-05
-0.017953771
-0.05329216
-0.08614502
-0.11498044
-0.13882927
-0.15671654
-0.16888511
-0.17506233
-0.17506233
-0.16888511
-0.15671654
-0.13882927
-0.11498044
-0.08614502
-0.05329216
-0.017953771
0.017960647
0.053294
0.086131434
0.1149682
0.13882942
0.15672795
0.16888454
0.17506838
0.17506838
0.16888454
0.15672795
0.13882942
0.1149682
0.086131434
0.053294
0.017960647
-0.017953771
-0.05329216
-0.08614502
-0.11498044
-0.13882927
-0.15671654
-0.16888511
-0.17506233
-0.17506233
-0.16888511
-0.15671654
-0.13882927
-0.11498044
-0.08614502
-0.05329216
-0.017953771
0.017960647
0.053294
0.086131434
0.1149682
0.13882942
0.15672795
0.16888454
0.17506838
0.17506838
0.16888454
0.15672795
0.13882942
0.1149682
0.086131434
0.053294
0.017960647
-0.017953771
-0.05329216
-0.08614502
-0.11498044
-0.13882927
-0.15671654
-0.16888511
-0.17506233
-0.17506233
-0.16888511
-0.15671654
-0.13882927
-0.11498044
-0.08614502
-0.05329216
-0.017953771
0.017960647
0.053294
0.086131434
0.1149682
0.13882942
0.15672795
0.16888454
0.17506838
0.17506838
0.16888454
0.15672795
0.13882942
0.1149682
0.086131434
0.053294
0.017960647
-0.017953771
-0.05329216
-0.08614502
-0.11498044
-0.13882927
-0.15671654
-0.16888511
-0.17506233
0
0
0
0
0
-0.08614502
-0.05329216
-0.017953771
0.017960647
0.053294
0.086131434
0.1149682
0.13882942
0.15672795
0.16888454
0.17506838
0.17506838
0.16888454
0.15672795
0.13882942
0.1149682
0.086131434
0.053294
0.017960647
-0.017953771
-0.05329216
-0.08614502
0
0
0
0
0
0
0
0
0
0
0
0
0
0
0
0
0
0
0
0
0
0
0
0
0
0
0
0
0
0
0
0
0
0
0
0
0
0
0
0
0
0
0
0
0
0
0
0
0
0
0
0
0
0
0
0
0
0
0
0
0
0
0
0
0
0
0
0
0
0
0
0
0
0
0
0
0
0
0
0
0
0
0
0
0
0
0
0
0
0
0
0
0
0
0
0
0
0
0
0
0
0
0
0
0
0
0
0
0
0
0
0
0
0
0
0
0
0
0
0
0
0
0
0
0
0
0
0
0
0
0
0
0
0
0
0
0
0
0
0
0
0
0
0
0
0
0
0
0
0
0
0
0
0
0
0
0
0
0
0
0
0
0
0
0
0
0
0
0
0
0
0
0
0
0
0
0
0
0
0
0
0
0
0
0
0
0
0
0
0
0
0
0
0
0
0
0
0
0
0
0
0
0
0
0
0
0
0
0
0
0
0
0
0
0
0
0
0
0
0
0
0
0
0
0
0
0
0
0
0
0
0
0
0
0
0
0
0
0
0
0
0
0
0
0
0
0
0
0
0
0
0
0
0
0
0
0
0
0
0
0
0
0
0
0
0
0
0
0
0
0
0
0
0
0
0
0
0
0
0
0
0
0
0
0
0
0
0
0
0
0
0
0
0
0
0
0
0
0
0
0
0
0
0
0
0
0
0
0
0
0
0
0
0
0
0
0
0
0
0
0
0
0
0
0
0
0
0
0
0
0
0
0
0
0
0
0
0
0
0
0
0
0
0
0
0
0
0
0
0
0
0
0
0
0
0
0
0
0
0
0
0
0
0
0
0
0
0
0
0
0
0
0
0
0
0
0
0
0
0
0
0
0
0
0
0
0
0
0
)
;

boundaryField
{
    leftWall
    {
        type            cyclic;
    }
    rightWall
    {
        type            cyclic;
    }
    lowerWall
    {
        type            zeroGradient;
    }
    atmosphere
    {
        type            zeroGradient;
    }
    defaultFaces
    {
        type            empty;
    }
}


// ************************************************************************* //
