/*--------------------------------*- C++ -*----------------------------------*\
| =========                 |                                                 |
| \\      /  F ield         | OpenFOAM: The Open Source CFD Toolbox           |
|  \\    /   O peration     | Version:  2106                                  |
|   \\  /    A nd           | Website:  www.openfoam.com                      |
|    \\/     M anipulation  |                                                 |
\*---------------------------------------------------------------------------*/
FoamFile
{
    version     2.0;
    format      ascii;
    arch        "LSB;label=32;scalar=64";
    class       volScalarField;
    location    "0.046";
    object      p_rgh;
}
// * * * * * * * * * * * * * * * * * * * * * * * * * * * * * * * * * * * * * //

dimensions      [1 -1 -2 0 0 0 0];

internalField   nonuniform List<scalar> 
4096
(
-2.6229282
-2.5976591
-2.5473626
-2.4725237
-2.373864
-2.252335
-2.1091081
-1.9455644
-1.7632814
-1.5640177
-1.3496953
-1.1223804
-0.88426408
-0.63764217
-0.38489248
-0.12844989
0.12921643
0.38562493
0.63830609
0.88482784
1.1228186
1.3499887
1.5641519
1.7632477
1.9453615
2.1087422
2.2518189
2.3732152
2.4717635
2.5465164
2.5967552
2.6219969
2.6219989
2.5967611
2.5465262
2.4717772
2.3732325
2.2518396
2.1087663
1.9453886
1.7632777
1.5641843
1.3500233
1.1228551
0.88486583
0.63834523
0.38566484
0.12925675
-0.12840956
-0.38485253
-0.63760299
-0.88422606
-1.1223439
-1.3496607
-1.5639854
-1.7632516
-1.9455375
-2.1090843
-2.2523145
-2.3738471
-2.4725103
-2.547353
-2.5976533
-2.6229262
-2.6479239
-2.6224142
-2.5716385
-2.4960865
-2.3964865
-2.273799
-2.1292065
-1.9641035
-1.7800825
-1.5789188
-1.3625528
-1.1330704
-0.89268382
-0.64371119
-0.38855274
-0.12966636
0.13045498
0.3893059
0.64439364
0.89326332
1.1335207
1.3628539
1.5790562
1.7800477
1.9638957
2.1288323
2.2732714
2.3958235
2.49531
2.5707746
2.6214917
2.6469737
2.6469758
2.6214977
2.5707846
2.4953239
2.395841
2.2732923
2.1288566
1.9639231
1.7800779
1.5790889
1.3628889
1.1335575
0.89330166
0.64443315
0.3893462
0.13049569
-0.12962563
-0.38851239
-0.64367162
-0.89264541
-1.1330335
-1.3625179
-1.5788862
-1.7800524
-1.9640762
-2.1291824
-2.2737783
-2.3964694
-2.496073
-2.5716288
-2.6224083
-2.647922
-2.6983129
-2.6723176
-2.6205756
-2.5435853
-2.4420891
-2.3170652
-2.169719
-2.0014715
-1.8139458
-1.6089511
-1.3884644
-1.1546118
-0.90964835
-0.65593674
-0.39592254
-0.13211026
0.13295927
0.39673277
0.65667061
0.91027182
1.1550965
1.3887885
1.6090993
1.8139103
2.0012521
2.1693232
2.3165068
2.4413873
2.542764
2.6196623
2.6713429
2.6973092
2.6973112
2.6713491
2.6196725
2.5427781
2.4414052
2.3165282
2.1693479
2.00128
1.8139411
1.6091327
1.388824
1.1551339
0.91031086
0.65671087
0.39677384
0.13300077
-0.13206875
-0.39588141
-0.65589639
-0.90960919
-1.1545742
-1.3884288
-1.6089178
-1.8139152
-2.0014438
-2.1696945
-2.3170441
-2.4420716
-2.5435716
-2.6205657
-2.6723117
-2.6983109
-2.7745821
-2.7478519
-2.6946469
-2.6154796
-2.5111129
-2.3825527
-2.2310382
-2.0580308
-1.8651997
-1.6544054
-1.4276809
-1.187213
-0.93532156
-0.67443661
-0.40707264
-0.13580479
0.13675383
0.40797763
0.67525593
0.93601782
1.1877544
1.4280429
1.6545718
1.8651631
2.0577922
2.2306064
2.3819434
2.5103476
2.6145846
2.6936527
2.7467917
2.7734906
2.7734928
2.7467981
2.6936632
2.6145992
2.510366
2.3819654
2.2306319
2.0578209
1.8651947
1.654606
1.4280795
1.1877929
0.93605795
0.6752973
0.40801986
0.13679651
-0.13576208
-0.40703033
-0.67439509
-0.93528126
-1.1871743
-1.4276442
-1.6543711
-1.8651682
-2.0580023
-2.231013
-2.382531
-2.511095
-2.6154655
-2.6946368
-2.7478458
-2.7745801
-2.8774586
-2.849737
-2.7945587
-2.7124551
-2.6042169
-2.4708867
-2.3137497
-2.1343215
-1.9343334
-1.7157153
-1.4805759
-1.231184
-0.96994699
-0.69938569
-0.42210776
-0.14078364
0.14187618
0.42314876
0.70032758
0.97074732
1.2318061
1.4809915
1.7159068
1.9342943
2.1340545
2.3132659
2.4702045
2.6033612
2.7114562
2.7934506
2.8485564
2.8762436
2.8762459
2.8485631
2.7934616
2.7114714
2.6033804
2.4702275
2.3132923
2.1340842
1.9343271
1.7159423
1.4810294
1.231846
0.9707889
0.70037047
0.42319255
0.14192045
-0.14073933
-0.42206383
-0.69934257
-0.96990512
-1.2311438
-1.4805379
-1.7156798
-1.9343008
-2.134292
-2.3137236
-2.4708643
-2.6041983
-2.7124406
-2.7945483
-2.8497308
-2.8774565
-3.0079278
-2.9789493
-2.921269
-2.835442
-2.7222942
-2.582915
-2.4186474
-2.2310757
-2.0220103
-1.7934686
-1.5476555
-1.2869444
-1.0138539
-0.73102028
-0.44116897
-0.14709156
0.14837796
0.4423935
0.73212733
1.0147942
1.2876744
1.5481416
1.7936916
2.0219655
2.2307686
2.4180923
2.5821345
2.7213178
2.8343049
2.9200103
2.9776102
3.0065505
3.0065528
2.9776172
2.9200219
2.834321
2.7213381
2.5821586
2.41812
2.2307997
2.0219997
1.7937287
1.5481812
1.2877161
1.0148377
0.73217213
0.44243926
0.14842425
-0.1470452
-0.441123
-0.73097513
-1.0138101
-1.2869023
-1.5476156
-1.7934314
-2.0219762
-2.2310449
-2.4186202
-2.5828917
-2.7222749
-2.8354269
-2.9212582
-2.9789428
-3.0079256
-3.1672415
-3.1367287
-3.075994
-2.9856212
-2.8664793
-2.7197143
-2.5467397
-2.3492238
-2.1290729
-1.8884111
-1.6295617
-1.3550263
-1.0674601
-0.76963975
-0.4644348
-0.15478487
0.15632514
0.4658992
0.77096225
1.0685825
1.3558959
1.6301373
1.8886719
2.1290168
2.3488613
2.54609
2.7188054
2.865347
2.9843071
3.0745432
3.1351883
3.1656586
3.165661
3.1351957
3.0745557
2.9843243
2.8653685
2.7188309
2.5461192
2.348894
2.1290528
1.8887109
1.6301789
1.3559397
1.0686281
0.77100935
0.46594736
0.1563739
-0.15473601
-0.46438631
-0.76959211
-1.0674137
-1.3549818
-1.6295196
-1.8883718
-2.1290369
-2.3491915
-2.5467113
-2.7196899
-2.8664591
-2.9856055
-3.0759827
-3.1367219
-3.1672393
-3.3569279
-3.3245888
-3.2602186
-3.164435
-3.0381578
-2.8826002
-2.6992593
-2.4899029
-2.2565509
-2.0014546
-1.7270787
-1.4360793
-1.1312747
-0.8156089
-0.4921225
-0.16393183
0.16579855
0.49389495
0.81720733
1.1326296
1.4371256
1.7277652
2.0017581
2.2564743
2.4894643
2.6984853
2.8815262
3.0368279
3.1628991
3.2585294
3.3227998
3.3550916
3.3550942
3.3228077
3.2585427
3.1629175
3.036851
2.8815534
2.6985162
2.4894988
2.2565123
2.0017993
1.7278092
1.4371719
1.1326779
0.81725715
0.49394596
0.16585025
-0.16387997
-0.49207101
-0.81555829
-1.1312254
-1.436032
-1.7270339
-2.0014129
-2.2565129
-2.4898688
-2.6992294
-2.8825746
-3.0381367
-3.1644185
-3.2602067
-3.3245817
-3.3569255
-3.5788053
-3.544331
-3.4757103
-3.3736004
-3.2389801
-3.0731406
-2.8776759
-2.6544687
-2.405672
-2.1336856
-1.8411409
-1.5308768
-1.205903
-0.8693604
-0.52448951
-0.17461349
0.17689467
0.52665407
0.87130959
1.2075518
1.5321432
1.8419618
2.1340345
2.4055595
2.6539247
2.8767377
3.0718554
3.2374033
3.3717921
3.4737315
3.5422417
3.5766639
3.5766667
3.5422503
3.4737459
3.3718121
3.2374282
3.0718846
2.8767707
2.6539614
2.4055999
2.1340783
1.8420086
1.5321924
1.2076031
0.87136258
0.5267084
0.17694978
-0.17455815
-0.52443451
-0.86930627
-1.2058502
-1.530826
-1.8410929
-2.1336411
-2.4056315
-2.6544325
-2.8776442
-3.0731137
-3.238958
-3.3735831
-3.4756978
-3.5443236
-3.5788028
-3.8350007
-3.7980625
-3.7245365
-3.6151261
-3.470878
-3.2931721
-3.0837117
-2.8445112
-2.5778749
-2.2863755
-1.9728405
-1.6403219
-1.2920514
-0.93139765
-0.56183457
-0.18692359
0.18972649
0.56449589
0.93379256
1.2940701
1.6418603
1.9738217
2.2867697
2.577702
2.8438184
3.0825547
3.2916165
3.4689955
3.6129879
3.7222113
3.7956166
3.8324981
3.8325012
3.795626
3.7222271
3.6130096
3.4690224
3.2916478
3.08259
2.8438576
2.5777449
2.2868163
1.9738716
1.6419129
1.2941248
0.93384918
0.56455398
0.1897855
-0.18686425
-0.56177552
-0.9313394
-1.2919945
-1.6402671
-1.9727887
-2.2863276
-2.5778314
-2.8444726
-3.0836782
-3.2931439
-3.470855
-3.615108
-3.7245235
-3.7980547
-3.8349981
-4.1279719
-4.0882178
-4.0090861
-3.8913331
-3.7360836
-3.5448171
-3.3193593
-3.0618714
-2.774826
-2.4609963
-2.1234387
-1.7654531
-1.390531
-1.0022994
-0.60450151
-0.20096758
0.20442631
0.60778887
1.0052589
1.3930163
1.7673312
2.1246092
2.4614281
2.7745529
3.0609661
3.3179101
3.5429171
3.7338245
3.8887975
4.0063495
4.0853527
4.125047
4.1250504
4.0853632
4.0063672
3.8888216
3.7338537
3.5429507
3.3179481
3.0610082
2.7745988
2.4614777
2.1246625
1.7673875
1.393075
1.0053196
0.60785121
0.20448977
-0.20090368
-0.60443776
-1.0022363
-1.3904693
-1.7653935
-2.1233824
-2.4609443
-2.7747791
-3.0618301
-3.3193239
-3.5447876
-3.7360596
-3.8913143
-4.0090726
-4.0882097
-4.1279692
-4.4605288
-4.4175807
-4.3320913
-4.2048767
-4.0371497
-3.8305047
-3.5869037
-3.3086624
-2.9984404
-2.6592394
-2.2943786
-1.9074548
-1.5022606
-1.0827204
-0.65288083
-0.2168669
0.22114417
0.65695669
1.086398
1.5053407
1.9097584
2.2957716
2.6596863
2.9980011
3.3074513
3.5850637
3.82817
4.0344313
4.2018663
4.3288715
4.4142296
4.4571181
4.4571217
4.4142412
4.3288915
4.2018935
4.0344637
3.8282064
3.5851045
3.3074965
2.9980502
2.6597392
2.2958285
1.9098189
1.505404
1.0864635
0.65702382
0.22121253
-0.21679788
-0.65281181
-1.0826519
-1.5021933
-1.9073895
-2.2943168
-2.6591825
-2.9983895
-3.3086183
-3.5868666
-3.8304742
-4.0371248
-4.2048572
-4.3320775
-4.4175725
-4.4605261
-4.8358602
-4.7893106
-4.6966526
-4.5587694
-4.3769751
-4.1529977
-3.888948
-3.587301
-3.2509157
-2.8830371
-2.4872937
-2.067659
-1.628274
-1.1733991
-0.7074083
-0.2347577
0.24004698
0.71247293
1.1779934
1.6321279
2.0705096
2.4889496
2.883446
3.2501898
3.5856425
3.8865841
4.1501189
4.3737054
4.5552019
4.6928758
4.7854076
4.8319014
4.8319052
4.7854201
4.6928983
4.5552329
4.3737418
4.1501589
3.8866279
3.585691
3.2502424
2.8835023
2.4890105
2.0705749
1.6321966
1.1780644
0.71254552
0.24012068
-0.23468322
-0.70733361
-1.1733246
-1.6282001
-2.0675868
-2.4872249
-2.882974
-3.2508601
-3.587254
-3.8889099
-4.1529666
-4.3769493
-4.5587492
-4.6966388
-4.7893027
-4.8358576
-5.2575724
-5.2069758
-5.1062651
-4.9564045
-4.7588318
-4.5154242
-4.2284477
-3.9005478
-3.5347695
-3.1345984
-2.7040229
-2.2475387
-1.769715
-1.275149
-0.76857273
-0.25480328
0.26132171
0.77487261
1.2809348
1.7745949
2.2511301
2.7059987
3.1348572
3.5335487
3.8982204
4.2253736
4.5118571
4.7549092
4.9522062
5.10187
5.202464
5.2530092
5.2530133
5.2024772
5.1018948
4.9522402
4.7549501
4.5119013
4.2254214
3.8982725
3.5336051
3.1349174
2.7060642
2.2512008
1.7746698
1.2810121
0.77495121
0.2614011
-0.25472321
-0.76849218
-1.275068
-1.7696338
-2.247458
-2.7039448
-3.1345268
-3.5347077
-3.9004976
-4.2284091
-4.5153936
-4.7588063
-4.956384
-5.1062515
-5.2069681
-5.25757
-5.729722
-5.6745877
-5.5648535
-5.4015839
-5.1863735
-4.9212734
-4.6087201
-4.2515528
-3.8529341
-3.4164869
-2.9465589
-2.4486599
-1.9278397
-1.3888972
-0.83691501
-0.27717022
0.28515704
0.84472194
1.3962075
1.9341309
2.4533759
2.9489949
3.416314
3.8507939
4.2482048
4.6047095
4.9168674
5.181711
5.3967018
5.5597908
5.6694155
5.7245001
5.7245046
5.6694293
5.5598192
5.3967377
5.1817562
4.9169167
4.6047616
4.2482596
3.8508538
3.4163787
2.9490672
2.4534528
1.9342121
1.3962907
0.8448065
0.28524255
-0.27708404
-0.83682844
-1.3888097
-1.9277513
-2.4485695
-2.9464671
-3.4164021
-3.8528633
-4.2514993
-4.6086826
-4.9212452
-5.1863521
-5.4015641
-5.5648391
-5.6745794
-5.729719
-6.2568144
-6.1966057
-6.0767938
-5.898562
-5.6636916
-5.3744234
-5.0334154
-4.6437765
-4.2087887
-3.7318662
-3.2170437
-2.672583
-2.1038717
-1.5156442
-0.91316945
-0.30212135
0.31186016
0.92275825
1.5248395
2.1121717
2.6791748
3.2203652
3.7305966
4.2049661
4.6388795
5.0281442
5.3690032
5.6582027
5.8929654
6.071047
6.1907466
6.250894
6.2508992
6.1907616
6.0710746
5.8930014
5.6582488
5.3690541
5.0282006
4.6389397
4.2050323
3.7306685
3.220444
2.6792572
2.1122586
1.5249288
0.92284925
0.31195216
-0.30202809
-0.91307715
-1.5155519
-2.1037775
-2.6724813
-3.216928
-3.7317614
-4.2087082
-4.6437208
-5.0333799
-5.3743981
-5.6636758
-5.8985457
-6.0767796
-6.1965968
-6.2568107
-6.8436916
-6.7778289
-6.6467728
-6.4518373
-6.1950607
-5.8789528
-5.5065063
-5.0810757
-4.6063328
-4.0850777
-3.5169035
-2.9207009
-2.2993312
-1.6565973
-0.99805567
-0.32993126
0.34148205
1.0095888
1.6680439
2.3104536
2.9305953
3.5225242
4.0805691
4.5993717
5.0739358
5.4997035
5.8725156
6.1888371
6.4456227
6.6403991
6.7713201
6.837101
6.8371066
6.7713363
6.6404262
6.4456594
6.1888833
5.8725689
5.4997636
5.0740016
4.5994454
4.0806488
3.5226093
2.930686
2.3105463
1.6681403
1.0096876
0.34158222
-0.32983149
-0.9979569
-1.6565034
-2.2992345
-2.9205935
-3.5167398
-4.0849373
-4.6062447
-5.0810193
-5.5064767
-5.8789388
-6.1950525
-6.4518249
-6.6467581
-6.7778183
-6.8436877
-7.4960879
-7.4239347
-7.2803169
-7.0666943
-6.7854648
-6.4395195
-6.032335
-5.5674115
-5.0502091
-4.485045
-3.8446008
-3.1938214
-2.5160538
-1.8132819
-1.0925116
-0.3610268
0.37437229
1.1060298
1.8272081
2.5308689
3.2100893
3.8584015
4.4696158
5.0378025
5.557588
6.0239242
6.4322698
6.7787329
7.0599933
7.2733234
7.4167075
7.4887516
7.4887583
7.4167249
7.2733506
7.0600314
6.7787798
6.432326
6.0239889
5.5576599
5.0378841
4.4697049
3.8584938
3.2101919
2.5309671
1.8273164
1.1061357
0.37448167
-0.36091864
-1.0924071
-1.8131929
-2.5159621
-3.1937529
-3.8443075
-4.4848404
-5.0501339
-5.5673613
-6.0323161
-6.4395297
-6.7854713
-7.066682
-7.2802962
-7.4239203
-7.4960843
-8.2201907
-8.1410594
-7.9835757
-7.7493235
-7.4406901
-7.0607023
-6.6129678
-6.1015525
-5.5310727
-4.9052023
-4.2244707
-3.5089051
-2.7625719
-1.9904331
-1.1992502
-0.39658837
0.40989204
1.2124237
2.0033921
2.7750999
3.5200009
4.2309242
4.9011316
5.5242264
6.0942315
6.6056016
7.0533991
7.4333278
7.7417425
7.9756753
8.132891
8.2118833
8.2118895
8.1329088
7.9757038
7.7417818
7.4333776
7.0534589
6.605671
6.0943105
5.5243155
4.9012305
4.2310299
3.5201121
2.7752124
2.0035093
1.2125427
0.41001208
-0.39646933
-1.1991337
-1.9903196
-2.7624548
-3.5087756
-4.2242845
-4.9050434
-5.5309692
-6.1014814
-6.6129218
-7.0606773
-7.440675
-7.7493093
-7.9835612
-8.1410486
-8.2201871
-9.0232034
-8.9363094
-8.7633714
-8.5060922
-8.1669928
-7.7493293
-7.2570308
-6.694634
-6.067212
-5.3800242
-4.6389697
-3.8546616
-3.0347664
-2.1864711
-1.3174865
-0.43605712
0.44939904
1.3304847
2.1987951
3.0459135
3.8636081
4.6440069
5.3796919
6.0636625
6.6893251
7.2506163
7.7421346
8.159158
8.4976799
8.7544493
8.9270082
9.013708
9.0137144
8.9270269
8.7544798
8.497722
8.1592114
7.742199
7.2506914
6.6894111
6.0637596
5.3798001
4.6441241
3.8637312
3.0460402
2.1989252
1.3306169
0.44953195
-0.43592483
-1.3173553
-2.1863403
-3.0346321
-3.8545189
-4.6388144
-5.3798834
-6.0671009
-6.694548
-7.2569662
-7.7492839
-8.1669612
-8.5060697
-8.7633546
-8.9362975
-9.023199
-9.9128113
-9.8172947
-9.6271947
-9.3443612
-8.9715288
-8.5122616
-7.9709095
-7.3525492
-6.6629427
-5.908499
-5.0965133
-4.2358855
-3.3352328
-2.4030713
-1.4481716
-0.47963195
0.49329252
1.461359
2.4153087
3.3459381
4.2442557
5.1016227
5.9098627
6.6612518
7.3485511
7.9651341
8.5050647
8.9631648
9.3350382
9.6171058
9.8066656
9.9019059
9.9019126
9.8066856
9.6171387
9.3350838
8.9632229
8.5051349
7.9652163
7.3486453
6.6613579
5.9099802
5.1017505
4.2443909
3.3460783
2.4154527
1.4615056
0.49344073
-0.47948358
-1.448024
-2.4029245
-3.3350855
-4.2357368
-5.0963654
-5.9083627
-6.662826
-7.3524524
-7.9708322
-8.5122021
-8.9714844
-9.3443289
-9.6271717
-9.8172802
-9.9128062
-10.897502
-10.792446
-10.583353
-10.27225
-9.8621332
-9.3569351
-8.7614797
-8.0814323
-7.3232675
-6.49425
-5.6024875
-4.6569829
-3.6670738
-2.6423057
-1.592474
-0.52762734
0.54204369
1.60633
2.6550381
3.6780853
4.6656243
5.6081667
6.4966938
7.3226876
8.0782025
8.7559722
9.3494829
9.8530466
10.261827
10.571891
10.780267
10.884959
10.884966
10.780288
10.571927
10.261876
9.8531104
9.3495605
8.7560634
8.0783069
7.3228046
6.4968222
5.6083056
4.6657715
3.6782387
2.6551967
1.6064926
0.54220904
-0.5274609
-1.5923085
-2.6421423
-3.6669132
-4.6568259
-5.6023367
-6.4941107
-7.3231439
-8.0813264
-8.7613921
-9.3568649
-9.8620784
-10.272208
-10.583324
-10.792428
-10.897496
-11.98674
-11.871139
-11.641051
-11.298702
-10.847391
-10.291464
-9.6362627
-8.8880859
-8.0541282
-7.1424534
-6.1619613
-5.1222989
-4.0336314
-2.9064986
-1.7517436
-0.58045122
0.59615305
1.7668074
2.9202969
4.0455484
5.1317502
6.1684722
7.1457689
8.0542612
8.8852213
9.6306649
10.283435
10.837273
11.286859
11.627878
11.857052
11.972192
11.9722
11.857075
11.627916
11.286913
10.837342
10.28352
9.6307653
8.8853362
8.0543897
7.1459097
6.1686241
5.1319115
4.0457173
2.920472
1.7669875
0.59633662
-0.58026618
-1.7515597
-2.9063178
-4.0334555
-5.1221297
-6.1618014
-7.142306
-8.0539959
-8.8879709
-9.6361655
-10.291384
-10.847327
-11.298654
-11.641017
-11.871119
-11.986734
-13.191023
-13.063761
-12.810461
-12.433574
-11.936744
-11.32477
-10.603564
-9.7800912
-8.8623153
-7.8591351
-6.7803194
-5.636394
-4.4384869
-3.1981994
-1.9274926
-0.63858616
0.65615851
1.9443449
3.2136334
4.4518444
5.6470871
6.7878831
7.8632792
8.8629491
9.7772946
10.597536
11.315799
11.925195
12.419875
12.795096
13.047258
13.173948
13.173956
13.047282
12.795137
12.419934
11.92527
11.315891
10.597644
9.7774196
8.8630893
7.8634335
6.78805
5.6472652
4.4520316
3.2138279
1.9445447
0.65636156
-0.63838204
-1.9272899
-3.1980006
-4.4382941
-5.63621
-6.7801468
-7.8589764
-8.8621725
-9.7799659
-10.603457
-11.324681
-11.936672
-12.43352
-12.810423
-13.063739
-13.191016
-14.521929
-14.381778
-14.102827
-13.687775
-13.140651
-12.466755
-11.672614
-10.765922
-9.7554735
-8.6510789
-7.4634789
-6.2042245
-4.8855433
-3.5202053
-2.1213928
-0.70257299
0.72264882
2.1406488
3.5378518
4.9008483
6.2165488
7.4723123
8.6560762
9.7564718
10.762934
11.665803
12.456414
13.12718
13.671673
14.084675
14.362232
14.501683
14.501691
14.362258
14.08472
13.671735
13.127261
12.456513
11.66592
10.76307
9.7566243
8.6562448
7.4724957
6.2167453
4.9010557
3.5380676
2.1408702
0.72287343
-0.7023478
-2.1211696
-3.5199867
-4.885332
-6.2040236
-7.4632911
-8.6509066
-9.7553184
-10.765786
-11.672497
-12.466657
-13.140573
-13.687715
-14.102784
-14.381753
-14.52192
-15.992287
-15.837899
-15.530608
-15.073398
-14.470712
-13.728402
-12.853672
-11.855015
-10.742134
-9.5258462
-8.217976
-6.8312329
-5.3790775
-3.875582
-2.3352737
-0.77300281
0.79626489
2.3575874
3.8960359
5.3968332
6.84556
8.2282876
9.5317277
10.743358
11.851548
12.845661
13.716159
14.454695
15.054192
15.508914
15.814507
15.968044
15.968053
15.814535
15.508961
15.054258
14.454781
13.716265
12.845787
11.851694
10.743524
9.5319121
8.228489
6.8457766
5.3970626
3.8962751
2.357833
0.79651382
-0.77275351
-2.3350269
-3.8753407
-5.378845
-6.8310126
-8.2177708
-9.5256585
-10.741966
-11.854867
-12.853545
-13.728296
-14.470627
-15.073333
-15.530562
-15.837871
-15.992278
-17.616351
-17.446231
-17.107634
-16.603851
-15.939783
-15.121888
-14.158118
-13.057845
-11.831772
-10.491825
-9.0510369
-7.5234135
-5.9237889
-4.2676872
-2.5711254
-0.85050825
0.87770926
2.5972115
4.2915881
5.944522
7.5401227
9.0630304
10.498602
11.833043
13.053539
14.148381
15.107069
15.920413
16.580629
17.0814
17.417937
17.58702
17.58703
17.417966
17.08145
16.580699
15.920505
15.107182
14.148517
13.053697
11.833223
10.498804
9.0632522
7.5403622
5.9447762
4.2918536
2.5974843
0.87798553
-0.85023173
-2.5708517
-4.2674199
-5.923532
-7.5231709
-9.0508118
-10.49162
-11.831589
-13.057685
-14.157982
-15.121774
-15.939692
-16.603782
-17.107585
-17.446202
-17.616342
-19.409963
-19.222462
-18.849276
-18.294039
-17.562157
-16.660758
-15.598619
-14.386074
-13.034934
-11.558348
-9.9706944
-8.2874188
-6.5248762
-4.7002223
-2.8311138
-0.9357596
0.96774468
2.861769
4.728271
6.549147
8.3068937
9.9845534
11.56599
13.036004
14.380469
15.58649
16.642507
17.538412
18.265633
18.817222
19.187906
19.374146
19.374156
19.187937
18.817273
18.265707
17.538508
16.642627
15.586635
14.380639
13.036201
11.566211
9.9847979
8.3071591
6.5494295
4.7285666
2.8620725
0.96805148
-0.93545271
-2.8308097
-4.6999253
-6.5245915
-8.2871508
-9.9704471
-11.558124
-13.034736
-14.385902
-15.598473
-16.660638
-17.562061
-18.293966
-18.849225
-19.222432
-19.409953
-21.390381
-21.183683
-20.772292
-20.160219
-19.353435
-18.359801
-17.189007
-15.852443
-14.363151
-12.735619
-10.985723
-9.1304994
-7.1879877
-5.1771976
-3.1175415
-1.0294435
1.0671626
3.153672
5.210212
7.2164858
9.1532526
11.001735
12.744159
14.363776
15.845015
17.173698
18.337094
19.32408
20.125221
20.732869
21.141225
21.346396
21.346406
21.141255
20.732922
20.125296
19.32418
18.33722
17.173852
15.845197
14.363989
12.744401
11.002004
9.1535475
7.2168009
5.2105426
3.1540103
1.0675033
-1.0291031
-3.1172028
-5.1768662
-7.187671
-9.1302023
-10.985451
-12.735374
-14.362936
-15.852259
-17.188852
-18.359675
-19.353335
-20.160144
-20.77224
-21.183652
-21.390371
-23.575027
-23.347137
-22.893573
-22.218762
-21.329296
-20.233847
-18.943102
-17.469627
-15.827839
-14.033693
-12.104729
-10.059742
-7.918589
-5.7023863
-3.4324002
-1.1319804
1.176857
3.4753476
5.7415637
7.95233
10.086551
12.123389
14.043303
15.827846
17.459851
18.923739
20.205478
21.29284
22.175436
22.844856
23.29472
23.520756
23.520766
23.29475
22.844909
22.175512
21.292942
20.205608
18.923901
17.460045
15.828076
14.043567
12.123687
10.08688
7.9526829
5.7419354
3.4757259
1.1772346
-1.1316039
-3.4320219
-5.7020142
-7.9182346
-10.059411
-12.104428
-14.033426
-15.827608
-17.469431
-18.942939
-20.233717
-21.329194
-22.218687
-22.893522
-23.347107
-23.575018
-25.985138
-25.733816
-25.233617
-24.48943
-23.508539
-22.300505
-20.877164
-19.252382
-17.442123
-15.46391
-13.337175
-11.082648
-8.7220954
-6.2791217
-3.7766878
-1.2427773
1.2980064
3.8294637
6.3271473
8.7634344
11.115397
13.359856
15.475379
17.441676
19.239785
20.852627
22.264722
23.462642
24.434949
25.172395
25.667948
25.916905
25.916915
25.667976
25.172446
24.435023
23.462744
22.264854
20.852796
19.239989
17.441922
15.475667
13.360184
11.115765
8.7638319
6.3275696
3.8298889
1.2984218
-1.242365
-3.7762632
-6.2786997
-8.7216963
-11.082277
-13.336844
-15.463618
-17.441873
-19.252175
-20.876995
-22.300373
-23.508438
-24.489357
-25.233569
-25.733787
-25.98513
-26.699961
-26.46026
-25.982148
-25.268114
-24.322176
-23.149499
-21.757224
-20.153425
-18.348966
-16.355104
-14.18654
-11.859332
-9.3900635
-6.8024011
-4.111811
-1.3552356
1.4311335
4.2223592
6.9811053
9.6676997
12.263004
14.738425
17.071743
19.240482
21.223296
23.001977
24.559029
25.879957
26.95203
27.765151
28.31153
28.586012
28.586022
28.311554
27.765199
26.952094
25.880061
24.559153
23.002153
21.223504
19.240746
17.072056
14.738784
12.263423
9.6681453
6.9816006
4.2228432
1.4315812
-1.3548052
-4.111335
-6.8019262
-9.3896329
-11.858937
-14.186198
-16.354816
-18.348721
-20.15324
-21.757068
-23.149396
-24.322088
-25.268066
-25.982107
-26.460246
-26.699954
28.556539
28.282362
27.736553
26.92428
25.853332
24.533756
22.978318
21.201466
19.22072
17.05425
14.723373
12.250558
9.6579528
6.9741736
4.2182634
1.4298934
-1.3535579
-4.1071795
-6.7948805
-9.3797693
-11.846343
-14.171004
-16.337157
-18.328775
-20.13118
-21.733113
-23.123769
-24.295062
-25.239903
-25.953105
-26.430655
-26.670093
-26.67009
-26.430681
-25.953132
-25.23996
-24.295137
-23.123875
-21.733256
-20.131361
-18.329003
-16.337437
-14.171329
-11.846731
-9.3801861
-6.7953501
-4.1076438
-1.3539916
1.4294714
4.2177903
6.9736948
9.6575161
12.250149
14.723021
17.053942
19.220463
21.20126
22.978151
24.533634
25.853239
26.924216
27.736513
28.282336
28.556538
25.887185
25.638529
25.143554
24.406961
23.435774
22.239226
20.82875
19.217756
17.421718
15.457692
13.344615
11.102756
8.753509
6.320036
3.8252243
1.296679
-1.2411564
-3.7721101
-6.2716306
-8.7117731
-11.06959
-13.321513
-15.44579
-17.421717
-19.229884
-20.852784
-22.27448
-23.481124
-24.460898
-25.204243
-25.703881
-25.954933
-25.954942
-25.703908
-25.204291
-24.460967
-23.481221
-22.274606
-20.852946
-19.230082
-17.421956
-15.44607
-13.321833
-11.06995
-8.7121609
-6.272043
-3.7725246
-1.2415604
1.2962788
3.8248123
6.3196267
8.7531221
11.102397
13.344294
15.457411
17.421478
19.217557
20.828588
22.2391
23.435677
24.406891
25.143507
25.638501
25.887178
23.490508
23.264776
22.815498
22.146942
21.26548
20.179512
18.899416
17.437403
15.807494
14.025248
12.107808
10.073597
7.9421283
5.7342159
3.4709243
1.1754072
-1.1304265
-3.4278405
-5.6948561
-7.9081587
-10.046506
-12.088815
-14.015253
-15.807051
-17.446691
-18.918239
-20.207304
-21.301333
-22.189659
-22.863611
-23.316604
-23.544218
-23.544228
-23.316633
-22.863661
-22.18973
-21.301431
-20.207428
-18.918395
-17.446878
-15.807273
-14.015509
-12.089104
-10.046826
-7.9085013
-5.6952172
-3.4282076
-1.1307924
1.1750428
3.4705583
5.7338561
7.9417859
10.073278
12.107519
14.024991
15.807272
17.437214
18.89926
20.179387
21.265383
22.14687
22.815449
23.264747
23.490499
21.315339
21.110478
20.70272
20.095954
19.295971
18.31041
17.148694
15.821929
14.342831
12.725558
10.985659
9.1398599
7.2059074
5.2025549
3.1490154
1.0655619
-1.0279571
-3.1129648
-5.1695606
-7.1773535
-9.1169609
-10.969407
-12.716682
-14.341778
-15.828846
-17.163419
-18.332479
-19.324652
-20.130262
-20.741454
-21.152261
-21.358677
-21.358686
-21.15229
-20.741504
-20.130333
-19.324746
-18.332599
-17.163566
-15.829021
-14.341982
-12.716915
-10.969666
-9.1172455
-7.1776577
-5.1698797
-3.1132913
-1.0282857
1.0652338
3.1486892
5.2022359
7.2056027
9.1395745
10.985398
12.725324
14.342625
15.821752
17.148546
18.310289
19.295876
20.095882
20.702671
21.110449
21.315329
19.341991
19.15607
18.786
18.235318
17.509288
16.614852
15.560568
14.356524
13.014264
11.546662
9.9678246
8.2929284
6.5380839
4.7202235
2.8568235
0.96596239
-0.934343
-2.8264908
-4.6924166
-6.5139446
-8.273452
-9.9538198
-11.538729
-13.012766
-14.361579
-15.572048
-16.632384
-17.53227
-18.262938
-18.817267
-19.189852
-19.377062
-19.377072
-19.189881
-18.817315
-18.263007
-17.532361
-16.632498
-15.572186
-14.361742
-13.012953
-11.53894
-9.954054
-8.2737064
-6.5142155
-4.6927001
-2.8267817
-0.93463708
0.96566834
2.8565323
4.7199392
6.5378117
8.2926724
9.9675887
11.546449
13.014074
14.35636
15.560428
16.614737
17.509196
18.235248
18.785952
19.156041
19.341981
17.553457
17.384706
17.04881
16.548981
15.890002
15.078182
14.121295
13.028506
11.810298
10.47836
9.0454849
7.5254456
5.9328602
4.2830624
2.5919152
0.87570959
-0.84916957
-2.5664337
-4.2596577
-5.9124707
-7.5088933
-9.0334431
-10.471328
-11.808581
-13.032201
-14.130293
-15.092176
-15.908495
-16.571303
-17.074144
-17.412122
-17.581943
-17.581952
-17.412149
-17.07419
-16.571368
-15.908581
-15.092283
-14.130421
-13.032351
-11.808752
-10.47152
-9.0336537
-7.5091209
-5.9127124
-4.2599102
-2.5666932
-0.84943246
0.87544648
2.5916549
4.2828084
5.9326165
7.5252156
9.0452717
10.478166
11.810125
13.028355
14.121165
15.078074
15.889915
16.548914
17.048763
17.384678
17.553447
15.932747
15.77956
15.474644
15.020913
14.422711
13.685771
12.817156
11.825193
10.719397
9.5103814
8.2097596
6.83003
5.3844563
3.8869403
2.3518731
0.79400548
-0.771758
-2.3305002
-3.8672833
-5.3672908
-6.8160359
-8.1994953
-9.5042613
-10.717672
-11.827945
-12.824297
-13.697047
-14.437712
-15.039085
-15.495316
-15.801965
-15.956046
-15.956055
-15.801991
-15.49536
-15.039147
-14.437792
-13.697146
-12.824415
-11.828083
-10.717828
-9.5044346
-8.1996848
-6.8162398
-5.3675066
-3.8675084
-2.3307316
-0.7719928
0.79377016
2.3516402
3.886713
5.3842377
6.8298231
8.209567
9.5102052
10.719238
11.825053
12.817036
13.68567
14.422629
15.02085
15.474599
15.779534
15.932738
14.464329
14.325244
14.0484
13.636445
13.093324
12.424244
11.635618
10.735015
9.7310737
8.6334333
7.4526347
6.2000237
4.8876384
3.5280919
2.1344451
0.72008144
-0.70144538
-2.1165335
-3.5116014
-4.873212
-6.1882263
-7.4439303
-8.6281662
-9.7294549
-10.737114
-11.641365
-12.433427
-13.105606
-13.651368
-14.065407
-14.343699
-14.483531
-14.483539
-14.343723
-14.065448
-13.651425
-13.10568
-12.433519
-11.641473
-10.737239
-9.7295964
-8.628323
-7.444101
-6.1884093
-4.8734051
-3.5118022
-2.1167396
-0.70165473
0.719871
2.1342363
3.5278877
4.8874417
6.1998372
7.4524606
8.6332734
9.7309292
10.734886
11.635507
12.42415
13.093248
13.636386
14.048358
14.325219
14.46432
13.134198
13.007887
12.756471
12.382364
11.88915
11.281552
10.565397
9.7475592
8.8358869
7.8391345
6.7668762
5.6294126
4.4376719
3.2031064
1.937574
0.65322852
-0.63760708
-1.9225535
-3.1892657
-4.425546
-5.6194709
-6.7595074
-7.8346257
-8.8344145
-9.7491873
-10.570075
-11.289107
-11.8993
-12.394731
-12.770586
-13.023211
-13.150146
-13.150153
-13.023234
-12.770624
-12.394784
-11.899369
-11.28919
-10.570173
-9.7493009
-8.8345426
-7.8347673
-6.7596613
-5.6196356
-4.4257193
-3.1894456
-1.9227376
-0.63779415
0.65303999
1.9373863
3.2029224
4.4374944
5.6292439
6.7667185
7.8389894
8.8357551
9.7474416
10.565295
11.281465
11.889079
12.382309
12.756432
13.007863
13.13419
11.929662
11.814925
11.586548
11.246722
10.798709
10.246798
9.5962809
8.8534001
8.0252852
7.1198944
6.1459283
5.1127442
4.0302621
2.9088846
1.7593825
0.59279689
-0.57966674
-1.7467534
-2.8972409
-4.0200514
-5.1043603
-6.1396969
-7.1160498
-8.0239739
-8.8546803
-9.6001221
-10.253061
-10.807166
-11.257055
-11.598359
-11.827756
-11.943017
-11.943024
-11.827777
-11.598394
-11.257104
-10.807228
-10.253137
-9.600211
-8.8547827
-8.024089
-7.1161769
-6.1398351
-5.1045084
-4.0202078
-2.8974033
-1.7469198
-0.57983557
0.59262698
1.7592134
2.9087187
4.0301019
5.1125918
6.1457857
7.1197628
8.0251651
8.8532923
9.5961862
10.246718
10.798643
11.246671
11.586511
11.814903
11.929654
10.839261
10.735009
10.527495
10.218709
9.8116171
9.3101208
8.7190279
8.0440091
7.2915379
6.4688529
5.5838695
4.6450899
3.6615232
2.6426192
1.5981663
0.53819358
-0.52710536
-1.5874951
-2.6327747
-3.6528901
-4.6380015
-5.578593
-6.4655774
-7.2903849
-8.0450318
-8.7222052
-9.3153491
-9.8187119
-10.227405
-10.537453
-10.74584
-10.850544
-10.85055
-10.745859
-10.537485
-10.22745
-9.8187685
-9.315417
-8.7222851
-8.0451238
-7.2904882
-6.4656913
-5.5787166
-4.6381344
-3.6530309
-2.6329217
-1.5876462
-0.5272585
0.53804015
1.5980142
2.6424703
3.661379
4.6449525
5.5837408
6.4687343
7.2914297
8.0439111
8.718941
9.3100461
9.811556
10.218661
10.527461
10.734988
10.839254
9.8526515
9.7578809
9.569239
9.2885406
8.918482
8.4626093
7.9252951
7.31169
6.6276705
5.8798215
5.0753498
4.2219903
3.3279415
2.4017747
1.4523798
0.48887281
-0.47946106
-1.4432895
-2.3933751
-3.3205877
-4.2159628
-5.0708454
-5.877005
-6.626651
-7.3125096
-7.9279391
-8.4670104
-8.9244964
-9.2959416
-9.5777352
-9.7671347
-9.8622989
-9.8623049
-9.7671525
-9.5777648
-9.2959825
-8.9245477
-8.4670717
-7.9280105
-7.3125916
-6.6267436
-5.8771071
-5.0709558
-4.2160811
-3.3207135
-2.3935068
-1.4434252
-0.47959855
0.48873535
1.4522437
2.4016413
3.3278122
4.221867
5.0752342
5.8797152
6.6275737
7.3116022
7.9252165
8.4625412
8.9184261
9.2884968
9.5692074
9.7578618
9.8526451
8.9604274
8.8742282
8.7026562
8.4473661
8.1108105
7.6962081
7.2075318
6.6494622
6.0273519
5.3471806
4.6155127
3.8394139
3.0263347
2.1840502
1.3206137
0.44434062
-0.43628709
-1.3127867
-2.1767939
-3.0200043
-3.8342386
-4.6116331
-5.3447263
-6.0264366
-6.6501176
-7.2097433
-7.6999418
-8.1159747
-8.453772
-8.7100387
-8.8822871
-8.968837
-8.9688427
-8.8823029
-8.7100649
-8.4538081
-8.1160201
-7.6999959
-7.209806
-6.6501901
-6.0265192
-5.344818
-4.6117318
-3.8343437
-3.0201159
-2.1769112
-1.3129075
-0.43640943
0.44421818
1.3204925
2.1839313
3.0262194
3.8393035
4.6154092
5.3470853
6.0272652
6.6493837
7.2074617
7.6961476
8.1107595
8.4473254
8.7026264
8.8742102
8.9604214
8.1540709
8.0756258
7.9194907
7.6871734
7.3808975
7.0035913
6.5588635
6.0509901
5.4848365
4.8658414
4.1999868
3.4937333
2.7538279
1.9873569
1.2016023
0.40416687
-0.39718563
-1.1947806
-1.980988
-2.7482934
-3.4891995
-4.1965816
-4.8636512
-5.4839884
-6.0514987
-6.560738
-7.0067973
-7.3854033
-7.6928175
-7.9260422
-8.0828052
-8.1615729
-8.1615795
-8.0828191
-7.9260646
-7.6928479
-7.385442
-7.0068435
-6.5607919
-6.0515623
-5.4840622
-4.8637347
-4.1966698
-3.489294
-2.7483925
-1.9810926
-1.1948886
-0.39729448
0.40405709
1.2014936
1.9872502
2.7537243
3.4936341
4.1998936
4.8657554
5.4847582
6.05092
6.5588018
7.0035377
7.3808506
7.6871359
7.9194624
8.0756085
8.1540652
7.4258846
7.3544507
7.2122564
7.0006859
6.7217364
6.3781072
5.9730695
5.5105409
4.9949393
4.4312259
3.8248364
3.1816696
2.5077813
1.8097626
1.094185
0.3679907
-0.36175868
-1.0881751
-1.8041113
-2.5028472
-3.1775238
-3.8217578
-4.4291759
-4.994089
-5.5108843
-5.9747283
-6.3809281
-6.7257724
-7.0057679
-7.2182234
-7.3610306
-7.4327836
-7.4327964
-7.3610412
-7.2182409
-7.005791
-6.7258032
-6.3809658
-5.974773
-5.5109407
-4.9941523
-4.429252
-3.8218331
-3.1776119
-2.5029354
-1.8042053
-1.0882731
-0.36185802
0.36789068
1.0940864
1.8096655
2.5076878
3.1815799
3.8247518
4.4311476
4.9948674
5.5104775
5.9730131
6.3780585
6.7216941
7.0006527
7.2122304
7.354435
7.425879
6.7687124
6.7036013
6.5739921
6.3811296
6.1268473
5.8136064
5.4443962
5.0227879
4.5528086
4.0389884
3.486267
2.8999758
2.2857269
1.6494425
0.99719493
0.33529047
-0.32989689
-0.99198187
-1.6445848
-2.2814371
-2.8963886
-3.4835381
-4.0371924
-4.5520531
-5.0230997
-5.4458297
-5.8160912
-6.1303754
-6.3855705
-6.5791997
-6.7093552
-6.774754
-6.7747601
-6.7093655
-6.5792144
-6.3855899
-6.1304012
-5.8161235
-5.4458698
-5.0231481
-4.5521099
-4.0372581
-3.4836086
-2.896466
-2.2815178
-1.6446698
-0.99207038
-0.32998689
0.33519945
0.99710503
1.6493543
2.2856415
2.899894
3.4861897
4.0389162
4.5527428
5.0227288
5.4443442
5.8135618
6.1268095
6.3810995
6.5739697
6.7035877
6.7687077
6.1763653
6.1169468
5.9986749
5.8226717
5.5906347
5.3047856
4.9678715
4.5831542
4.1543081
3.68545
3.1811014
2.646096
2.0855828
1.5049763
0.90980998
0.30585275
-0.301125
-0.90524604
-1.5007337
-2.0818135
-2.6429273
-3.1786592
-3.6838271
-4.153604
-4.5833967
-4.9691103
-5.3069787
-5.5937512
-5.8266195
-6.0033157
-6.1220921
-6.1817738
-6.1817808
-6.122102
-6.0033266
-5.826634
-5.5937715
-5.3070055
-4.9691443
-4.5834379
-4.1536534
-3.6838843
-3.1787219
-2.6429963
-2.0818863
-1.5008104
-0.90532565
-0.30120652
0.30577044
0.90972823
1.504896
2.0855047
2.646021
3.18103
3.6853834
4.1542471
4.5830991
4.9678237
5.3047448
5.5906006
5.8226451
5.9986554
6.116935
6.1763611
5.6431853
5.5888891
5.4808163
5.3199967
5.1079729
4.8467874
4.5389493
4.1874407
3.7956246
3.3672297
2.9064307
2.4175863
1.9054426
1.3749927
0.83116493
0.27940156
-0.27520253
-0.82710369
-1.3712307
-1.9020734
-2.4147384
-2.9042009
-3.3657003
-3.7949537
-4.1875731
-4.5400075
-4.8487148
-5.1107636
-5.3235772
-5.4850516
-5.5936282
-5.6481751
-5.6481937
-5.59364
-5.4850568
-5.3235838
-5.1107777
-4.848736
-4.5400351
-4.187607
-3.7949962
-3.3657512
-2.9042546
-2.4148009
-1.9021384
-1.3713002
-0.82717487
-0.27527675
0.27932716
0.83109054
1.3749194
1.905371
2.4175179
2.9063645
3.3671675
3.795569
4.1873889
4.5389054
4.8467501
5.1079417
5.3199733
5.4807993
5.5888787
5.6431815
5.1639105
5.1142196
5.0153117
4.8681352
4.6741062
4.4350924
4.1533818
3.8317056
3.473165
3.0811687
2.6594745
2.2121179
1.7434506
1.2580264
0.76044703
0.25550478
-0.25199653
-0.75706596
-1.2548884
-1.7406597
-2.2097737
-2.657654
-3.0799431
-3.4726257
-3.8318926
-4.1543268
-4.4367613
-4.6764742
-4.8711313
-5.0188184
-5.1180944
-5.167977
-5.1679822
-5.1181014
-5.0188258
-4.8711436
-4.6764919
-4.4367832
-4.1543539
-3.8319256
-3.472665
-3.0799887
-2.6577048
-2.2098301
-1.7407196
-1.2549515
-0.75713131
-0.25206366
0.25543676
0.76037897
1.2579592
1.7433852
2.2120552
2.6594142
3.0811115
3.4731128
3.8316583
4.1533412
4.4350575
4.6740781
4.8681145
5.0152971
5.1142108
5.1639074
4.7341806
4.6886188
4.5979306
4.46299
4.2851021
4.0659814
3.8077223
3.5128046
3.1840628
2.8246497
2.4380249
2.0279169
1.5982745
1.1532116
0.69700878
0.23407965
-0.23114652
-0.69419095
-1.1505971
-1.5959475
-2.0259719
-2.4365399
-2.8236822
-3.1836625
-3.5130031
-3.8085351
-4.0673986
-4.2870985
-4.465499
-4.6008482
-4.6918216
-4.7375311
-4.7375336
-4.6918275
-4.6008577
-4.4655132
-4.2871167
-4.0674197
-3.8085603
-3.5130343
-3.1836999
-2.823725
-2.436587
-2.0260228
-1.5960022
-1.1506551
-0.69425094
-0.23120792
0.23401752
0.69694667
1.1531502
1.5982144
2.0278589
2.4379699
2.8245981
3.1840158
3.5127616
3.8076834
4.0659477
4.2850756
4.4629708
4.5979175
4.6886112
4.7341781
4.3499639
4.3080965
4.2247641
4.1007724
3.9373186
3.7359754
3.4986688
3.2276695
2.9255813
2.5953167
2.2400625
1.8632446
1.4684647
1.0595024
0.64031689
0.21495963
-0.21249802
-0.63796943
-1.0573319
-1.4665266
-1.8616255
-2.2388487
-2.5945547
-2.9252932
-3.227869
-3.4993665
-3.7371729
-3.938993
-4.1028666
-4.2271919
-4.3107544
-4.3527404
-4.3527425
-4.3107604
-4.227202
-4.1028809
-3.9390108
-3.7371936
-3.4993906
-3.2278982
-2.9253281
-2.5945947
-2.2388924
-1.8616724
-1.4665767
-1.057385
-0.6380244
-0.21255428
0.21490271
0.64025998
1.0594461
1.4684095
1.8631913
2.240012
2.5952697
2.9255383
3.2276302
3.4986329
3.7359445
3.9372938
4.1007535
4.2247512
4.3080895
4.3499618
4.0068977
3.9683322
3.8915715
3.777356
3.6267847
3.4413055
3.2226966
2.9730545
2.6947802
2.3905525
2.063308
1.7161955
1.3525353
0.97582555
0.58970056
0.19788684
-0.19587598
-0.58777327
-0.97404924
-1.3509591
-1.7148846
-2.0623251
-2.3899436
-2.6945734
-2.973254
-3.2233042
-3.4423119
-3.6281664
-3.7790714
-3.8935587
-3.9705099
-4.0091745
-4.0091766
-3.9705161
-3.8935687
-3.7790849
-3.6281831
-3.4423316
-3.2233276
-2.9732819
-2.6946065
-2.3899812
-2.0623654
-1.7149278
-1.3510055
-0.9740982
-0.58782393
-0.19592786
0.19783443
0.58964813
0.97577373
1.3524847
1.7161468
2.0632616
2.390509
2.6947404
2.9730183
3.2226644
3.441278
3.6267623
3.7773378
3.8915586
3.9683249
4.0068955
3.6985748
3.6629832
3.5921399
3.4867244
3.3477478
3.1765435
2.9747607
2.744346
2.4875121
2.206715
1.9046517
1.5842358
1.248563
0.9008521
0.5444211
0.18272505
-0.18070591
-0.54246377
-0.89904861
-1.2469999
-1.5829483
-1.9036723
-2.2061045
-2.4873206
-2.7445913
-2.9754186
-3.1775784
-3.3491321
-3.4884247
-3.5941019
-3.6651331
-3.7008238
-3.7008258
-3.6651392
-3.5941113
-3.4884369
-3.3491472
-3.1775967
-2.9754403
-2.7446177
-2.4873517
-2.2061389
-1.9037093
-1.5829877
-1.2470422
-0.89909323
-0.54250984
-0.18075289
0.18267722
0.54437329
0.90080493
1.248517
1.5841918
1.9046098
2.2066757
2.4874754
2.7443128
2.9747319
3.1765197
3.347728
3.4867084
3.592128
3.662976
3.6985721
3.4643217
3.4309679
3.364578
3.2657866
3.1355405
2.9750923
2.7859916
2.5700694
2.3294142
2.0663397
1.7833429
1.4831519
1.1686956
0.84300935
0.50919215
0.17043794
-0.1700034
-0.508743
-0.84260362
-1.1683748
-1.4828813
-1.7831102
-2.0661901
-2.3294032
-2.5701862
-2.7862013
-2.9753808
-3.1359063
-3.2662364
-3.3651141
-3.4315734
-3.4649659
-3.4649681
-3.4315798
-3.3651241
-3.2662491
-3.1359216
-2.9753994
-2.7862241
-2.5702137
-2.3294353
-2.0662255
-1.7831474
-1.4829212
-1.1684177
-0.8426487
-0.50878934
-0.17005057
0.17039067
0.50914478
0.84296245
1.16865
1.4831083
1.7833014
2.0663
2.329378
2.5700373
2.7859639
2.9750693
3.1355216
3.2657707
3.3645654
3.43096
3.4643193
3.0874171
3.0577347
2.9986493
2.910724
2.7947972
2.6519782
2.4836379
2.2914073
2.0771375
1.8428509
1.5907797
1.3233549
1.0431828
0.75294663
0.45539246
0.15339018
-0.15005382
-0.45214618
-0.74996122
-1.0406066
-1.32125
-1.5891859
-1.8418692
-2.0768515
-2.2918321
-2.4847251
-2.6536641
-2.7970301
-2.913442
-3.0017626
-3.0611261
-3.0909536
-3.0909552
-3.0611308
-3.0017701
-2.9134514
-2.7970406
-2.653677
-2.4847421
-2.2918529
-2.0768755
-1.8418958
-1.5892141
-1.32128
-1.0406387
-0.74999495
-0.4521808
-0.15008902
0.15335419
0.45535647
0.75291108
1.0431483
1.3233221
1.5907487
1.8428215
2.0771097
2.2913825
2.4836171
2.6519612
2.7947834
2.9107127
2.9986407
3.0577289
3.0874148
3.2941942
3.2624362
3.1992226
3.1051619
2.9811663
2.8284356
2.6484423
2.4429363
2.2139152
1.9635851
1.6943407
1.4087809
1.1096932
0.79997539
0.48258016
0.16053693
-0.16306951
-0.48498669
-0.80220344
-1.1116827
-1.4104125
-1.6955292
-1.9643194
-2.2142048
-2.4427646
-2.6477887
-2.8273137
-2.9796291
-3.1032844
-3.1970901
-3.2601365
-3.2918136
-3.2918162
-3.2601441
-3.197102
-3.1032994
-2.9796463
-2.8273342
-2.6478153
-2.4427975
-2.214242
-1.9643596
-1.6955716
-1.4104576
-1.1117307
-0.80225345
-0.48503778
-0.16312126
0.16048524
0.48252846
0.7999242
1.1096433
1.4087329
1.6942953
1.963543
2.2138766
2.4429019
2.6484122
2.8284096
2.9811449
3.1051452
3.19921
3.2624282
3.2941916
2.1476017
2.1270039
2.0860023
2.0249875
1.9445403
1.845419
1.7285626
1.5950825
1.4462576
1.2835021
1.1083501
0.92247442
0.72766438
0.52579793
0.31878165
0.10861014
-0.10263885
-0.31303033
-0.52050598
-0.72305288
-0.91869972
-1.1055475
-1.2817971
-1.4457406
-1.5957735
-1.7304216
-1.8483685
-1.9484718
-2.0297626
-2.0914475
-2.1329132
-2.1537485
-2.1537493
-2.1329154
-2.091451
-2.0297661
-1.9484742
-1.8483721
-1.7304277
-1.5957826
-1.4457514
-1.2818087
-1.1055598
-0.91871283
-0.72306717
-0.52052091
-0.31304556
-0.1026543
0.10859396
0.31876528
0.52578162
0.72764827
0.92245892
1.1083359
1.283489
1.446246
1.5950722
1.7285533
1.8454109
1.9445337
2.0249826
2.085999
2.1270019
2.1476008
3.9760745
3.9377057
3.8613361
3.7477072
3.5979257
3.4134452
3.1960481
2.9478454
2.671251
2.3689463
2.0438548
1.6991067
1.3380417
0.96416778
0.58108916
0.19246698
-0.19798394
-0.586391
-0.96906077
-1.3423376
-1.702631
-2.0464729
-2.3705731
-2.6718274
-2.9473457
-3.194486
-3.4108792
-3.5944612
-3.7434848
-3.8565225
-3.9324885
-3.9706557
-3.970659
-3.9324985
-3.8565389
-3.7435072
-3.5944883
-3.4109113
-3.1945249
-2.947391
-2.6718779
-2.3706281
-2.0465318
-1.7026935
-1.3424032
-0.96912858
-0.58646023
-0.19805406
0.19239694
0.58101953
0.96409924
1.337975
1.6990424
2.0437938
2.36889
2.6711995
2.9477988
3.1960069
3.4134095
3.5978961
3.7476843
3.8613197
3.9376956
3.9760711
0.22455445
0.22250364
0.21841815
0.2123288
0.20428205
0.19434039
0.18257891
0.16909192
0.15398943
0.13739433
0.11944214
0.1002799
0.08007826
0.059018994
0.037294872
0.01510341
-0.0073228125
-0.029818785
-0.052139017
-0.074058594
-0.095354468
-0.11580509
-0.13519405
-0.15331451
-0.16996983
-0.18497772
-0.19817027
-0.20940003
-0.21854305
-0.22549478
-0.23017473
-0.23252804
-0.23252711
-0.23017196
-0.22549009
-0.2185363
-0.2093913
-0.19815967
-0.18496612
-0.16995719
-0.15330098
-0.13517975
-0.11578991
-0.095338555
-0.074042057
-0.05212207
-0.029801552
-0.0073055532
0.015120318
0.03731147
0.059035211
0.080094026
0.10029512
0.11945657
0.13740802
0.15400209
0.16910356
0.18258939
0.19434946
0.20428977
0.21233511
0.21842273
0.22250629
0.22455524
6.2683579
6.2079011
6.0875679
5.9085245
5.6725059
5.3817975
5.0392146
4.6480744
4.2121634
3.7356987
3.2232842
2.6798715
2.1107111
1.5213002
0.91732365
0.30459793
-0.31099077
-0.92347088
-1.5269662
-2.1156773
-2.6839463
-3.2263116
-3.7375647
-4.2127979
-4.6474517
-5.037358
-5.3787786
-5.6684428
-5.9035765
-6.0819281
-6.2017886
-6.2620098
-6.262015
-6.201804
-6.0819535
-5.9036116
-5.6684871
-5.3788321
-5.0374203
-4.6475225
-4.2128765
-3.7376504
-3.2264035
-2.6840434
-2.1157789
-1.5270711
-0.92357811
-0.31109921
0.3044895
0.91721611
1.5211946
2.1106085
2.6797729
3.2231908
3.7356114
4.212083
4.6480017
5.0391503
5.3817421
5.6724599
5.9084884
6.0875419
6.2078853
6.2683526
-3.5557323
-3.5213874
-3.4530289
-3.3513233
-3.2172615
-3.0521491
-2.8575935
-2.6354871
-2.3879896
-2.1175058
-1.8266616
-1.5182777
-1.1953411
-0.86097817
-0.51842338
-0.17098541
0.17799156
0.52515477
0.86717162
1.2007543
1.5226982
1.8299146
2.1194606
2.3885659
2.6346584
2.8553877
3.0486472
3.212594
3.3456653
3.4465939
3.5144191
3.5484955
3.548499
3.5144295
3.4466113
3.3456894
3.2126246
3.0486842
2.8554305
2.6347066
2.3886192
2.1195184
1.8299764
1.5227635
1.2008224
0.86724186
0.52522648
0.17806401
-0.17091303
-0.51835168
-0.86090784
-1.1952728
-1.5182121
-1.8265994
-2.1174475
-2.3879358
-2.6354383
-2.8575502
-3.0521117
-3.2172303
-3.3512987
-3.4530112
-3.5213767
-3.5557287
10.863921
10.759236
10.550868
10.240828
9.8321101
9.3286602
8.7353387
8.0578726
7.3027994
6.4774036
5.5896472
4.648093
3.6618211
2.64034
1.5934979
0.53139493
-0.53573869
-1.5976729
-2.644184
-3.6651845
-4.6508442
-5.5916786
-6.4786364
-7.3031854
-8.0573951
-8.7340138
-9.3265375
-9.8292711
-10.237383
-10.546951
-10.755001
-10.859532
-10.85954
-10.755026
-10.546993
-10.23744
-9.8293437
-9.3266249
-8.7341155
-8.0575103
-7.3033131
-6.4787755
-5.5918276
-4.6510016
-3.6653488
-2.6443536
-1.5978461
-0.53591378
0.53121971
1.5933243
2.6401696
3.6616557
4.6479343
5.5894968
6.4772631
7.3026699
8.0577555
8.7352351
9.328571
9.8320361
10.24077
10.550826
10.759211
10.863913
)
;

boundaryField
{
    leftWall
    {
        type            cyclic;
    }
    rightWall
    {
        type            cyclic;
    }
    lowerWall
    {
        type            fixedFluxPressure;
        gradient        uniform 0;
        value           nonuniform List<scalar> 
64
(
-2.6229282
-2.5976591
-2.5473626
-2.4725237
-2.373864
-2.252335
-2.1091081
-1.9455644
-1.7632814
-1.5640177
-1.3496953
-1.1223804
-0.88426408
-0.63764217
-0.38489248
-0.12844989
0.12921643
0.38562493
0.63830609
0.88482784
1.1228186
1.3499887
1.5641519
1.7632477
1.9453615
2.1087422
2.2518189
2.3732152
2.4717635
2.5465164
2.5967552
2.6219969
2.6219989
2.5967611
2.5465262
2.4717772
2.3732325
2.2518396
2.1087663
1.9453886
1.7632777
1.5641843
1.3500233
1.1228551
0.88486583
0.63834523
0.38566484
0.12925675
-0.12840956
-0.38485253
-0.63760299
-0.88422606
-1.1223439
-1.3496607
-1.5639854
-1.7632516
-1.9455375
-2.1090843
-2.2523145
-2.3738471
-2.4725103
-2.547353
-2.5976533
-2.6229262
)
;
    }
    atmosphere
    {
        type            totalPressure;
        rho             rho;
        psi             none;
        gamma           1;
        p0              uniform 0;
        value           nonuniform List<scalar> 
64
(
0
0
0
0
0
0
0
0
0
0
0
0
0
0
0
0
-0.00014343752
-0.00014074483
-0.00013540391
-0.00012761783
-0.0001176849
-0.00010598653
-9.2972448e-05
-7.9143543e-05
-6.5032519e-05
-5.1183441e-05
-3.8130681e-05
-2.6378118e-05
-1.6379671e-05
-8.5216849e-06
-3.1078887e-06
-3.4758713e-07
-3.4751462e-07
-3.1076748e-06
-8.5213393e-06
-1.6379208e-05
-2.6377557e-05
-3.8130048e-05
-5.1182758e-05
-6.5031812e-05
-7.9142849e-05
-9.2971792e-05
-0.00010598594
-0.00011768441
-0.00012761745
-0.00013540366
-0.00014074473
-0.00014343757
0
0
0
0
0
0
0
0
0
0
0
0
0
0
0
0
)
;
    }
    defaultFaces
    {
        type            empty;
    }
}


// ************************************************************************* //
