/*--------------------------------*- C++ -*----------------------------------*\
| =========                 |                                                 |
| \\      /  F ield         | OpenFOAM: The Open Source CFD Toolbox           |
|  \\    /   O peration     | Version:  2306                                  |
|   \\  /    A nd           | Website:  www.openfoam.com                      |
|    \\/     M anipulation  |                                                 |
\*---------------------------------------------------------------------------*/
FoamFile
{
    version     2.0;
    format      ascii;
    arch        "LSB;label=32;scalar=64";
    class       volScalarField;
    location    "0.58";
    object      reconstructedDistanceFunction;
}
// * * * * * * * * * * * * * * * * * * * * * * * * * * * * * * * * * * * * * //

dimensions      [0 1 0 0 0 0 0];

internalField   nonuniform List<scalar> 
6400
(
0
0
0
0
0
0
0
0
0
0
0
0
0
0
0
0
0
0
0
0
0
0
0
0
0
0
0
0
0
0
0
0
0
0
0
0
0
0
0
0
0
0
0
0
0
0
0
0
0
0
0
0
0
0
0
0
0
0
0
0
0
0
0
0
0
0
0
0
0
0
0
0
0
0
0
0
0
0
0
0
0
0
0
0
0
0
0
0
0
0
0
0
0
0
0
0
0
0
0
0
0
0
0
0
0
0
0
0
0
0
0
0
0
0
0
0
0
0
0
0
0
0
0
0
0
0
0
0
0
0
0
0
0
0
0
0
0
0
0
0
0
0
0
0
0
0
0
0
0
0
0
0
0
0
0
0
0
0
0
0
0
0
0
0
0
0
0
0
0
0
0
0
0
0
0
0
0
0
0
0
0
0
0
0
0
0
0
0
0
0
0
0
0
0
0
0
0
0
0
0
0
0
0
0
0
0
0
0
0
0
0
0
0
0
0
0
0
0
0
0
0
0
0
0
0
0
0
0
0
0
0
0
0
0
0
0
0
0
0
0
0
0
0
0
0
0
0
0
0
0
0
0
0
0
0
0
0
0
0
0
0
0
0
0
0
0
0
0
0
0
0
0
0
0
0
0
0
0
0
0
0
0
0
0
0
0
0
0
0
0
0
0
0
0
0
0
0
0
0
0
0
0
0
0
0
0
0
0
0
0
0
0
0
0
0
0
0
0
0
0
0
0
0
0
0
0
0
0
0
0
0
0
0
0
0
0
0
0
0
0
0
0
0
0
0
0
0
0
0
0
0
0
0
0
0
0
0
0
0
0
0
0
0
0
0
0
0
0
0
0
0
0
0
0
0
0
0
0
0
0
0
0
0
0
0
0
0
0
0
0
0
0
0
0
0
0
0
0
0
0
0
0
0
0
0
0
0
0
0
0
0
0
0
0
0
0
0
0
0
0
0
0
0
0
0
0
0
0
0
0
0
0
0
0
0
0
0
0
0
0
0
0
0
0
0
0
0
0
0
0
0
0
0
0
0
0
0
0
0
0
0
0
0
0
0
0
0
0
0
0
0
0
0
0
0
0
0
0
0
0
0
0
0
0
0
0
0
0
0
0
0
0
0
0
0
0
0
0
0
0
0
0
0
0
0
0
0
0
0
0
0
0
0
0
0
0
0
0
0
0
0
0
0
0
0
0
0
0
0
0
0
0
0
0
0
0
0
0
0
0
0
0
0
0
0
0
0
0
0
0
0
0
0
0
0
0
0
0
0
0
0
0
0
0
0
0
0
0
0
0
0
0
0
0
0
0
0
0
0
0
0
0
0
0
0
0
0
0
0
0
0
0
0
0
0
0
0
0
0
0
0
0
0
0
0
0
0
0
0
0
0
0
0
0
0
0
0
0
0
0
0
0
0
0
0
0
0
0
0
0
0
0
0
0
0
0
0
0
0
0
0
0
0
0
0
0
0
0
0
0
0
0
0
0
0
0
0
0
0
0
0
0
0
0
0
0
0
0
0
0
0
0
0
0
0
0
0
0
0
0
0
0
0
0
0
0
0
0
0
0
0
0
0
0
0
0
0
0
0
0
0
0
0
0
0
0
0
0
0
0
0
0
0
0
0
0
0
0
0
0
0
0
0
0
0
0
0
0
0
0
0
0
0
0
0
0
0
0
0
0
0
0
0
0
0
0
0
0
0
0
0
0
0
0
0
0
0
0
0
0
0
0
0
0
0
0
0
0
0
0
0
0
0
0
0
0
0
0
0
0
0
0
0
0
0
0
0
0
0
0
0
0
0
0
0
0
0
0
0
0
0
0
0
0
0
0
0
0
0
0
0
0
0
0
0
0
0
0
0
0
0
0
0
0
0
0
0
0
0
0
0
0
0
0
0
0
0
0
0
0
0
0
0
0
0
0
0
0
0
0
0
0
0
0
0
0
0
0
0
0
0
0
0
0
0
0
0
0
0
0
0
0
0
0
0
0
0
0
0
0
0
0
0
0
0
0
0
0
0
0
0
0
0
0
0
0
0
0
0
0
0
0
0
0
0
0
0
0
0
0
0
0
0
0
0
0
0
0
0
0
0
0
0
0
0
0
0
0
0
0
0
0
0
0
0
0
0
0
0
0
0
0
0
0
0
0
0
0
0
0
0
0
0
0
0
0
0
0
0
0
0.06607572
0.077451676
0.078106909
0.078770652
0.079437232
0.0801051
0
0
0
0
0
0
0
0
0
0
0
0
0
0
0
0
0
0
0
0
0
0
0
0
0
0
0
0
0
0
0
0
0
0
0
0
0
0
0
0
0
0
0
0
0
0
0
0
0
0
0
0
0
0
0
0
0
0
0
0
0
0
0
0
0
0
0
0
0
0
0
0
0
0
0.045489424
0.052460659
0.053115892
0.053779635
0.054446215
0.055114083
0
0
0
0
0
0
0
0
0
0
0
0
0
0
0
0
0
0
0
0
0
0
0
0
0
0
0
0
0
0
0
0
0
0
0
0
0
0
0
0
0
0
0
0
0
0
0
0
0
0
0
0
0
0
0
0
0
0
0
0
0
0
0
0
0
0
0
0
0
0
0
0
0
0
0.024903129
0.027469642
0.028124875
0.028788618
0.029455198
0.030123066
0
0
0
0
0
0
0
0
0
0
0
0
0
0
0
0
0
0
0
0
0
0
0
0
0
0
0
0
0
0
0
0
0
0
0
0
0
0
0
0
0
0
0
0
0
0
0
0
0
0
0
0
0
0
0
0
0
0
0
0
0
0
0
0
0
0
0
0
0
0
0
0
0
0
0.0043168335
0.012496663
0.0031338581
0.003797601
0.0044641805
0.073476578
0
0
0
0
0
0
0
0
0
0
0
0
0
0
0
0
0
0
0
0
0
0
0
0
0
0
0
0
0
0
0
0
0
0
0
0
0
0
0
0
0
0
0
0
0
0
0
0
0
0
0.1045118
0.098001612
0.091854378
0.086212672
0.081056811
0.076488829
0.072620338
0.069448478
0.067029867
0.065377488
0.064475669
0.064327336
0.064910567
0.066191172
0.068125568
0.070656776
0.073704942
0.077175622
0.080965659
0.085011726
0.089136165
0.093397333
0.097614858
0
-0.003699847
0.012604929
-0.0043245847
0.017768671
0.039956343
0.062186931
0
0
0
0
0
0
0
0
0
0
0
0
0
0
0
0
0
0
0
0
0
0
0
0
0
0
0
0
0
0
0
0
0
0
0
0
0
0
0
0
0
0
0
0
0
0
0.10971105
0.10210202
0.094604557
0.087398783
0.080437523
0.073810593
0.067551757
0.061786041
0.056527231
0.051908101
0.047921469
0.044641675
0.042133177
0.040417982
0.039482449
0.039328485
0.039931564
0.041252883
0.04324255
0.045835415
0.048942969
0.052464589
0.056307086
0.060375421
0.064485722
0.068769809
0.07297037
0.07705487
-0.015280723
-0.0095105309
0.0056163774
0.023039661
0.028666696
0.050897284
0
0
0
0
0
0
0
0
0
0
0
0
0
0
0
0
0
0
0
0
0
0
0
0
0
0
0
0
0
0
0
0
0
0
0
0
0
0
0
0
0
0
0
0.10942033
0.1015844
0.093656706
0.085927532
0.07828232
0.070728027
0.063341412
0.056363249
0.049619575
0.043249135
0.037460831
0.032082792
0.027329362
0.0232226
0.019834871
0.017236488
0.015458476
0.014489229
0.014329633
0.014952562
0.016314595
0.018359532
0.021014054
0.024180996
0.027753555
0.031634366
0.035723511
0.039897481
0.044125222
0.048304838
0.052355389
0.0093556386
0.0086897564
0.025384926
0.04080376
0.058301503
0.07583309
0
0
0
0
0
0
0
0
0
0
0
0
0
0
0
0
0
0
0
0
0
0
0
0
0
0
0
0
0
0
0
0
0
0
0
0
0
0
0
0
0.10890928
0.101291
0.093450095
0.085669093
0.077857286
0.06994623
0.062144017
0.054462618
0.046851496
0.039444604
0.03236834
0.025549019
0.019120414
0.013135621
0.0076383518
0.0027506221
-0.001476269
-0.0049719323
-0.0076602013
-0.0095010294
-0.01050399
-0.010669218
-0.010026441
-0.0086236937
-0.006523486
-0.0038073075
-0.0005809775
0.0030425214
0.006961645
0.011071601
0.015255545
0.019480636
0.023639307
0.027655908
0.033992
0.032067139
0.04073016
0.060516164
0.076065602
0.093597189
0
0
0
0
0
0
0
0
0
0
0
0
0
0
0
0
0
0
0
0
0
0
0
0
0
0
0
0
0
0
0
0
0
0
0
0
0
0.10696291
0.099884362
0.092541614
0.085062896
0.077507244
0.069725523
0.06191786
0.054130176
0.046213386
0.038345916
0.030657198
0.02305223
0.015564954
0.0083900798
0.0014747452
-0.0050706041
-0.011219634
-0.016806088
-0.021828117
-0.026175138
-0.029778736
-0.032556891
-0.034460535
-0.03549721
-0.035668069
-0.035005443
-0.033561982
-0.031406504
-0.028628669
-0.025342951
-0.021668512
-0.017711076
-0.01358031
-0.009386391
-0.00516395
-0.0010262242
0.0029564265
0.058628362
0.055444522
0.064107543
0.072883071
0.0938297
0.10624915
0
0
0
0
0
0
0
0
0
0
0
0
0
0
0
0
0
0
0
0
0
0
0
0
0
0
0
0
0
0
0
0
0
0
0.10282227
0.096424089
0.089825434
0.082947128
0.075945664
0.068656317
0.061216515
0.05372349
0.045974058
0.038149001
0.030364392
0.022527772
0.014600518
0.0068736827
-0.00076747152
-0.0083115762
-0.015588181
-0.022599529
-0.029261623
-0.035522256
-0.041283908
-0.046406857
-0.050874007
-0.054585539
-0.05745358
-0.059420041
-0.06049043
-0.06066692
-0.059984446
-0.058500271
-0.056289522
-0.05345003
-0.050104924
-0.046379546
-0.042383796
-0.038282002
-0.034028327
-0.029808536
-0.025691755
-0.021743055
0.083264723
0.078821905
0.087484926
0.085507095
0.080366822
0.081284245
0.079963169
0.079789271
0.081041186
0.084070711
0.088054828
0.091709475
0.09505615
0.098771297
0
0
0
0
0
0
0
0
0
0
0
0
0
0
0
0
0
0
0
0
0
0
0.10115172
0.095943381
0.090457695
0.084642602
0.078614237
0.072287887
0.065745977
0.058931342
0.052006966
0.04477102
0.037365966
0.029863746
0.022237219
0.014394331
0.0066131588
-0.001199339
-0.0091103107
-0.016909832
-0.024587173
-0.032188106
-0.039590185
-0.046640369
-0.053413764
-0.059760788
-0.065609118
-0.070935972
-0.07555557
-0.079392343
-0.082350269
-0.084379547
-0.08548365
-0.085665772
-0.084963448
-0.083438559
-0.08117254
-0.078271391
-0.074866897
-0.071090579
-0.067056517
-0.062932445
-0.058670263
-0.054453122
-0.050357287
-0.046442536
0.096837594
0.083883857
0.069634745
0.05520058
0.055906737
0.059852929
0.054998261
0.054820719
0.05852411
0.059234197
0.063327253
0.066771047
0.07019807
0.07407386
0.078116834
0.081991103
0.085955812
0.089529939
0.093014096
0.096109396
0
0
0
0
0
0
0
0
0
0
0
0.097003062
0.093744457
0.0900444
0.085977259
0.081485063
0.076676505
0.07153727
0.066111007
0.060406239
0.0544062
0.048163837
0.041666605
0.034930486
0.027970207
0.020861711
0.013485069
0.0060173651
-0.0015465345
-0.0093303897
-0.017138074
-0.02492645
-0.032843155
-0.040710281
-0.04839666
-0.055997569
-0.063486994
-0.07061863
-0.077488038
-0.083951807
-0.089934328
-0.095380412
-0.10013431
0
0
0
0
0
0
0
0
0
-0.099591649
-0.095761155
-0.0916933
-0.087582889
-0.08329817
-0.079098491
-0.075022818
-0.071142017
0.087669429
0.063570585
0.049321474
0.034887309
0.031446652
0.034881752
0.030033354
0.029852166
0.033650344
0.034397683
0.038599678
0.04202279
0.045500633
0.049768218
0.053419083
0.057463448
0.061222102
0.06479229
0.068209714
0.071265736
0.074004671
0.076359594
0.078255392
0.079729146
0.08065434
0.081058973
0.080906325
0.080189902
0.078960746
0.077171175
0.074925706
0.072162395
0.068988153
0.065372488
0.061312659
0.056923404
0.052168106
0.047106112
0.041764319
0.036069218
0.03012544
0.023955801
0.017500904
0.010860408
0.003954421
-0.0030769873
-0.010381193
-0.017829016
-0.025330288
-0.033081855
-0.040906774
-0.048691552
-0.056528863
-0.064455679
-0.072180175
-0.079817271
-0.087351186
-0.09459689
-0.10156231
0
0
0
0
0
0
0
0
0
0
0
0
0
0
0
0
0
0
0
0
-0.09588023
0.073575419
0.055221233
0.035031628
0.014574038
0.0069865675
0.0099105747
0.0050684468
0.0048836141
0.0087765779
0.0095611681
0.013845386
0.017274534
0.020803195
0.025086822
0.028721332
0.032755387
0.036488392
0.040046923
0.043405332
0.046422076
0.049124064
0.051442552
0.053306949
0.054755073
0.055662372
0.056059254
0.055909615
0.055206777
0.05400131
0.052244301
0.050039017
0.047321728
0.044199692
0.040601823
0.036648059
0.032315507
0.027628962
0.022630901
0.017308559
0.011732197
0.0058458396
-0.00025223595
-0.006635298
-0.013213729
-0.020061365
-0.027015685
-0.03426649
-0.041672577
-0.049181797
-0.05681657
-0.064661444
-0.072442785
-0.080255974
-0.088166861
-0.09596369
-0.10363697
0
0
0
0
0
0
0
0
0
0
0
0
0
0
0
0
0
0
0
0
0
0
0
0
0.068530863
0.046664997
0.020937618
0.00048581028
-0.015625087
-0.015060603
-0.01989646
-0.020084938
-0.016097188
-0.015275346
-0.010881306
-0.0074737229
-0.0038942418
0.00040542538
0.0040235813
0.0080473264
0.011754682
0.015282268
0.01860095
0.021578415
0.024243457
0.026525511
0.028358507
0.029781
0.030670403
0.031059535
0.030912906
0.030223652
0.029041874
0.027317427
0.025152329
0.022481061
0.019411231
0.015875764
0.011983459
0.0077076097
0.0030898189
-0.0018443101
-0.007097552
-0.012606667
-0.018433761
-0.024460273
-0.0307715
-0.037293101
-0.044034554
-0.051022513
-0.058160953
-0.065553474
-0.073028178
-0.080600324
-0.088386314
-0.096194018
-0.10398308
0
0
0
0
0
0
0
0
0
0
0
0
0
0
0
0
0
0
0
0
0
0
0
0
0
0
0
0.064071675
0.04220581
0.018153358
-0.0062114635
-0.030680408
-0.04003178
-0.044861368
-0.04505349
-0.040970954
-0.039260602
-0.035607998
-0.032221979
-0.028591679
-0.024275971
-0.02067417
-0.016660734
-0.012979028
-0.0094823866
-0.0062034327
-0.0032652452
-0.00063714971
0.0016084691
0.0034100644
0.0048069274
0.0056784353
0.0060598165
0.0059161958
0.0052405266
0.0040824385
0.0023905534
0.00026564023
-0.0023596065
-0.0053772301
-0.0088502959
-0.012679881
-0.016900287
-0.021449324
-0.026319521
-0.031503663
-0.036953355
-0.042660761
-0.048668309
-0.054910687
-0.061372473
-0.068104633
-0.075038299
-0.082099651
-0.089418715
-0.096874559
-0.10438408
0
0
0
0
0
0
0
0
0
0
0
0
0
0
0
0
0
0
0
0
0
0
0
0
0
0
0
0
0
0
0.065207906
0.043133818
0.018852322
-0.0057445179
-0.030446473
-0.055196207
-0.066200288
-0.070022043
-0.06584472
-0.063988177
-0.06033469
-0.056970236
-0.053289116
-0.048957367
-0.04537192
-0.041368795
-0.037769566
-0.034247041
-0.031007815
-0.028108906
-0.025517757
-0.023308572
-0.021538378
-0.020167145
-0.019313533
-0.018939902
-0.019080514
-0.019742599
-0.020876997
-0.022536321
-0.024621048
-0.027200274
-0.030165691
-0.033576355
-0.037351793
-0.041508184
-0.045988468
-0.050794732
-0.055909775
-0.061300043
-0.066997782
-0.072950938
-0.079118724
-0.085558497
-0.092174712
-0.099054085
-0.10603835
0
0
0
0
0
0
0
0
0
0
0
0
0
0
0
0
0
0
0
0
0
0
0
0
0
0
0
0
0
0
0
0
0
0.068089713
0.046803507
0.023035125
-0.0010419368
-0.025221892
-0.049374904
-0.07317577
-0.093224343
-0.090718486
-0.088715752
-0.085061382
-0.081718492
-0.077615325
-0.073638764
-0.070069671
-0.066076855
-0.062507214
-0.059011696
-0.055812197
-0.052952566
-0.050398364
-0.048225614
-0.046486821
-0.045141218
-0.044305501
-0.043939621
-0.044077224
-0.044725724
-0.045836433
-0.047463195
-0.049507737
-0.052040941
-0.054954152
-0.058302415
-0.062023705
-0.066091424
-0.070526172
-0.075305442
-0.080365142
-0.08573239
-0.091334803
-0.097230538
-0.10332676
0
0
0
0
0
0
0
0
0
0
0
0
0
0
0
0
0
0
0
0
0
0
0
0
0
0
0
0
0
0
0
0
0
0
0
0
0
0.074250075
0.052642455
0.029235297
0.0056060255
-0.018124226
-0.041893694
-0.065404245
-0.089193326
-0.11222455
0
0
0
0
-0.098641479
-0.094592932
-0.090818146
-0.087244863
-0.083776351
-0.080616579
-0.077796226
-0.075278971
-0.073142655
-0.071435263
-0.070115291
-0.069297469
-0.06893934
-0.069073934
-0.069708849
-0.070795869
-0.072390069
-0.074394426
-0.076881608
-0.079742613
-0.083028474
-0.086695617
-0.090756024
-0.095134069
-0.099844585
0
0
0
0
0
0
0
0
0
0
0
0
0
0
0
0
0
0
0
0
0
0
0
0
0
0
0
0
0
0
0
0
0
0
0
0
0
0
0
0
0
0
0.081241912
0.060036156
0.036721028
0.013379979
-0.010341911
-0.033747055
-0.05661502
-0.079842513
-0.10293506
0
0
0
0
0
0
0
0
0
0
0
0
0
0
0
0
0
0
0
0
0
0
0
0
0
0
0
0
0
0
0
0
0
0
0
0
0
0
0
0
0
0
0
0
0
0
0
0
0
0
0
0
0
0
0
0
0
0
0
0
0
0
0
0
0
0
0
0
0
0
0
0.089056667
0.067813676
0.044851331
0.022076274
-0.0010678842
-0.024256808
-0.047277907
-0.070412175
-0.093927362
0
0
0
0
0
0
0
0
0
0
0
0
0
0
0
0
0
0
0
0
0
0
0
0
0
0
0
0
0
0
0
0
0
0
0
0
0
0
0
0
0
0
0
0
0
0
0
0
0
0
0
0
0
0
0
0
0
0
0
0
0
0
0
0
0
0
0
0
0
0
0
0.097261258
0.077017344
0.054267129
0.031368377
0.0083171085
-0.015154403
-0.038266582
-0.061171811
-0.084231548
-0.10727625
0
0
0
0
0
0
0
0
0
0
0
0
0
0
0
0
0
0
0
0
0
0
0
0
0
0
0
0
0
0
0
0
0
0
0
0
0
0
0
0
0
0
0
0
0
0
0
0
0
0
0
0
0
0
0
0
0
0
0
0
0
0
0
0
0
0
0
0
0
0
0.10684454
0.086359758
0.063700852
0.040375688
0.017511045
-0.0055011311
-0.028537228
-0.051541268
-0.074536775
-0.097342854
0
0
0
0
0
0
0
0
0
0
0
0
0
0
0
0
0
0
0
0
0
0
0
0
0
0
0
0
0
0
0
0
0
0
0
0
0
0
0
0
0
0
0
0
0
0
0
0
0
0
0
0
0
0
0
0
0
0
0
0
0
0
0
0
0
0
0
0
0
0
0
0.095370917
0.072932945
0.050062929
0.027102622
0.0041545429
-0.01881739
-0.041600176
-0.064922837
-0.087898181
-0.11070051
0
0
0
0
0
0
0
0
0
0
0
0
0
0
0
0
0
0
0
0
0
0
0
0
0
0
0
0
0
0
0
0
0
0
0
0
0
0
0
0
0
0
0
0
0
0
0
0
0
0
0
0
0
0
0
0
0
0
0
0
0
0
0
0
0
0
0
0
0
0
0.10509389
0.082550345
0.059744031
0.037030125
0.014103367
-0.0091939373
-0.032153701
-0.054951416
-0.077944335
-0.10089622
0
0
0
0
0
0
0
0
0
0
0
0
0
0
0
0
0
0
0
0
0
0
0
0
0
0
0
0
0
0
0
0
0
0
0
0
0
0
0
0
0
0
0
0
0
0
0
0
0
0
0
0
0
0
0
0
0
0
0
0
0
0
0
0
0
0
0
0
0
0
0
0.092485811
0.069350683
0.046473293
0.023734245
0.0007712259
-0.022206101
-0.04516283
-0.068197608
-0.091358925
0
0
0
0
0
0
0
0
0
0
0
0
0
0
0
0
0
0
0
0
0
0
0
0
0
0
0
0
0
0
0
0
0
0
0
0
0
0
0
0
0
0
0
0
0
0
0
0
0
0
0
0
0
0
0
0
0
0
0
0
0
0
0
0
0
0
0
0
0
0
0
0.10193084
0.079327041
0.056432151
0.033548889
0.010544064
-0.012585799
-0.035632945
-0.058731002
-0.081861955
-0.10502428
0
0
0
0
0
0
0
0
0
0
0
0
0
0
0
0
0
0
0
0
0
0
0
0
0
0
0
0
0
0
0
0
0
0
0
0
0
0
0
0
0
0
0
0
0
0
0
0
0
0
0
0
0
0
0
0
0
0
0
0
0
0
0
0
0
0
0
0
0
0
0.11188324
0.0891257
0.066189128
0.043090034
0.02006352
-0.0030471996
-0.026167231
-0.049392608
-0.07266303
-0.095785201
0
0
0
0
0
0
0
0
0
0
0
0
0
0
0
0
0
0
0
0
0
0
0
0
0
0
0
0
0
0
0
0
0
0
0
0
0
0
0
0
0
0
0
0
0
0
0
0
0
0
0
0
0
0
0
0
0
0
0
0
0
0
0
0
0
0
0
0
0
0
0
0.098659306
0.075669565
0.052597219
0.029470176
0.0062201089
-0.017039325
-0.040247526
-0.063801069
-0.087265244
0
0
0
0
0
0
0
0
0
0
0
0
0
0
0
0
0
0
0
0
0
0
0
0
0
0
0
0
0
0
0
0
0
0
0
0
0
0
0
0
0
0
0
0
0
0
0
0
0
0
0
0
0
0
0
0
0
0
0
0
0
0
0
0
0
0
0
0
0
0
0
0.10813474
0.085004666
0.061793205
0.038670237
0.015148755
-0.0083009309
-0.031757079
-0.055313344
-0.078962015
-0.1026133
0
0
0
0
0
0
0
0
0
0
0
0
0
0
0
0
0
0
0
0
0
0
0
0
0
0
0
0
0
0
0
0
0
0
0
0
0
0
0
0
0
0
0
0
0
0
0
0
0
0
0
0
0
0
0
0
0
0
0
0
0
0
0
0
0
0
0
0
0
0
0
0.094110112
0.070597871
0.047172224
0.023666788
3.2719643e-05
-0.023607861
-0.0473543
-0.071265394
-0.09517913
0
0
0
0
0
0
0
0
0
0
0
0
0
0
0
0
0
0
0
0
0
0
0
0
0
0
0
0
0
0
0
0
0
0
0
0
0
0
0
0
0
0
0
0
0
0
0
0
0
0
0
0
0
0
0
0
0
0
0
0
0
0
0
0
0
0
0
0
0
0
0
0.10254675
0.078961428
0.055351588
0.031596152
0.0076998226
-0.016203092
-0.040013421
-0.064143768
-0.088367523
0
0
0
0
0
0
0
0
0
0
0
0
0
0
0
0
0
0
0
0
0
0
0
0
0
0
0
0
0
0
0
0
0
0
0
0
0
0
0
0
0
0
0
0
0
0
0
0
0
0
0
0
0
0
0
0
0
0
0
0
0
0
0
0
0
0
0
0
0
0
0
0.11044532
0.08659828
0.062931399
0.038825664
0.014628222
-0.0095334553
-0.033699887
-0.057840518
-0.082231537
0
0
0
0
0
0
0
0
0
0
0
0
0
0
0
0
0
0
0
0
0
0
0
0
0
0
0
0
0
0
0
0
0
0
0
0
0
0
0
0
0
0
0
0
0
0
0
0
0
0
0
0
0
0
0
0
0
0
0
0
0
0
0
0
0
0
0
0
0
0
0
0
0.093383868
0.06925361
0.045106884
0.020733619
-0.003646362
-0.028031141
-0.052419465
-0.07696653
0
0
0
0
0
0
0
0
0
0
0
0
0
0
0
0
0
0
0
0
0
0
0
0
0
0
0
0
0
0
0
0
0
0
0
0
0
0
0
0
0
0
0
0
0
0
0
0
0
0
0
0
0
0
0
0
0
0
0
0
0
0
0
0
0
0
0
0
0
0
0
0
0.099239665
0.074891386
0.050349057
0.025738614
0.0011213901
-0.023500678
-0.048126327
-0.072754696
0
0
0
0
0
0
0
0
0
0
0
0
0
0
0
0
0
0
0
0
0
0
0
0
0
0
0
0
0
0
0
0
0
0
0
0
0
0
0
0
0
0
0
0
0
0
0
0
0
0
0
0
0
0
0
0
0
0
0
0
0
0
0
0
0
0
0
0
0
0
0
0
0.10374663
0.079095792
0.05430982
0.029513862
0.0047110709
-0.020096601
-0.04490788
-0.0697219
0
0
0
0
0
0
0
0
0
0
0
0
0
0
0
0
0
0
0
0
0
0
0
0
0
0
0
0
0
0
0
0
0
0
0
0
0
0
0
0
0
0
0
0
0
0
0
0
0
0
0
0
0
0
0
0
0
0
0
0
0
0
0
0
0
0
0
0
0
0
0
0
0
0.08170995
0.056797242
0.031874497
0.0069448847
-0.017989633
-0.042927777
-0.067868676
0
0
0
0
0
0
0
0
0
0
0
0
0
0
0
0
0
0
0
0
0
0
0
0
0
0
0
0
0
0
0
0
0
0
0
0
0
0
0
0
0
0
0
0
0
0
0
0
0
0
0
0
0
0
0
0
0
0
0
0
0
0
0
0
0
0
0
0
0
0
0
0
0
0.082551353
0.057594274
0.03262714
0.0076531259
-0.017325802
-0.042308363
-0.067293684
0
0
0
0
0
0
0
0
0
0
0
0
0
0
0
0
0
0
0
0
0
0
0
0
0
0
0
0
0
0
0
0
0
0
0
0
0
0
0
0
0
0
0
0
0
0
0
0
0
0
0
0
0
0
0
0
0
0
0
0
0
0
0
0
0
0
0
0
0
0
0
0
0
0.081417931
0.056526831
0.031625702
0.0067177119
-0.01819518
-0.043111694
-0.068030962
0
0
0
0
0
0
0
0
0
0
0
0
0
0
0
0
0
0
0
0
0
0
0
0
0
0
0
0
0
0
0
0
0
0
0
0
0
0
0
0
0
0
0
0
0
0
0
0
0
0
0
0
0
0
0
0
0
0
0
0
0
0
0
0
0
0
0
0
0
0
0
0
0.1023442
0.078006293
0.053414684
0.028707609
0.0039937254
-0.020725021
-0.045447362
-0.070172435
0
0
0
0
0
0
0
0
0
0
0
0
0
0
0
0
0
0
0
0
0
0
0
0
0
0
0
0
0
0
0
0
0
0
0
0
0
0
0
0
0
0
0
0
0
0
0
0
0
0
0
0
0
0
0
0
0
0
0
0
0
0
0
0
0
0
0
0
0
0
0
0
0.095722158
0.071958014
0.048179065
0.023822683
-0.00054690823
-0.024921295
-0.049299225
-0.073772626
0
0
0
0
0
0
0
0
0
0
0
0
0
0
0
0
0
0
0
0
0
0
0
0
0
0
0
0
0
0
0
0
0
0
0
0
0
0
0
0
0
0
0
0
0
0
0
0
0
0
0
0
0
0
0
0
0
0
0
0
0
0
0
0
0
0
0
0
0
0
0
0.10831577
0.086425472
0.063545052
0.040431062
0.016799523
-0.0069955629
-0.030795331
-0.054766892
-0.079147516
0
0
0
0
0
0
0
0
0
0
0
0
0
0
0
0
0
0
0
0
0
0
0
0
0
0
0
0
0
0
0
0
0
0
0
0
0
0
0
0
0
0
0
0
0
0
0
0
0
0
0
0
0
0
0
0
0
0
0
0
0
0
0
0
0
0
0
0
0
0
0.11431674
0.094938823
0.074339963
0.052563246
0.030698633
0.0077947333
-0.015244467
-0.038393309
-0.062189571
-0.085995429
0
0
0
0
0
0
0
0
0
0
0
0
0
0
0
0
0
0
0
0
0
0
0
0
0
0
0
0
0
0
0
0
0
0
0
0
0
0
0
0
0
0
0
0
0
0
0
0
0
0
0
0
0
0
0
0
0
0
0
0
0
0
0
0
0
0
0
0
0
0.11096774
0.096057578
0.079065708
0.0600368
0.039838077
0.018871134
-0.0032483348
-0.025251454
-0.047981941
-0.070899992
-0.094093613
0
0
0
0
0
0
0
0
0
0
0
0
0
0
0
0
0
0
0
0
0
0
0
0
0
0
0
0
0
0
0
0
0
0
0
0
0
0
0
0
0
0
0
0
0
0
0
0
0
0
0
0
0
0
0
0
0
0
0
0
0
0
0
0
0
0
0
0.10403782
0.098382751
0.08915678
0.076291585
0.060832576
0.043779917
0.024861541
0.0049979075
-0.015679385
-0.037077779
-0.059085227
-0.081095876
-0.10377232
0
0
0
0
0
0
0
0
0
0
0
0
0
0
0
0
0
0
0
0
0
0
0
0
0
0
0
0
0
0
0
0
0
0
0
0
0
0
0
0
0
0
0
0
0
0
0
0
0
0
0
0
0
0
0
0
0
0
0
0
0
0
0
0
0
0
0
0.079190758
0.074459252
0.066898863
0.055158762
0.041622791
0.025575247
0.0084754098
-0.010325626
-0.029850443
-0.050171163
-0.071193794
-0.092922201
-0.11493528
0
0
0
0
0
0
0
0
0
0
0
0
0
0
0
0
0
0
0
0
0
0
0
0
0
0
0
0
0
0
0
0
0
0
0
0
0
0
0
0
0
0
0
0
0
0
0
0
0
0
0
0
0
0
0
0
0
0
0
0
0
0
0
0
0
0
0
0.054343698
0.050535753
0.043601761
0.033461694
0.021062804
0.0065934319
-0.0096994872
-0.026840327
-0.045520497
-0.064656472
-0.08502911
-0.10575726
0
0
0
0
0
0
0
0
0
0
0
0
0
0
0
0
0
0
0
0
0
0
0
0
0
0
0
0
0
0
0
0
0
0
0
0
0
0
0
0
0
0
0
0
0
0
0
0
0
0
0
0
0
0
0
0
0
0
0
0
0
0
0
0
0
0
0
0
0.029496637
0.026931046
0.019516376
0.011156478
-0.00058889275
-0.013701515
-0.028451823
-0.044984666
-0.06216333
-0.080720639
-0.09986038
-0.11989001
0
0
0
0
0
0
0
0
0
0
0
0
0
0
0
0
0
0
0
0
0
0
0
0
0
0
0
0
0
0
0
0
0
0
0
0
0
0
0
0
0
0
0
0
0
0
0
0
0
0
0
0
0
0
0
0
0
0
0
0
0
0
0
0
0
0
0
0
0.0046495763
0.002334942
-0.0044071228
-0.01203336
-0.021762299
-0.034663374
-0.04848067
-0.063506614
-0.080276601
-0.097491305
-0.11592455
0
0
0
0
0
0
0
0
0
0
0
0
0
0
0
0
0
0
0
0
0
0
0
0
0
0
0
0
0
0
0
0
0
0
0
0
0
0
0
0
0
0
0
0
0
0
0
0
0
0
0
0
0
0
0
0
0
0
0
0
0
0
0
0
0
0
0
0
0
-0.020197484
-0.022261162
-0.028330622
-0.035213055
-0.044628684
-0.056360442
-0.068972684
-0.083244972
-0.098567577
-0.11557316
0
0
0
0
0
0
0
0
0
0
0
0
0
0
0
0
0
0
0
0
0
0
0
0
0
0
0
0
0
0
0
0
0
0
0
0
0
0
0
0
0
0
0
0
0
0
0
0
0
0
0
0
0
0
0
0
0
0
0
0
0
0
0
0
0
0
0
0
0
0
-0.045044545
-0.046857266
-0.051233481
-0.059442153
-0.067708121
-0.077566904
-0.090447789
-0.10376074
-0.11830593
0
0
0
0
0
0
0
0
0
0
0
0
0
0
0
0
0
0
0
0
0
0
0
0
0
0
0
0
0
0
0
0
0
0
0
0
0
0
0
0
0
0
0
0
0
0
0
0
0
0
0
0
0
0
0
0
0
0
0
0
0
0
0
0
0
0
0
0
0
0
0
-0.069891606
-0.071453371
-0.075829585
-0.083365652
-0.090887816
-0.10043329
-0.11214486
0
0
0
0
0
0
0
0
0
0
0
0
0
0
0
0
0
0
0
0
0
0
0
0
0
0
0
0
0
0
0
0
0
0
0
0
0
0
0
0
0
0
0
0
0
0
0
0
0
0
0
0
0
0
0
0
0
0
0
0
0
0
0
0
0
0
0
0
0
0
0
0
0
0
0
0
0
0
0
0
0
0
0
0
0
0
0
0
0
0
0
0
0
0
0
0
0
0
0
0
0
0
0
0
0
0
0
0
0
0
0
0
0
0
0
0
0
0
0
0
0
0
0
0
0
0
0
0
0
0
0
0
0
0
0
0
0
0
0
0
0
0
0
0
0
0
0
0
0
0
0
0
0
0
0
0
0
0
0
0
0
0
0
0
0
0
0
0
0
0
0
0
0
0
0
0
0
0
0
0
0
0
0
0
0
0
0
0
0
0
0
0
0
0
0
0
0
0
0
0
0
0
0
0
0
0
0
0
0
0
0
0
0
0
0
0
0
0
0
0
0
0
0
0
0
0
0
0
0
0
0
0
0
0
0
0
0
0
0
0
0
0
0
0
0
0
0
0
0
0
0
0
0
0
0
0
0
0
0
0
0
0
0
0
0
0
0
0
0
0
0
0
0
0
0
0
0
0
0
0
0
0
0
0
0
0
0
0
0
0
0
0
0
0
0
0
0
0
0
0
0
0
0
0
0
0
0
0
0
0
0
0
0
0
0
0
0
0
0
0
0
0
0
0
0
0
0
0
0
0
0
0
0
0
0
0
0
0
0
0
0
0
0
0
0
0
0
0
0
0
0
0
0
0
0
0
0
0
0
0
0
0
0
0
0
0
0
0
0
0
0
0
0
0
0
0
0
0
0
0
0
0
0
0
0
0
0
0
0
0
0
0
0
0
0
0
0
0
0
0
0
0
0
0
0
0
0
0
0
0
0
0
0
0
0
0
0
0
0
0
0
0
0
0
0
0
0
0
0
0
0
0
0
0
0
0
0
0
0
0
0
0
0
0
0
0
0
0
0
0
0
0
0
0
0
0
0
0
0
0
0
0
0
0
0
0
0
0
0
0
0
0
0
0
0
0
0
0
0
0
0
0
0
0
0
0
0
0
0
0
0
0
0
0
0
0
0
0
0
0
0
0
0
0
0
0
0
0
0
0
0
0
0
0
0
0
0
0
0
0
0
0
0
0
0
0
0
0
0
0
0
0
0
0
0
0
0
0
0
0
0
0
0
0
0
0
0
0
0
0
0
0
0
0
0
0
0
0
0
0
0
0
0
0
0
0
0
0
0
0
0
0
0
0
0
0
0
0
0
0
0
0
0
0
0
0
0
0
0
0
0
0
0
0
0
0
0
0
0
0
0
0
0
0
0
0
0
0
0
0
0
0
0
0
0
0
0
0
0
0
0
0
0
0
0
0
0
0
0
0
0
0
0
0
0
0
0
0
0
0
0
0
0
0
0
0
0
0
0
0
0
0
0
0
0
0
0
0
0
0
0
0
0
0
0
0
0
0
0
0
0
0
0
0
0
0
0
0
0
0
0
0
0
0
0
0
0
0
0
0
0
0
0
0
0
0
0
0
0
0
0
0
0
0
0
0
0
0
0
0
0
0
0
0
0
0
0
0
0
0
0
0
0
0
0
0
0
0
0
0
0
0
0
0
0
0
0
0
0
0
0
0
0
0
0
0
0
0
0
0
0
0
0
0
0
0
0
0
0
0
0
0
0
0
0
0
0
0
0
0
0
0
0
0
0
0
0
0
0
0
0
0
0
0
0
0
0
0
0
0
0
0
0
0
0
0
0
0
0
0
0
0
0
0
0
0
0
0
0
0
0
0
0
0
0
0
0
0
0
0
0
0
0
0
0
0
0
0
0
0
0
0
0
0
0
0
0
0
0
0
0
0
0
0
0
0
0
0
0
0
0
0
0
0
0
0
0
0
0
0
0
0
0
0
0
0
0
0
0
0
0
0
0
0
0
0
0
0
0
0
0
0
0
0
0
0
0
0
0
0
0
0
0
0
0
0
0
0
0
0
0
0
0
0
0
0
0
0
0
0
0
0
0
0
0
0
0
0
0
0
0
0
0
0
0
0
0
0
0
0
0
0
0
0
0
0
0
0
0
0
0
0
0
0
0
0
0
0
0
0
0
0
0
0
0
0
0
0
0
0
0
0
0
0
0
0
0
0
0
0
0
0
0
0
0
0
0
0
0
0
0
0
0
0
0
0
0
0
0
0
0
0
0
0
0
0
0
0
0
0
0
0
0
0
0
0
0
0
0
0
0
0
0
0
0
0
0
0
0
0
0
0
0
0
0
0
0
0
0
0
0
0
0
0
0
0
0
0
0
0
0
0
0
0
0
0
0
0
0
0
0
0
0
0
0
0
0
0
0
0
0
0
0
0
0
0
0
0
0
0
0
0
0
0
0
0
0
0
0
0
0
0
0
0
0
0
0
0
0
0
0
0
0
0
0
0
0
0
0
0
0
0
0
0
0
0
0
0
0
0
0
0
0
0
0
0
0
0
0
0
0
0
0
0
0
0
0
0
0
0
0
0
0
0
0
0
0
0
0
0
0
0
0
0
0
0
0
0
0
0
0
0
0
0
0
0
0
0
0
0
0
0
0
0
0
0
0
0
0
0
0
0
0
0
0
0
0
0
0
0
0
0
0
0
0
0
0
0
0
0
0
0
0
0
0
0
0
0
0
0
0
0
0
0
0
0
0
0
0
0
0
0
0
0
0
0
0
0
0
0
0
0
0
0
0
0
0
0
0
0
0
0
0
0
0
0
0
0
0
0
0
0
0
0
0
0
0
0
0
0
0
0
0
0
0
0
0
0
0
0
0
0
0
0
0
0
0
0
0
0
0
0
0
0
0
0
0
0
0
0
0
0
0
0
0
0
0
0
0
0
0
0
0
0
0
0
0
0
0
0
0
0
0
0
0
0
0
0
0
0
0
0
0
0
0
0
0
0
0
0
0
0
0
0
0
0
0
0
0
0
0
0
0
0
0
0
0
0
0
0
0
0
0
0
0
0
0
0
0
0
0
0
0
0
0
0
0
0
0
0
0
0
0
0
0
0
0
0
0
0
0
0
0
0
0
0
0
0
0
0
0
0
0
0
0
0
0
0
0
0
0
0
0
0
0
0
0
0
0
0
0
0
0
0
0
0
0
0
0
0
0
0
0
0
0
0
0
0
0
0
0
0
0
0
0
0
0
0
0
0
0
0
0
)
;

boundaryField
{
    bottom
    {
        type            calculated;
        value           nonuniform List<scalar> 0();
    }
    top
    {
        type            calculated;
        value           nonuniform List<scalar> 0();
    }
    right
    {
        type            calculated;
        value           nonuniform List<scalar> 0();
    }
    back
    {
        type            wedge;
    }
    front
    {
        type            wedge;
    }
    axis
    {
        type            empty;
    }
    procBoundary2to0
    {
        type            processor;
        value           uniform 0;
    }
    procBoundary2to3
    {
        type            processor;
        value           nonuniform List<scalar> 
80
(
0
0
0
0
0
0
0
0
0
0
0
0
0
0
0
0
0.0808961
0.056154126
0.031412152
0.0066701779
-0.018071796
-0.04281377
-0.067555744
-0.092311976
0
0
0
0
0
0
0
0
0
0
0
0
0
0
0
0
0
0
0
0
0
0
0
0
0
0
0
0
0
0
0
0
0
0
0
0
0
0
0
0
0
0
0
0
0
0
0
0
0
0
0
0
0
0
0
0
)
;
    }
    procBoundary2to4
    {
        type            processor;
        value           uniform 0;
    }
}


// ************************************************************************* //
