/*--------------------------------*- C++ -*----------------------------------*\
| =========                 |                                                 |
| \\      /  F ield         | OpenFOAM: The Open Source CFD Toolbox           |
|  \\    /   O peration     | Version:  2306                                  |
|   \\  /    A nd           | Website:  www.openfoam.com                      |
|    \\/     M anipulation  |                                                 |
\*---------------------------------------------------------------------------*/
FoamFile
{
    version     2.0;
    format      ascii;
    arch        "LSB;label=32;scalar=64";
    class       volScalarField;
    location    "0.52";
    object      reconstructedDistanceFunction;
}
// * * * * * * * * * * * * * * * * * * * * * * * * * * * * * * * * * * * * * //

dimensions      [0 1 0 0 0 0 0];

internalField   nonuniform List<scalar> 
6400
(
0
0
0
0
0
0
0
0
0
0
0
0
0
0
0
0
0
0
0
0
0
0
0
0
0
0
0
0
0
0
0
0
0
0
0
0
0
0
0
0
0
0
0
0
0
0
0
0
0
0
0
0
0
0
0
0
0
0
0
0
0
0
0
0
0
0
0
0
0
0
0
0
0
0
0
0
0
0
0
0
0
0
0
0
0
0
0
0
0
0
0
0
0
0
0
0
0
0
0
0
0
0
0
0
0
0
0
0
0
0
0
0
0
0
0
0
0
0
0
0
0
0
0
0
0
0
0
0
0
0
0
0
0
0
0
0
0
0
0
0
0
0
0
0
0
0
0
0
0
0
0
0
0
0
0
0
0
0
0
0
0
0
0
0
0
0
0
0
0
0
0
0
0
0
0
0
0
0
0
0
0
0
0
0
0
0
0
0
0
0
0
0
0
0
0
0
0
0
0
0
0
0
0
0
0
0
0
0
0
0
0
0
0
0
0
0
0
0
0
0
0
0
0
0
0
0
0
0
0
0
0
0
0
0
0
0
0
0
0
0
0
0
0
0
0
0
0
0
0
0
0
0
0
0
0
0
0
0
0
0
0
0
0
0
0
0
0
0
0
0
0
0
0
0
0
0
0
0
0
0
0
0
0
0
0
0
0
0
0
0
0
0
0
0
0
0
0
0
0
0
0
0
0
0
0
0
0
0
0
0
0
0
0
0
0
0
0
0
0
0
0
0
0
0
0
0
0
0
0
0
0
0
0
0
0
0
0
0
0
0
0
0
0
0
0
0
0
0
0
0
0
0
0
0
0
0
0
0
0
0
0
0
0
0
0
0
0
0
0
0
0
0
0
0
0
0
0
0
0
0
0
0
0
0
0
0
0
0
0
0
0
0
0
0
0
0
0
0
0
0
0
0
0
0
0
0
0
0
0
0
0
0
0
0
0
0
0
0
0
0
0
0
0
0
0
0
0
0
0
0
0
0
0
0
0
0
0
0
0
0
0
0
0
0
0
0
0
0
0
0
0
0
0
0
0
0
0
0
0
0
0
0
0
0
0
0
0
0
0
0
0
0
0
0
0
0
0
0
0
0
0
0
0
0
0
0
0
0
0
0
0
0
0
0
0
0
0
0
0
0
0
0
0
0
0
0
0
0
0
0
0
0
0
0
0
0
0
0
0
0
0
0
0
0
0
0
0
0
0
0
0
0
0
0
0
0
0
0
0
0
0
0
0
0
0
0
0
0
0
0
0
0
0
0
0
0
0
0
0
0
0
0
0
0
0
0
0
0
0
0
0
0
0
0
0
0
0
0
0
0
0
0
0
0
0
0
0
0
0
0
0
0
0
0
0
0
0
0
0
0
0
0
0
0
0
0
0
0
0
0
0
0
0
0
0
0
0
0
0
0
0
0
0
0
0
0
0
0
0
0
0
0
0
0
0
0
0
0
0
0
0
0
0
0
0
0
0
0
0
0
0
0
0
0
0
0
0
0
0
0
0
0
0
0
0
0
0
0
0
0
0
0
0
0
0
0
0
0
0
0
0
0
0
0
0
0
0
0
0
0
0
0
0
0
0
0
0
0
0
0
0
0
0
0
0
0
0
0
0
0
0
0
0
0
0
0
0
0
0
0
0
0
0
0
0
0
0
0
0
0
0
0
0
0
0
0
0
0
0
0
0
0
0
0
0
0
0
0
0
0
0
0
0
0
0
0
0
0
0
0
0
0
0
0
0
0
0
0
0
0
0
0
0
0
0
0
0
0
0
0
0
0
0
0
0
0
0
0
0
0
0
0
0
0
0
0
0
0
0
0
0
0
0
0
0
0
0
0
0
0
0
0
0
0
0
0
0
0
0
0
0
0
0
0
0
0
0
0
0
0
0
0
0
0
0
0
0
0
0
0
0
0
0
0
0
0
0
0
0
0
0
0
0
0
0
0
0
0
0
0
0
0
0
0
0
0
0
0
0
0
0
0
0
0
0
0
0
0
0
0
0.078329742
0.092252646
0.10756784
0.11052565
0
0
0
0
0
0
0
0
0
0
0
0
0
0
0
0
0
0
0
0
0
0
0
0
0
0
0
0
0
0
0
0
0
0
0
0
0
0
0
0
0
0
0
0
0
0
0
0
0
0
0
0
0
0
0
0
0
0
0
0
0
0
0
0
0
0
0
0
0
0
0
0
0
0
0
0
0.058844823
0.072767727
0.081583247
0.085910321
0.090255886
0.094609857
0
0
0
0
0
0
0
0
0
0
0
0
0
0
0
0
0
0
0
0
0
0
0
0
0
0
0
0
0
0
0
0
0
0
0
0
0
0
0
0
0
0
0
0
0
0
0
0
0
0
0
0
0
0
0
0
0
0
0
0
0
0
0
0
0
0
0
0
0
0
0
0
0
0
0.039359904
0.053282808
0.056967913
0.061294987
0.065640553
0.069994524
0
0
0
0
0
0
0
0
0
0
0
0
0
0
0
0
0
0
0
0
0
0
0
0
0
0
0
0
0
0
0
0
0
0
0
0
0
0
0
0
0
0
0
0
0
0
0
0
0
0
0
0
0
0
0
0
0
0
0
0
0
0
0
0
0
0
0
0
0
0
0
0
0
0
0.019874985
0.038231218
0.03235258
0.036679654
0.041025219
0.04537919
0
0
0
0
0
0
0
0
0
0
0
0
0
0
0
0
0
0
0
0
0
0
0
0
0
0
0
0
0
0
0
0
0
0
0
0
0
0
0
0
0
0
0
0
0
0
0
0
0
0
0
0
0
0
0
0
0
0
0
0
0
0
0
0
0
0
0
0
0
0
0
0
0
0
0.0054613395
0.013549401
0.0077372469
0.012064321
0.016409886
0.020763857
0
0
0
0
0
0
0
0
0
0
0
0
0
0
0
0
0
0
0
0
0
0
0
0
0
0
0
0
0
0
0
0
0
0
0
0
0
0
0
0
0
0
0
0
0
0
0.10120532
0.094498172
0.088275449
0.082626527
0.077577138
0.073247916
0.069743921
0.06707024
0.065252968
0.064271503
0.064128443
0.064794101
0.066230599
0.068387002
0.071187058
0.074531099
0.078312521
0.082401238
0.086706976
0.091061135
0.09548112
0.099801051
0
0
0
0
0
0
0.00019169531
0.011617183
-0.0026896515
0.018649979
0.040080804
0.061553081
0
0
0
0
0
0
0
0
0
0
0
0
0
0
0
0
0
0
0
0
0
0
0
0
0
0
0
0
0
0
0
0
0
0
0
0
0
0
0
0
0
0
0.10802352
0.099935391
0.092013066
0.084440313
0.077209083
0.070346125
0.063940895
0.058181081
0.053025911
0.048625632
0.044985501
0.042199568
0.040303092
0.039279498
0.039130151
0.039821477
0.041309171
0.043533055
0.046405445
0.049815616
0.053649152
0.057773328
0.062093468
0.066448349
0.070879197
0.075172464
0.079264564
0.083021443
0.086423085
0.089325831
0.091802426
0.093733215
-0.012572296
0.00036175438
0.0019697956
0.025233808
0.048597239
0.048871568
0
0
0
0
0
0
0
0
0
0
0
0
0
0
0
0
0
0
0
0
0
0
0
0
0
0
0
0
0
0
0
0
0
0
0
0
0
0
0
0.10965068
0.10118366
0.09267712
0.084418371
0.076272569
0.068262172
0.060567241
0.053212841
0.046200176
0.039642858
0.033855894
0.028558639
0.024003348
0.020227081
0.017328895
0.015353215
0.014287493
0.014131859
0.014848853
0.016387742
0.018679108
0.021623831
0.025100132
0.028985782
0.033144576
0.037479961
0.041874403
0.04625061
0.0505188
0.054551832
0.058251069
0.061605249
0.064461419
0.066885787
0.068780095
-0.0027999579
-0.0011053868
0.012039042
0.02958921
0.0571604
0.080569022
0
0
0
0
0
0
0
0
0
0
0
0
0
0
0
0
0
0
0
0
0
0
0
0
0
0
0
0
0
0
0
0
0
0
0
0
0.11142401
0.10306095
0.094503374
0.086116527
0.077667357
0.069154526
0.06081322
0.052609746
0.044522077
0.036726373
0.029273049
0.022203935
0.015586317
0.0095307073
0.0040913679
-0.0006189364
-0.0045313389
-0.0075417779
-0.0095966606
-0.010704512
-0.010866434
-0.010123771
-0.0085336863
-0.0061748395
-0.0031577832
0.00038464782
0.004322412
0.008515824
0.012866453
0.017261121
0.021622024
0.025855152
0.0298391
0.033480695
0.036787414
0.039592587
0.041969147
0.043826976
0.019246624
0.021135175
0.032298872
0.047225533
0.064850701
0.082509961
0
0
0
0
0
0
0
0
0
0
0
0
0
0
0
0
0
0
0
0
0
0
0
0
0
0
0
0
0
0
0
0
0
0
0.10413904
0.096033824
0.087826249
0.079513312
0.071037586
0.062582375
0.054151052
0.045621988
0.037187911
0.028974471
0.020880544
0.012958065
0.0053999765
-0.0017923069
-0.0085657301
-0.014794479
-0.020375904
-0.025241221
-0.029289759
-0.032412451
-0.034546537
-0.035696517
-0.035864726
-0.035096395
-0.033455115
-0.031028787
-0.027939397
-0.024330836
-0.020340958
-0.016112928
-0.011772946
-0.0073521608
-0.0030065631
0.0011915045
0.0051263685
0.0087103204
0.011969579
0.014723756
0.017052508
0.018873856
0.041293207
0.043375737
0.054539433
0.064861856
0.082487025
0.10014628
0
0
0
0
0
0
0
0
0
0
0
0
0
0
0
0
0
0
0
0
0
0
0
0
0
0
0
0
0
0
0
0.10329237
0.095874825
0.088270791
0.080424046
0.072390804
0.064228488
0.055965674
0.047517074
0.03899561
0.030613883
0.022150764
0.013636909
0.00536932
-0.0027822791
-0.010794181
-0.018473096
-0.025788548
-0.032717777
-0.039133726
-0.044843175
-0.049863505
-0.054048179
-0.057283123
-0.059496413
-0.060688522
-0.060863018
-0.060069019
-0.058376543
-0.055882734
-0.052721011
-0.04904632
-0.045004328
-0.04074168
-0.036385732
-0.031965442
-0.02763515
-0.023472143
-0.019586363
-0.016060054
-0.012848256
-0.010145075
-0.0078641321
-0.0060792633
0.063339789
0.065616298
0.076779995
0.088088675
0.10012335
0.11778261
0
0
0
0
0
0
0
0
0
0
0
0
0
0
0
0
0
0
0
0
0
0
0
0
0
0
0
0.10604976
0.099803391
0.093235763
0.086424802
0.079358602
0.072022945
0.064486381
0.056709054
0.048747784
0.040620576
0.032376059
0.02402145
0.015524277
0.0070797315
-0.0013655411
-0.009881957
-0.018235831
-0.026445102
-0.034534276
-0.042328637
-0.049767297
-0.056797463
-0.063431763
-0.06921404
-0.074443796
-0.078806599
-0.082153796
-0.084446289
-0.085680526
-0.08586131
-0.085041643
-0.083297971
-0.080736681
-0.077502625
-0.073761804
-0.069667698
-0.06535295
-0.060998518
-0.056578724
-0.052263737
-0.048135791
-0.044299095
-0.040830428
-0.037758369
-0.035013907
-0.032780772
-0.031032383
0
0
0
0
0
0
0
0
0
0
0
0
0
0
0
0
0
0
0
0
0
0
0
0
0
0
0
0
0
0.1035176
0.098563243
0.093243206
0.087704776
0.081808792
0.075645994
0.069143016
0.062428284
0.055424837
0.048171066
0.040695799
0.032995129
0.025082492
0.016980641
0.0087782985
0.0004738112
-0.007996235
-0.01645442
-0.024881846
-0.033414494
-0.041852313
-0.050074591
-0.058174315
-0.066096945
-0.073640369
-0.080793704
-0.087477591
-0.093539227
-0.098911067
-0.1034373
0
0
0
0
0
0
0
0
-0.098419782
-0.094291495
-0.089966457
-0.085572158
-0.081185588
-0.076886487
-0.072799438
-0.069011827
-0.065600802
-0.062581483
-0.059882738
-0.057697411
-0.055985502
0
0
0
0
0
0
0
0
0
0
0
0
0
0
0
0
0
0
0
0
0
0
0
0
0.098095168
0.095008745
0.091553903
0.087763876
0.083550388
0.078996089
0.074111055
0.068848696
0.063397077
0.057567824
0.051488598
0.045050269
0.038345896
0.031454168
0.02426827
0.016830415
0.0092166901
0.0013674995
-0.0066623786
-0.014823461
-0.023073828
-0.031516747
-0.040039793
-0.048422926
-0.056882147
-0.065403315
-0.073679743
-0.081837138
-0.089850543
-0.097513442
-0.10478995
0
0
0
0
0
0
0
0
0
0
0
0
0
0
0
0
0
0
-0.097503507
-0.093751742
-0.090314202
-0.087404597
-0.08475157
-0.082614051
-0.080938622
0
0
0
0
0
0
0
0
0.096161063
0.09128413
0.089118516
0.087280656
0.085502887
0.085203932
0.084390497
0.08401238
0.083659939
0.083186047
0.082719495
0.082016715
0.081017577
0.079679353
0.077938738
0.075768534
0.07323609
0.070193388
0.066884656
0.06305816
0.058991801
0.054416134
0.049607225
0.044454464
0.039010957
0.033283755
0.027213748
0.020895787
0.014284156
0.0074341646
0.00033450508
-0.0070214647
-0.014566645
-0.022347493
-0.030305398
-0.038428355
-0.046671908
-0.055018067
-0.063509559
-0.071957078
-0.080398452
-0.088918452
-0.097284894
-0.10549996
0
0
0
0
0
0
0
0
0
0
0
0
0
0
0
0
0
0
0
0
0
0
0
0
0
0
0
0
0
0
0
0.12076053
0.10621212
0.09163557
0.0854228
0.078913262
0.071642369
0.066765436
0.064298067
0.062359661
0.060531891
0.060210752
0.05939579
0.059015456
0.058662965
0.058190077
0.057725854
0.057029662
0.056042392
0.054722548
0.053007937
0.050869951
0.048377012
0.045378031
0.042124301
0.038352444
0.034339061
0.02983418
0.025085714
0.020002276
0.014591311
0.0089593574
0.0029727804
-0.0032616093
-0.0098085912
-0.016585839
-0.02359926
-0.030873344
-0.038357227
-0.046058991
-0.053974073
-0.062072559
-0.070269668
-0.078565706
-0.087030071
-0.095547586
-0.10391476
0
0
0
0
0
0
0
0
0
0
0
0
0
0
0
0
0
0
0
0
0
0
0
0
0
0
0
0
0
0
0
0
0
0
0.10537511
0.085936863
0.071360312
0.062443978
0.054879528
0.047123675
0.042246742
0.039477619
0.037438666
0.035560896
0.035217573
0.034401083
0.034018532
0.03366599
0.033194108
0.032732212
0.032042609
0.031067208
0.029765742
0.028077136
0.025971369
0.023517934
0.020562674
0.017363947
0.01363108
0.0096863205
0.0052522263
0.00056420368
-0.0044499116
-0.0098031989
-0.01536504
-0.021268187
-0.027419006
-0.033901338
-0.040611939
-0.047536491
-0.054755848
-0.062214015
-0.069837431
-0.077689065
-0.085715579
-0.093872409
-0.10211334
-0.11055058
0
0
0
0
0
0
0
0
0
0
0
0
0
0
0
0
0
0
0
0
0
0
0
0
0
0
0
0
0
0
0
0
0
0
0
0.10689647
0.088566635
0.070158468
0.051085054
0.036493351
0.029634465
0.023971506
0.017728048
0.01465717
0.012517671
0.010589901
0.010224393
0.0094063761
0.0090216072
0.0086690153
0.0081981383
0.0077385699
0.0070555559
0.0060920229
0.004808937
0.003146335
0.0010727865
-0.0013411435
-0.0042526829
-0.007396408
-0.011079936
-0.01496642
-0.019329727
-0.023957307
-0.0289021
-0.034197709
-0.039653083
-0.045509155
-0.051622288
-0.05801184
-0.064694327
-0.071556494
-0.078689613
-0.086065895
-0.09361587
-0.10140406
-0.1093586
0
0
0
0
0
0
0
0
0
0
0
0
0
0
0
0
0
0
0
0
0
0
0
0
0
0
0
0
0
0
0
0
0
0
0
0
0
0
0.098127954
0.075912724
0.053349991
0.034906218
0.016218093
0.0066556427
-6.2228259e-05
-0.0067906464
-0.010163279
-0.012384118
-0.014381095
-0.014768786
-0.015588331
-0.015975317
-0.016327959
-0.016797831
-0.017255072
-0.017931497
-0.018883162
-0.020147868
-0.021784466
-0.023825796
-0.026200221
-0.02906804
-0.032156763
-0.035790952
-0.03961916
-0.043911681
-0.048478817
-0.053354288
-0.058592219
-0.064039203
-0.069786086
-0.075863256
-0.082169237
-0.088760221
-0.095576498
-0.10262338
0
0
0
0
0
0
0
0
0
0
0
0
0
0
0
0
0
0
0
0
0
0
0
0
0
0
0
0
0
0
0
0
0
0
0
0
0
0
0
0
0
0
0.088553778
0.065087254
0.042559585
0.020206265
-0.00036520373
-0.014964505
-0.024095963
-0.03130934
-0.034983727
-0.037305697
-0.03935209
-0.039761965
-0.040583038
-0.040972242
-0.041324934
-0.041793801
-0.042248714
-0.04291855
-0.043858346
-0.045104674
-0.046715267
-0.048724378
-0.051059299
-0.053883397
-0.056917117
-0.060501969
-0.064294617
-0.068493635
-0.073045966
-0.07786771
-0.083010906
-0.088425323
-0.094110484
-0.10010422
0
0
0
0
0
0
0
0
0
0
0
0
0
0
0
0
0
0
0
0
0
0
0
0
0
0
0
0
0
0
0
0
0
0
0
0
0
0
0
0
0
0
0
0
0
0
0.081906132
0.057107194
0.033540385
0.0099279924
-0.013213263
-0.035648129
-0.049136653
-0.055005879
-0.059804176
-0.062227275
-0.064323085
-0.064755145
-0.065577745
-0.065969166
-0.066321909
-0.066789771
-0.067242355
-0.067905604
-0.068833531
-0.070061479
-0.071646068
-0.073622961
-0.075918377
-0.078698754
-0.081677472
-0.085212985
-0.089000333
-0.093076626
-0.097627919
0
0
0
0
0
0
0
0
0
0
0
0
0
0
0
0
0
0
0
0
0
0
0
0
0
0
0
0
0
0
0
0
0
0
0
0
0
0
0
0
0
0
0
0
0
0
0
0
0
0
0
0.078812947
0.054241307
0.02956466
0.0048402818
-0.019909797
-0.044675297
-0.069001864
-0.079039613
-0.084624624
-0.087148854
-0.089294081
-0.089748324
-0.090572451
0
0
0
0
0
0
0
0
0
0
0
0
0
0
0
0
0
0
0
0
0
0
0
0
0
0
0
0
0
0
0
0
0
0
0
0
0
0
0
0
0
0
0
0
0
0
0
0
0
0
0
0
0
0
0
0
0
0
0
0
0
0
0
0
0
0
0
0.078973851
0.05424436
0.029409188
0.0045259781
-0.020383098
-0.045307693
-0.070242331
-0.095183839
-0.10974332
0
0
0
0
0
0
0
0
0
0
0
0
0
0
0
0
0
0
0
0
0
0
0
0
0
0
0
0
0
0
0
0
0
0
0
0
0
0
0
0
0
0
0
0
0
0
0
0
0
0
0
0
0
0
0
0
0
0
0
0
0
0
0
0
0
0
0
0
0
0
0
0.080828878
0.056337307
0.031741072
0.0070972611
-0.017572167
-0.042256965
-0.066870339
-0.09132975
0
0
0
0
0
0
0
0
0
0
0
0
0
0
0
0
0
0
0
0
0
0
0
0
0
0
0
0
0
0
0
0
0
0
0
0
0
0
0
0
0
0
0
0
0
0
0
0
0
0
0
0
0
0
0
0
0
0
0
0
0
0
0
0
0
0
0
0
0
0
0
0
0.084511427
0.060259935
0.035904804
0.011502565
-0.013101591
-0.037511855
-0.061931955
-0.085932159
0
0
0
0
0
0
0
0
0
0
0
0
0
0
0
0
0
0
0
0
0
0
0
0
0
0
0
0
0
0
0
0
0
0
0
0
0
0
0
0
0
0
0
0
0
0
0
0
0
0
0
0
0
0
0
0
0
0
0
0
0
0
0
0
0
0
0
0
0
0
0
0
0.089410521
0.065191335
0.040868649
0.016990714
-0.0072098335
-0.031425459
-0.055586522
-0.079670509
-0.10375924
0
0
0
0
0
0
0
0
0
0
0
0
0
0
0
0
0
0
0
0
0
0
0
0
0
0
0
0
0
0
0
0
0
0
0
0
0
0
0
0
0
0
0
0
0
0
0
0
0
0
0
0
0
0
0
0
0
0
0
0
0
0
0
0
0
0
0
0
0
0
0
0.095370208
0.071344137
0.047254173
0.02322648
-0.00082619002
-0.024893846
-0.048976162
-0.073011606
-0.097051779
0
0
0
0
0
0
0
0
0
0
0
0
0
0
0
0
0
0
0
0
0
0
0
0
0
0
0
0
0
0
0
0
0
0
0
0
0
0
0
0
0
0
0
0
0
0
0
0
0
0
0
0
0
0
0
0
0
0
0
0
0
0
0
0
0
0
0
0
0
0
0
0.10173006
0.077850803
0.053869496
0.02986593
0.005861741
-0.018157404
-0.042135703
-0.06614076
-0.090326748
0
0
0
0
0
0
0
0
0
0
0
0
0
0
0
0
0
0
0
0
0
0
0
0
0
0
0
0
0
0
0
0
0
0
0
0
0
0
0
0
0
0
0
0
0
0
0
0
0
0
0
0
0
0
0
0
0
0
0
0
0
0
0
0
0
0
0
0
0
0
0
0
0.084568099
0.060635129
0.036722175
0.012748333
-0.01141201
-0.035400756
-0.059273477
-0.083248841
-0.10722769
0
0
0
0
0
0
0
0
0
0
0
0
0
0
0
0
0
0
0
0
0
0
0
0
0
0
0
0
0
0
0
0
0
0
0
0
0
0
0
0
0
0
0
0
0
0
0
0
0
0
0
0
0
0
0
0
0
0
0
0
0
0
0
0
0
0
0
0
0
0
0
0.091294111
0.067401056
0.043461787
0.019631324
-0.0043230688
-0.028287113
-0.052269186
-0.076260305
-0.10025491
0
0
0
0
0
0
0
0
0
0
0
0
0
0
0
0
0
0
0
0
0
0
0
0
0
0
0
0
0
0
0
0
0
0
0
0
0
0
0
0
0
0
0
0
0
0
0
0
0
0
0
0
0
0
0
0
0
0
0
0
0
0
0
0
0
0
0
0
0
0
0
0.098369586
0.074501135
0.050586518
0.026628697
0.0026585635
-0.021321228
-0.045199615
-0.069226919
-0.093257716
0
0
0
0
0
0
0
0
0
0
0
0
0
0
0
0
0
0
0
0
0
0
0
0
0
0
0
0
0
0
0
0
0
0
0
0
0
0
0
0
0
0
0
0
0
0
0
0
0
0
0
0
0
0
0
0
0
0
0
0
0
0
0
0
0
0
0
0
0
0
0
0.10535993
0.081475798
0.057545465
0.03368062
0.0096743339
-0.014341625
-0.038561629
-0.062598734
-0.086623576
0
0
0
0
0
0
0
0
0
0
0
0
0
0
0
0
0
0
0
0
0
0
0
0
0
0
0
0
0
0
0
0
0
0
0
0
0
0
0
0
0
0
0
0
0
0
0
0
0
0
0
0
0
0
0
0
0
0
0
0
0
0
0
0
0
0
0
0
0
0
0
0
0.088473798
0.064314516
0.04031339
0.016335501
-0.0077460443
-0.031834226
-0.055987535
-0.080162161
-0.10433946
0
0
0
0
0
0
0
0
0
0
0
0
0
0
0
0
0
0
0
0
0
0
0
0
0
0
0
0
0
0
0
0
0
0
0
0
0
0
0
0
0
0
0
0
0
0
0
0
0
0
0
0
0
0
0
0
0
0
0
0
0
0
0
0
0
0
0
0
0
0
0
0.095096088
0.071064211
0.046966737
0.022816768
-0.0013429317
-0.025509288
-0.049680401
-0.07390047
-0.098180353
0
0
0
0
0
0
0
0
0
0
0
0
0
0
0
0
0
0
0
0
0
0
0
0
0
0
0
0
0
0
0
0
0
0
0
0
0
0
0
0
0
0
0
0
0
0
0
0
0
0
0
0
0
0
0
0
0
0
0
0
0
0
0
0
0
0
0
0
0
0
0
0.10151867
0.077408803
0.053273871
0.02908093
0.0048187193
-0.019450177
-0.043723848
-0.068029461
-0.092399657
0
0
0
0
0
0
0
0
0
0
0
0
0
0
0
0
0
0
0
0
0
0
0
0
0
0
0
0
0
0
0
0
0
0
0
0
0
0
0
0
0
0
0
0
0
0
0
0
0
0
0
0
0
0
0
0
0
0
0
0
0
0
0
0
0
0
0
0
0
0
0
0
0.083470127
0.059270291
0.034927642
0.010575185
-0.013783982
-0.038257236
-0.062639265
-0.087036633
0
0
0
0
0
0
0
0
0
0
0
0
0
0
0
0
0
0
0
0
0
0
0
0
0
0
0
0
0
0
0
0
0
0
0
0
0
0
0
0
0
0
0
0
0
0
0
0
0
0
0
0
0
0
0
0
0
0
0
0
0
0
0
0
0
0
0
0
0
0
0
0
0.0890104
0.064668406
0.040311246
0.01585611
-0.0086242582
-0.033109444
-0.05759819
-0.082182373
0
0
0
0
0
0
0
0
0
0
0
0
0
0
0
0
0
0
0
0
0
0
0
0
0
0
0
0
0
0
0
0
0
0
0
0
0
0
0
0
0
0
0
0
0
0
0
0
0
0
0
0
0
0
0
0
0
0
0
0
0
0
0
0
0
0
0
0
0
0
0
0
0.094189029
0.069740494
0.045130266
0.020516438
-0.0041041729
-0.028729628
-0.053358665
-0.077990423
0
0
0
0
0
0
0
0
0
0
0
0
0
0
0
0
0
0
0
0
0
0
0
0
0
0
0
0
0
0
0
0
0
0
0
0
0
0
0
0
0
0
0
0
0
0
0
0
0
0
0
0
0
0
0
0
0
0
0
0
0
0
0
0
0
0
0
0
0
0
0
0
0.098514727
0.073917059
0.049184255
0.024441486
-0.00030810164
-0.025062559
-0.049820616
-0.074581408
0
0
0
0
0
0
0
0
0
0
0
0
0
0
0
0
0
0
0
0
0
0
0
0
0
0
0
0
0
0
0
0
0
0
0
0
0
0
0
0
0
0
0
0
0
0
0
0
0
0
0
0
0
0
0
0
0
0
0
0
0
0
0
0
0
0
0
0
0
0
0
0
0
0.077110976
0.052265096
0.027409206
0.0025464663
-0.022321165
-0.047192413
-0.072066409
0
0
0
0
0
0
0
0
0
0
0
0
0
0
0
0
0
0
0
0
0
0
0
0
0
0
0
0
0
0
0
0
0
0
0
0
0
0
0
0
0
0
0
0
0
0
0
0
0
0
0
0
0
0
0
0
0
0
0
0
0
0
0
0
0
0
0
0
0
0
0
0
0
0.079164264
0.05423632
0.029298333
0.0043534736
-0.020596294
-0.04554969
-0.070505843
0
0
0
0
0
0
0
0
0
0
0
0
0
0
0
0
0
0
0
0
0
0
0
0
0
0
0
0
0
0
0
0
0
0
0
0
0
0
0
0
0
0
0
0
0
0
0
0
0
0
0
0
0
0
0
0
0
0
0
0
0
0
0
0
0
0
0
0
0
0
0
0
0
0.079816263
0.054859162
0.029892006
0.0049179702
-0.02006098
-0.045043563
-0.070028906
0
0
0
0
0
0
0
0
0
0
0
0
0
0
0
0
0
0
0
0
0
0
0
0
0
0
0
0
0
0
0
0
0
0
0
0
0
0
0
0
0
0
0
0
0
0
0
0
0
0
0
0
0
0
0
0
0
0
0
0
0
0
0
0
0
0
0
0
0
0
0
0
0
0.078896812
0.053986434
0.02906602
0.0041387384
-0.020793448
-0.04572926
-0.070667827
0
0
0
0
0
0
0
0
0
0
0
0
0
0
0
0
0
0
0
0
0
0
0
0
0
0
0
0
0
0
0
0
0
0
0
0
0
0
0
0
0
0
0
0
0
0
0
0
0
0
0
0
0
0
0
0
0
0
0
0
0
0
0
0
0
0
0
0
0
0
0
0
0.10073535
0.076167338
0.051395585
0.026613852
0.0018252901
-0.02296815
-0.047765195
-0.07256498
0
0
0
0
0
0
0
0
0
0
0
0
0
0
0
0
0
0
0
0
0
0
0
0
0
0
0
0
0
0
0
0
0
0
0
0
0
0
0
0
0
0
0
0
0
0
0
0
0
0
0
0
0
0
0
0
0
0
0
0
0
0
0
0
0
0
0
0
0
0
0
0
0.095272371
0.071226297
0.047038551
0.022512586
-0.0020201371
-0.026557687
-0.051098806
-0.075642636
0
0
0
0
0
0
0
0
0
0
0
0
0
0
0
0
0
0
0
0
0
0
0
0
0
0
0
0
0
0
0
0
0
0
0
0
0
0
0
0
0
0
0
0
0
0
0
0
0
0
0
0
0
0
0
0
0
0
0
0
0
0
0
0
0
0
0
0
0
0
0
0.1103388
0.087438862
0.064102159
0.040585793
0.016455121
-0.0076222625
-0.031704384
-0.055778695
-0.080322525
0
0
0
0
0
0
0
0
0
0
0
0
0
0
0
0
0
0
0
0
0
0
0
0
0
0
0
0
0
0
0
0
0
0
0
0
0
0
0
0
0
0
0
0
0
0
0
0
0
0
0
0
0
0
0
0
0
0
0
0
0
0
0
0
0
0
0
0
0
0
0.1191832
0.098747522
0.077030938
0.054577728
0.031927626
0.0085669742
-0.014836914
-0.038382554
-0.061931618
-0.08651766
0
0
0
0
0
0
0
0
0
0
0
0
0
0
0
0
0
0
0
0
0
0
0
0
0
0
0
0
0
0
0
0
0
0
0
0
0
0
0
0
0
0
0
0
0
0
0
0
0
0
0
0
0
0
0
0
0
0
0
0
0
0
0
0
0
0
0
0
0
0.11971655
0.10310888
0.084310478
0.064336846
0.04291045
0.021324615
-0.0012439103
-0.023807436
-0.046995091
-0.070370176
-0.093830461
0
0
0
0
0
0
0
0
0
0
0
0
0
0
0
0
0
0
0
0
0
0
0
0
0
0
0
0
0
0
0
0
0
0
0
0
0
0
0
0
0
0
0
0
0
0
0
0
0
0
0
0
0
0
0
0
0
0
0
0
0
0
0
0
0
0
0
0
0.11039211
0.099039264
0.08486664
0.067849656
0.049714097
0.029383622
0.008794338
-0.01281801
-0.034418493
-0.057091505
-0.079662752
-0.10257113
0
0
0
0
0
0
0
0
0
0
0
0
0
0
0
0
0
0
0
0
0
0
0
0
0
0
0
0
0
0
0
0
0
0
0
0
0
0
0
0
0
0
0
0
0
0
0
0
0
0
0
0
0
0
0
0
0
0
0
0
0
0
0
0
0
0
0
0.091887322
0.08642557
0.077206551
0.064715628
0.050228318
0.03255609
0.014540663
-0.0055609559
-0.025659895
-0.046784145
-0.068571319
-0.090378857
-0.1129526
0
0
0
0
0
0
0
0
0
0
0
0
0
0
0
0
0
0
0
0
0
0
0
0
0
0
0
0
0
0
0
0
0
0
0
0
0
0
0
0
0
0
0
0
0
0
0
0
0
0
0
0
0
0
0
0
0
0
0
0
0
0
0
0
0
0
0
0.067090752
0.062647304
0.054754636
0.043207296
0.029930947
0.015026078
-0.002755967
-0.020644683
-0.040513603
-0.060555197
-0.081248353
-0.10237983
0
0
0
0
0
0
0
0
0
0
0
0
0
0
0
0
0
0
0
0
0
0
0
0
0
0
0
0
0
0
0
0
0
0
0
0
0
0
0
0
0
0
0
0
0
0
0
0
0
0
0
0
0
0
0
0
0
0
0
0
0
0
0
0
0
0
0
0
0.042294182
0.038956801
0.031320867
0.021511922
0.0091357715
-0.0050111291
-0.020193061
-0.038079119
-0.055837738
-0.074983043
-0.095517309
-0.11571563
0
0
0
0
0
0
0
0
0
0
0
0
0
0
0
0
0
0
0
0
0
0
0
0
0
0
0
0
0
0
0
0
0
0
0
0
0
0
0
0
0
0
0
0
0
0
0
0
0
0
0
0
0
0
0
0
0
0
0
0
0
0
0
0
0
0
0
0
0.017497612
0.014927884
0.0075426019
-0.0010149689
-0.012539914
-0.02526944
-0.039968714
-0.055422339
-0.07340945
-0.091036067
-0.11018514
0
0
0
0
0
0
0
0
0
0
0
0
0
0
0
0
0
0
0
0
0
0
0
0
0
0
0
0
0
0
0
0
0
0
0
0
0
0
0
0
0
0
0
0
0
0
0
0
0
0
0
0
0
0
0
0
0
0
0
0
0
0
0
0
0
0
0
0
0
-0.0072989578
-0.0096663484
-0.016235664
-0.02374652
-0.034235288
-0.046469577
-0.059991133
-0.074367402
-0.090658179
-0.10874469
0
0
0
0
0
0
0
0
0
0
0
0
0
0
0
0
0
0
0
0
0
0
0
0
0
0
0
0
0
0
0
0
0
0
0
0
0
0
0
0
0
0
0
0
0
0
0
0
0
0
0
0
0
0
0
0
0
0
0
0
0
0
0
0
0
0
0
0
0
0
-0.032095528
-0.034260581
-0.039407653
-0.047660129
-0.056828619
-0.068311024
-0.080888516
-0.094958024
-0.10960324
0
0
0
0
0
0
0
0
0
0
0
0
0
0
0
0
0
0
0
0
0
0
0
0
0
0
0
0
0
0
0
0
0
0
0
0
0
0
0
0
0
0
0
0
0
0
0
0
0
0
0
0
0
0
0
0
0
0
0
0
0
0
0
0
0
0
0
0
0
0
0
-0.056892098
-0.058854813
-0.063907614
-0.071438394
-0.079560169
-0.089930738
-0.10208865
-0.11531569
0
0
0
0
0
0
0
0
0
0
0
0
0
0
0
0
0
0
0
0
0
0
0
0
0
0
0
0
0
0
0
0
0
0
0
0
0
0
0
0
0
0
0
0
0
0
0
0
0
0
0
0
0
0
0
0
0
0
0
0
0
0
0
0
0
0
0
0
0
0
0
0
-0.081688668
-0.083449046
-0.087835306
-0.09521666
-0.10229172
0
0
0
0
0
0
0
0
0
0
0
0
0
0
0
0
0
0
0
0
0
0
0
0
0
0
0
0
0
0
0
0
0
0
0
0
0
0
0
0
0
0
0
0
0
0
0
0
0
0
0
0
0
0
0
0
0
0
0
0
0
0
0
0
0
0
0
0
0
0
0
0
0
0
0
0
0
0
0
0
0
0
0
0
0
0
0
0
0
0
0
0
0
0
0
0
0
0
0
0
0
0
0
0
0
0
0
0
0
0
0
0
0
0
0
0
0
0
0
0
0
0
0
0
0
0
0
0
0
0
0
0
0
0
0
0
0
0
0
0
0
0
0
0
0
0
0
0
0
0
0
0
0
0
0
0
0
0
0
0
0
0
0
0
0
0
0
0
0
0
0
0
0
0
0
0
0
0
0
0
0
0
0
0
0
0
0
0
0
0
0
0
0
0
0
0
0
0
0
0
0
0
0
0
0
0
0
0
0
0
0
0
0
0
0
0
0
0
0
0
0
0
0
0
0
0
0
0
0
0
0
0
0
0
0
0
0
0
0
0
0
0
0
0
0
0
0
0
0
0
0
0
0
0
0
0
0
0
0
0
0
0
0
0
0
0
0
0
0
0
0
0
0
0
0
0
0
0
0
0
0
0
0
0
0
0
0
0
0
0
0
0
0
0
0
0
0
0
0
0
0
0
0
0
0
0
0
0
0
0
0
0
0
0
0
0
0
0
0
0
0
0
0
0
0
0
0
0
0
0
0
0
0
0
0
0
0
0
0
0
0
0
0
0
0
0
0
0
0
0
0
0
0
0
0
0
0
0
0
0
0
0
0
0
0
0
0
0
0
0
0
0
0
0
0
0
0
0
0
0
0
0
0
0
0
0
0
0
0
0
0
0
0
0
0
0
0
0
0
0
0
0
0
0
0
0
0
0
0
0
0
0
0
0
0
0
0
0
0
0
0
0
0
0
0
0
0
0
0
0
0
0
0
0
0
0
0
0
0
0
0
0
0
0
0
0
0
0
0
0
0
0
0
0
0
0
0
0
0
0
0
0
0
0
0
0
0
0
0
0
0
0
0
0
0
0
0
0
0
0
0
0
0
0
0
0
0
0
0
0
0
0
0
0
0
0
0
0
0
0
0
0
0
0
0
0
0
0
0
0
0
0
0
0
0
0
0
0
0
0
0
0
0
0
0
0
0
0
0
0
0
0
0
0
0
0
0
0
0
0
0
0
0
0
0
0
0
0
0
0
0
0
0
0
0
0
0
0
0
0
0
0
0
0
0
0
0
0
0
0
0
0
0
0
0
0
0
0
0
0
0
0
0
0
0
0
0
0
0
0
0
0
0
0
0
0
0
0
0
0
0
0
0
0
0
0
0
0
0
0
0
0
0
0
0
0
0
0
0
0
0
0
0
0
0
0
0
0
0
0
0
0
0
0
0
0
0
0
0
0
0
0
0
0
0
0
0
0
0
0
0
0
0
0
0
0
0
0
0
0
0
0
0
0
0
0
0
0
0
0
0
0
0
0
0
0
0
0
0
0
0
0
0
0
0
0
0
0
0
0
0
0
0
0
0
0
0
0
0
0
0
0
0
0
0
0
0
0
0
0
0
0
0
0
0
0
0
0
0
0
0
0
0
0
0
0
0
0
0
0
0
0
0
0
0
0
0
0
0
0
0
0
0
0
0
0
0
0
0
0
0
0
0
0
0
0
0
0
0
0
0
0
0
0
0
0
0
0
0
0
0
0
0
0
0
0
0
0
0
0
0
0
0
0
0
0
0
0
0
0
0
0
0
0
0
0
0
0
0
0
0
0
0
0
0
0
0
0
0
0
0
0
0
0
0
0
0
0
0
0
0
0
0
0
0
0
0
0
0
0
0
0
0
0
0
0
0
0
0
0
0
0
0
0
0
0
0
0
0
0
0
0
0
0
0
0
0
0
0
0
0
0
0
0
0
0
0
0
0
0
0
0
0
0
0
0
0
0
0
0
0
0
0
0
0
0
0
0
0
0
0
0
0
0
0
0
0
0
0
0
0
0
0
0
0
0
0
0
0
0
0
0
0
0
0
0
0
0
0
0
0
0
0
0
0
0
0
0
0
0
0
0
0
0
0
0
0
0
0
0
0
0
0
0
0
0
0
0
0
0
0
0
0
0
0
0
0
0
0
0
0
0
0
0
0
0
0
0
0
0
0
0
0
0
0
0
0
0
0
0
0
0
0
0
0
0
0
0
0
0
0
0
0
0
0
0
0
0
0
0
0
0
0
0
0
0
0
0
0
0
0
0
0
0
0
0
0
0
0
0
0
0
0
0
0
0
0
0
0
0
0
0
0
0
0
0
0
0
0
0
0
0
0
0
0
0
0
0
0
0
0
0
0
0
0
0
0
0
0
0
0
0
0
0
0
0
0
0
0
0
0
0
0
0
0
0
0
0
0
0
0
0
0
0
0
0
0
0
0
0
0
0
0
0
0
0
0
0
0
0
0
0
0
0
0
0
0
0
0
0
0
0
0
0
0
)
;

boundaryField
{
    bottom
    {
        type            calculated;
        value           nonuniform List<scalar> 0();
    }
    top
    {
        type            calculated;
        value           nonuniform List<scalar> 0();
    }
    right
    {
        type            calculated;
        value           nonuniform List<scalar> 0();
    }
    back
    {
        type            wedge;
    }
    front
    {
        type            wedge;
    }
    axis
    {
        type            empty;
    }
    procBoundary2to0
    {
        type            processor;
        value           uniform 0;
    }
    procBoundary2to3
    {
        type            processor;
        value           nonuniform List<scalar> 
80
(
0
0
0
0
0
0
0
0
0
0
0
0
0
0
0
0
0
0.07013246
0.045153631
0.020174801
-0.0048040283
-0.029782858
-0.054761687
-0.079740517
0
0
0
0
0
0
0
0
0
0
0
0
0
0
0
0
0
0
0
0
0
0
0
0
0
0
0
0
0
0
0
0
0
0
0
0
0
0
0
0
0
0
0
0
0
0
0
0
0
0
0
0
0
0
0
0
)
;
    }
    procBoundary2to4
    {
        type            processor;
        value           uniform 0;
    }
}


// ************************************************************************* //
