/*--------------------------------*- C++ -*----------------------------------*\
| =========                 |                                                 |
| \\      /  F ield         | OpenFOAM: The Open Source CFD Toolbox           |
|  \\    /   O peration     | Version:  2106                                  |
|   \\  /    A nd           | Website:  www.openfoam.com                      |
|    \\/     M anipulation  |                                                 |
\*---------------------------------------------------------------------------*/
FoamFile
{
    version     2.0;
    format      ascii;
    arch        "LSB;label=32;scalar=64";
    class       volScalarField;
    location    "0.043";
    object      p_rgh;
}
// * * * * * * * * * * * * * * * * * * * * * * * * * * * * * * * * * * * * * //

dimensions      [1 -1 -2 0 0 0 0];

internalField   nonuniform List<scalar> 
4096
(
1.5587572
1.5437296
1.5138197
1.4693165
1.4106501
1.3383874
1.2532266
1.1559902
1.0476173
0.92915426
0.80174452
0.66661756
0.52507697
0.37848776
0.22826323
0.075851096
-0.077281021
-0.22965623
-0.37980814
-0.52629305
-0.66770062
-0.80267082
-0.92990609
-1.0481836
-1.156367
-1.2534171
-1.3384023
-1.4105066
-1.4690382
-1.5134353
-1.5432721
-1.5582624
-1.5582624
-1.5432721
-1.5134353
-1.4690382
-1.4105066
-1.3384023
-1.2534171
-1.156367
-1.0481836
-0.92990609
-0.80267082
-0.66770062
-0.52629305
-0.37980814
-0.22965623
-0.077281022
0.075851095
0.22826323
0.37848776
0.52507697
0.66661756
0.80174452
0.92915426
1.0476173
1.1559902
1.2532266
1.3383874
1.4106501
1.4693165
1.5138197
1.5437296
1.5587572
1.57234
1.5571817
1.5270117
1.4821215
1.4229448
1.3500535
1.2641516
1.1660689
1.0567525
0.93725789
0.80873833
0.67243401
0.52965983
0.38179268
0.23025815
0.07651664
-0.077950832
-0.23165616
-0.38311919
-0.53088292
-0.67352539
-0.80967467
-0.93802175
-1.0573331
-1.1664623
-1.2643612
-1.3500898
-1.422825
-1.4818687
-1.5266544
-1.5567524
-1.5718739
-1.5718739
-1.5567524
-1.5266544
-1.4818687
-1.422825
-1.3500898
-1.2643612
-1.1664623
-1.0573331
-0.93802176
-0.80967467
-0.67352539
-0.53088292
-0.38311919
-0.23165616
-0.077950833
0.07651664
0.23025815
0.38179268
0.52965983
0.67243401
0.80873833
0.93725789
1.0567525
1.1660689
1.2641516
1.3500535
1.4229448
1.4821215
1.5270117
1.5571817
1.57234
1.6013827
1.5859445
1.5552172
1.5094978
1.449228
1.3749901
1.2875013
1.1876065
1.0762704
0.95456791
0.82367363
0.68485063
0.53943811
0.3888384
0.23450342
0.077920624
-0.079401444
-0.23594745
-0.39021004
-0.54070476
-0.68598359
-0.82464926
-0.95536856
-1.0768851
-1.1880314
-1.2877398
-1.3750529
-1.4491325
-1.5092676
-1.5548811
-1.5855354
-1.6009365
-1.6009365
-1.5855354
-1.5548811
-1.5092676
-1.4491325
-1.3750529
-1.2877398
-1.1880314
-1.0768851
-0.95536856
-0.82464926
-0.68598359
-0.54070476
-0.39021004
-0.23594745
-0.079401445
0.077920623
0.23450342
0.3888384
0.5394381
0.68485063
0.82367363
0.95456791
1.0762704
1.1876065
1.2875013
1.3749901
1.449228
1.5094978
1.5552172
1.5859445
1.6013827
1.645867
1.6299997
1.5984183
1.5514281
1.4894832
1.4131819
1.3232613
1.2205901
1.1061595
0.98107431
0.84654194
0.70386055
0.55440655
0.3996213
0.24099709
0.080062737
-0.081631213
-0.24252735
-0.40107654
-0.55575286
-0.70506813
-0.84758628
-0.98193708
-1.1068293
-1.2210629
-1.3235409
-1.4132791
-1.4894162
-1.5512214
-1.5981017
-1.6296073
-1.645436
-1.645436
-1.6296073
-1.5981017
-1.5512214
-1.4894162
-1.4132791
-1.3235409
-1.2210629
-1.1068293
-0.98193708
-0.84758628
-0.70506813
-0.55575286
-0.40107654
-0.24252736
-0.081631213
0.080062736
0.24099709
0.3996213
0.55440655
0.70386055
0.84654194
0.98107431
1.1061595
1.2205901
1.3232613
1.4131819
1.4894832
1.5514281
1.5984183
1.6299997
1.645867
1.7061042
1.6896557
1.6569176
1.6082063
1.5439924
1.4648964
1.3716825
1.2652508
1.1466292
1.0169629
0.87750364
0.72959706
0.57467009
0.4142169
0.24978448
0.082957674
-0.08465614
-0.25144254
-0.41579566
-0.57613367
-0.73091394
-0.87864786
-1.0179151
-1.1473772
-1.2657905
-1.3720176
-1.4650386
-1.5439608
-1.6080267
-1.6566217
-1.6892797
-1.7056874
-1.7056874
-1.6892797
-1.6566217
-1.6080267
-1.5439608
-1.4650386
-1.3720176
-1.2657905
-1.1473772
-1.0179151
-0.87864786
-0.73091394
-0.57613367
-0.41579566
-0.25144254
-0.084656141
0.082957674
0.24978448
0.4142169
0.57467009
0.72959706
0.87750364
1.0169629
1.1466292
1.2652508
1.3716825
1.4648964
1.5439924
1.6082063
1.6569176
1.6896557
1.7061042
1.7826777
1.7654902
1.7312814
1.6803818
1.6132833
1.5306342
1.433233
1.3220205
1.1980707
1.0625803
0.91685738
0.76230807
0.60042346
0.43276489
0.2609489
0.086631566
-0.088507498
-0.26278136
-0.43451202
-0.60204664
-0.76377335
-0.91813676
-1.0636529
-1.1989234
-1.3226487
-1.4336408
-1.5308341
-1.6132958
-1.6802348
-1.731009
-1.7651314
-1.7822748
-1.7822748
-1.7651314
-1.731009
-1.6802348
-1.6132958
-1.5308341
-1.4336408
-1.3226487
-1.1989234
-1.0636529
-0.91813676
-0.76377335
-0.60204664
-0.43451202
-0.26278136
-0.088507499
0.086631566
0.2609489
0.43276489
0.60042346
0.76230807
0.91685738
1.0625803
1.1980707
1.3220205
1.433233
1.5306342
1.6132833
1.6803818
1.7312814
1.7654902
1.7826777
1.8763286
1.8582373
1.8222295
1.7686532
1.6980262
1.6110309
1.508508
1.3914477
1.2609807
1.1183667
0.96498243
0.80230831
0.63191382
0.45544249
0.27459593
0.091117345
-0.093225296
-0.27665635
-0.45740961
-0.63374537
-0.80396711
-0.96643781
-1.1195956
-1.2619689
-1.39219
-1.5090087
-1.6113037
-1.6980936
-1.7685457
-1.8219844
-1.8578974
-1.8759404
-1.8759404
-1.8578974
-1.8219844
-1.7685457
-1.6980936
-1.6113037
-1.5090087
-1.39219
-1.2619689
-1.1195956
-0.96643781
-0.80396711
-0.63374537
-0.45740961
-0.27665635
-0.093225297
0.091117345
0.27459593
0.45544249
0.63191382
0.80230831
0.96498243
1.1183667
1.2609807
1.3914477
1.508508
1.6110309
1.6980262
1.7686532
1.8222295
1.8582373
1.8763286
1.987954
1.9687851
1.9306327
1.8738655
1.7990321
1.7068559
1.5982274
1.4741961
1.3359601
1.1848543
1.0223376
0.84997849
0.66944012
0.48246401
0.29085317
0.096454693
-0.098858128
-0.29320389
-0.48471125
-0.67153695
-0.85188357
-1.0240168
-1.186282
-1.3371202
-1.4750828
-1.5988453
-1.7072202
-1.7991677
-1.8738063
-1.9304203
-1.9684671
-1.9875821
-1.9875821
-1.9684671
-1.9304203
-1.8738063
-1.7991677
-1.7072202
-1.5988453
-1.4750828
-1.3371202
-1.186282
-1.0240168
-0.85188357
-0.67153695
-0.48471125
-0.29320389
-0.098858128
0.096454693
0.29085317
0.48246401
0.66944012
0.84997848
1.0223376
1.1848543
1.3359601
1.4741961
1.5982274
1.7068559
1.7990321
1.8738655
1.9306327
1.9687851
1.987954
2.118622
2.0981915
2.0575282
1.9970252
1.9172672
1.8190252
1.7032487
1.5710562
1.4237248
1.2626775
1.0894692
0.90577186
0.71335821
0.51408445
0.30987235
0.10269061
-0.10546416
-0.31258671
-0.51668261
-0.71578738
-0.90798551
-1.0914288
-1.2643541
-1.4251001
-1.5721234
-1.704013
-1.8195034
-1.9174874
-1.9970255
-2.0573556
-2.0978996
-2.1182692
-2.1182692
-2.0978996
-2.0573556
-1.9970255
-1.9174874
-1.8195034
-1.704013
-1.5721234
-1.4251001
-1.2643541
-1.0914288
-0.90798551
-0.71578738
-0.51668261
-0.31258671
-0.10546416
0.10269061
0.30987235
0.51408445
0.71335821
0.90577186
1.0894692
1.2626775
1.4237248
1.5710562
1.7032487
1.8190252
1.9172672
1.9970252
2.0575282
2.0981915
2.118622
2.2695836
2.2476955
2.2041309
2.139311
2.0538627
1.9486118
1.8245758
1.6829533
1.5251126
1.3525783
1.1670166
0.97021892
0.76408449
0.55060211
0.33183076
0.10987971
-0.11311191
-0.33499581
-0.55363526
-0.76692576
-0.97281532
-1.1693242
-1.3545638
-1.5267549
-1.6842446
-1.8255216
-1.9492312
-2.0541875
-2.1393847
-2.2040069
-2.2474352
-2.2692538
-2.2692538
-2.2474352
-2.2040069
-2.1393847
-2.0541875
-1.9492312
-1.8255216
-1.6842446
-1.5267549
-1.3545638
-1.1693242
-0.97281532
-0.76692576
-0.55363526
-0.33499581
-0.11311191
0.10987972
0.33183076
0.55060211
0.76408449
0.97021892
1.1670166
1.3525783
1.5251126
1.6829533
1.8245758
1.9486118
2.0538627
2.139311
2.2041309
2.2476955
2.2695836
2.4422843
2.4187282
2.3718439
2.3020847
2.2101254
2.096855
1.9633686
1.8109564
1.6410912
1.4554141
1.2557184
1.0439322
0.82209956
0.59236107
0.35693271
0.11808454
-0.12188121
-0.36065252
-0.59592987
-0.8254485
-1.0470003
-1.258455
-1.4577807
-1.6430632
-1.8125243
-1.9645385
-2.0976486
-2.2105792
-2.3022488
-2.3717797
-2.4185066
-2.4419824
-2.4419824
-2.4185066
-2.3717797
-2.3022488
-2.2105792
-2.0976486
-1.9645385
-1.8125243
-1.6430632
-1.4577807
-1.258455
-1.0470003
-0.8254485
-0.59592987
-0.36065252
-0.12188121
0.11808454
0.35693271
0.59236107
0.82209956
1.0439322
1.2557184
1.4554141
1.6410912
1.8109564
1.9633686
2.096855
2.2101254
2.3020847
2.3718439
2.4187282
2.4422843
2.6383775
2.6129271
2.5622726
2.486904
2.3875502
2.2651722
2.1209534
1.9562879
1.7727674
1.572165
1.3564186
1.1276115
0.88795245
0.63975417
0.38541101
0.1273757
-0.13186433
-0.38981105
-0.64398003
-0.89192453
-1.1312591
-1.3596826
-1.5750004
-1.7751452
-1.9581965
-2.1223995
-2.2661806
-2.3881631
-2.4871793
-2.5622821
-2.6127531
-2.6381098
-2.6381098
-2.6127531
-2.5622821
-2.4871793
-2.3881631
-2.2661806
-2.1223995
-1.9581965
-1.7751452
-1.5750004
-1.3596826
-1.1312591
-0.89192453
-0.64398003
-0.38981105
-0.13186433
0.1273757
0.38541101
0.63975417
0.88795245
1.1276115
1.3564186
1.572165
1.7727674
1.9562879
2.1209534
2.2651722
2.3875502
2.486904
2.5622726
2.6129271
2.6383775
2.8597403
2.832151
2.7772394
2.6955369
2.587834
2.4551725
2.2988356
2.1203352
1.9213967
1.7039429
1.4700747
1.2220506
0.96226539
0.69322619
0.41752872
0.13783196
-0.14316749
-0.42276154
-0.69825693
-0.96700135
-1.2264092
-1.4739864
-1.7073546
-1.9242737
-2.1226633
-2.300622
-2.4564456
-2.588643
-2.6959496
-2.7773398
-2.8320357
-2.8595149
-2.8595149
-2.8320357
-2.7773398
-2.6959496
-2.588643
-2.4564456
-2.300622
-2.1226633
-1.9242737
-1.7073546
-1.4739864
-1.2264092
-0.96700135
-0.69825693
-0.42276154
-0.14316749
0.13783196
0.41752872
0.69322619
0.96226539
1.2220506
1.4700747
1.7039429
1.9213967
2.1203352
2.2988356
2.4551725
2.587834
2.6955369
2.7772394
2.832151
2.8597403
3.1084913
3.0784978
3.0188011
2.9299791
2.8128914
2.6686712
2.4987137
2.304663
2.0883954
1.8520015
1.5977657
1.3281437
1.0457389
0.75327731
0.45358078
0.14954017
-0.15591277
-0.45983379
-0.75929476
-1.0514122
-1.3333755
-1.6024739
-1.8561226
-2.0918876
-2.3075086
-2.5009202
-2.6702716
-2.8139432
-2.930562
-3.0190143
-3.0784557
-3.1083188
-3.1083188
-3.0784557
-3.0190143
-2.930562
-2.8139432
-2.6702716
-2.5009202
-2.3075086
-2.0918876
-1.8561226
-1.6024739
-1.3333755
-1.0514122
-0.75929475
-0.45983379
-0.15591277
0.14954017
0.45358078
0.75327731
1.0457389
1.3281437
1.5977657
1.8520015
2.0883954
2.304663
2.4987137
2.6686712
2.8128914
2.9299791
3.0188011
3.0784978
3.1084913
3.3870105
3.3543241
3.2892679
3.1924719
3.0648732
2.907707
2.7224946
2.511028
2.2753527
2.0177474
1.740702
1.4468929
1.1391577
0.82046682
0.49389574
0.16259491
-0.17024052
-0.50140165
-0.82769714
-1.1459845
-1.453201
-1.7463931
-2.0227452
-2.2796062
-2.5145148
-2.7252225
-2.9097142
-3.0662273
-3.1932675
-3.2896229
-3.3543746
-3.3869055
-3.3869055
-3.3543746
-3.2896229
-3.1932675
-3.0662273
-2.9097142
-2.7252225
-2.5145148
-2.2796062
-2.0227452
-1.7463931
-1.453201
-1.1459845
-0.82769714
-0.50140165
-0.17024052
0.16259491
0.49389575
0.82046682
1.1391577
1.4468929
1.740702
2.0177474
2.2753527
2.511028
2.7224946
2.907707
3.0648732
3.1924719
3.2892679
3.3543241
3.3870105
3.6979611
3.6622671
3.591225
3.485523
3.346185
3.1745603
2.9723109
2.7413943
2.4840451
2.2027522
1.900235
1.5794169
1.2433962
0.89541692
0.53883735
0.1770978
-0.18631233
-0.54788837
-0.90414475
-1.2516495
-1.5870579
-1.9071457
-2.2088395
-2.4892464
-2.7456809
-2.9756904
-3.1770772
-3.3479194
-3.4865877
-3.591761
-3.6624376
-3.6979449
-3.6979449
-3.6624376
-3.591761
-3.4865877
-3.3479194
-3.1770772
-2.9756904
-2.7456809
-2.4892464
-2.2088395
-1.9071457
-1.5870579
-1.2516495
-0.90414475
-0.54788837
-0.18631233
0.1770978
0.53883735
0.89541692
1.2433962
1.5794169
1.900235
2.2027522
2.4840451
2.7413943
2.9723109
3.1745603
3.346185
3.485523
3.591225
3.6622671
3.6979611
4.0443145
4.0052689
3.9275563
3.8119298
3.65951
3.4717739
3.2505399
2.9979507
2.7164514
2.4087656
2.0778688
1.7269589
1.3594255
0.97881678
0.58880605
0.19315646
-0.20431471
-0.59977291
-0.98940418
-1.3694534
-1.7362618
-2.0863031
-2.4162171
-2.7228419
-3.0032432
-3.2547414
-3.4749362
-3.6617288
-3.8133404
-3.9283283
-4.0055995
-4.0444194
-4.0444194
-4.0055995
-3.9283283
-3.8133404
-3.6617288
-3.4749362
-3.2547414
-3.0032432
-2.7228419
-2.4162171
-2.0863031
-1.7362618
-1.3694534
-0.98940418
-0.59977291
-0.20431471
0.19315646
0.58880605
0.97881678
1.3594255
1.7269589
2.0778688
2.4087656
2.7164514
2.9979507
3.2505399
3.4717739
3.65951
3.8119298
3.9275563
4.0052689
4.0443145
4.429377
4.3866032
4.3014704
4.1748042
4.0078328
3.8021752
3.5598247
3.2831296
2.9747699
2.6377303
2.2752715
1.890897
1.4883199
1.0714267
0.64424054
0.21088317
-0.22446342
-0.65759726
-1.0843382
-1.5005709
-1.9022869
-2.2856239
-2.6469036
-2.9826655
-3.2896991
-3.5650738
-3.8061648
-4.0106774
-4.1766672
-4.3025576
-4.3871538
-4.4296534
-4.4296534
-4.3871538
-4.3025576
-4.1766672
-4.0106774
-3.8061648
-3.5650738
-3.2896991
-2.9826655
-2.6469036
-2.2856239
-1.9022869
-1.5005709
-1.0843382
-0.65759726
-0.22446342
0.21088317
0.64424054
1.0714267
1.4883199
1.890897
2.2752715
2.6377303
2.9747699
3.2831296
3.5598247
3.8021752
4.0078328
4.1748042
4.3014704
4.3866032
4.429377
4.8568196
4.8099044
4.7165292
4.5776003
4.3944654
4.1689016
3.9030965
3.5996276
3.261436
2.8917973
2.4942887
2.0727538
1.6312647
1.174083
0.70561937
0.23039335
-0.24700833
-0.72197481
-1.1899177
-1.64632
-2.0867841
-2.5070752
-2.9031619
-3.2712534
-3.6078339
-3.9096952
-4.1739644
-4.3981306
-4.5800664
-4.7180473
-4.8107665
-4.8573464
-4.8573464
-4.8107665
-4.7180473
-4.5800664
-4.3981306
-4.1739644
-3.9096952
-3.6078339
-3.2712534
-2.9031619
-2.5070752
-2.0867841
-1.64632
-1.1899177
-0.72197481
-0.24700833
0.23039335
0.70561937
1.174083
1.6312647
2.0727538
2.4942887
2.8917973
3.261436
3.5996276
3.9030965
4.1689016
4.3944654
4.5776003
4.7165292
4.8099044
4.8568196
5.3307103
5.2792001
5.1766798
5.024145
4.8230767
4.5754271
4.2836004
3.9504285
3.5791432
3.1733432
2.7369579
2.2742082
1.7895643
1.2877029
0.7734633
0.25180445
-0.27223842
-0.79359957
-1.3072347
-1.8081788
-2.2916014
-2.7528549
-3.1875175
-3.5914336
-3.9607508
-4.2919542
-4.5818977
-4.8278319
-5.0274279
-5.1787981
-5.2805125
-5.3316108
-5.3316108
-5.2805125
-5.1787981
-5.0274279
-4.8278319
-4.5818977
-4.2919542
-3.9607508
-3.5914336
-3.1875175
-2.7528549
-2.2916014
-1.8081788
-1.3072347
-0.79359957
-0.27223842
0.25180445
0.7734633
1.2877029
1.7895643
2.2742082
2.7369579
3.1733432
3.5791432
3.9504285
4.2836004
4.5754271
4.8230767
5.024145
5.1766798
5.2792001
5.3307103
5.8555499
5.7989461
5.6862884
5.5186714
5.297724
5.0255931
4.7049229
4.3388287
3.930865
3.4849901
3.0055247
2.4971083
1.9646524
1.4132922
0.84833916
0.27523622
-0.300486
-0.87325542
-1.4375169
-1.9878041
-2.5188056
-3.0254172
-3.5027867
-3.9463566
-4.3519036
-4.7155756
-5.0339256
-5.3039417
-5.5230735
-5.689254
-5.8009178
-5.8570135
-5.8570135
-5.8009178
-5.689254
-5.5230735
-5.3039417
-5.0339256
-4.7155756
-4.3519036
-3.9463566
-3.5027867
-3.0254172
-2.5188056
-1.9878041
-1.4375169
-0.87325542
-0.300486
0.27523622
0.84833916
1.4132922
1.9646524
2.4971083
3.0055247
3.4849901
3.930865
4.3388287
4.7049229
5.0255931
5.297724
5.5186714
5.6862884
5.7989461
5.8555499
6.4363118
6.3740659
6.2501794
6.0658566
5.8228898
5.5236422
5.1710245
4.7684664
4.3198817
3.8296283
3.3024621
2.7434878
2.158105
1.5519549
0.93086717
0.30081426
-0.33212833
-0.9618244
-1.5821421
-2.1870512
-2.7707062
-3.3274996
-3.8521064
-4.3395277
-4.7851326
-5.1846986
-5.5344477
-5.8310797
-6.0718007
-6.2543471
-6.3770044
-6.438622
-6.438622
-6.3770044
-6.2543471
-6.0718007
-5.8310797
-5.5344477
-5.1846986
-4.7851326
-4.3395277
-3.8521064
-3.3274996
-2.7707062
-2.1870512
-1.5821421
-0.9618244
-0.33212833
0.30081426
0.93086717
1.5519549
2.158105
2.7434878
3.3024621
3.8296283
4.3198817
4.7684664
5.1710245
5.5236422
5.8228898
6.0658566
6.2501794
6.3740659
6.4363118
7.0784865
7.0099954
6.8736794
6.6708642
6.4035233
6.0742587
5.6862768
5.2433567
4.7498115
4.2104442
3.6304953
3.0155862
2.3716584
1.7049096
1.0217348
0.3286806
-0.36758351
-1.0602915
-1.7426515
-2.4079929
-3.0498786
-3.6621499
-4.2389649
-4.7748413
-5.2647018
-5.7039167
-6.0883449
-6.4143696
-6.6789297
-6.8795457
-7.0143405
-7.0820541
-7.0820541
-7.0143405
-6.8795457
-6.6789297
-6.4143696
-6.0883449
-5.7039167
-5.2647018
-4.7748413
-4.2389649
-3.6621499
-3.0498786
-2.4079929
-1.7426515
-1.0602915
-0.36758351
0.3286806
1.0217348
1.7049096
2.3716584
3.0155862
3.6304953
4.2104442
4.7498115
5.2433567
5.6862768
6.0742587
6.4035233
6.6708642
6.8736794
7.0099954
7.0784865
7.7881345
7.7127347
7.5626687
7.3393962
7.04509
6.6826166
6.2555093
5.7679351
5.2246513
4.6309568
3.9926329
3.3158776
2.6072347
1.8735146
1.1217227
0.35901736
-0.40729483
-1.1697428
-1.9207597
-2.6529361
-3.3591846
-4.0327497
-4.6672286
-5.256612
-5.7953336
-6.2783171
-6.7010225
-7.0594852
-7.3503514
-7.5709052
-7.7190912
-7.7935302
-7.7935302
-7.7190912
-7.5709052
-7.3503514
-7.0594852
-6.7010225
-6.2783171
-5.7953336
-5.256612
-4.6672286
-4.0327497
-3.3591846
-2.6529361
-1.9207597
-1.1697428
-0.40729483
0.35901736
1.1217227
1.8735146
2.6072347
3.3158776
3.9926329
4.6309568
5.2246513
5.7679351
6.2555093
6.6826166
7.04509
7.3393962
7.5626687
7.7127347
7.7881345
8.5719469
8.4889094
8.3236426
8.0777531
7.7536328
7.3544392
6.8840671
6.3471128
5.7488279
5.0950649
4.3922099
3.6471067
2.8669743
2.0593015
1.2317458
0.39209168
-0.45169567
-1.291354
-2.1183623
-2.9244357
-3.7017873
-4.4430306
-5.1411619
-5.7895986
-6.3822386
-6.9135149
-7.3784486
-7.7726931
-8.0925734
-8.3351149
-8.4980676
-8.5799226
-8.5799226
-8.4980676
-8.3351149
-8.0925734
-7.7726931
-7.3784486
-6.9135149
-6.3822386
-5.7895986
-5.1411619
-4.4430306
-3.7017873
-2.9244357
-2.1183623
-1.291354
-0.45169567
0.39209168
1.2317458
2.0593015
2.8669743
3.6471067
4.3922099
5.0950649
5.7488279
6.3471128
6.8840671
7.3544392
7.7536328
8.0777531
8.3236426
8.4889094
8.5719469
9.4373249
9.34585
9.1637908
8.8929143
8.5358517
8.0960797
7.5778897
6.9863537
6.3272713
5.6071148
4.8329489
4.012344
3.1532758
2.2640061
1.3529
0.42832782
-0.5011425
-1.4263683
-2.3375484
-3.2253094
-4.0811606
-4.897081
-5.6654358
-6.3790186
-7.0311373
-7.6156816
-8.127189
-8.5608917
-8.9127627
-9.1795444
-9.3587752
-9.4488045
-9.4488045
-9.3587752
-9.1795444
-8.9127627
-8.5608917
-8.127189
-7.6156816
-7.0311373
-6.3790186
-5.6654358
-4.897081
-4.0811606
-3.2253094
-2.3375484
-1.4263683
-0.5011425
0.42832782
1.3529
2.2640061
3.1532758
4.012344
4.8329489
5.6071148
6.3272713
6.9863537
7.5778897
8.0960797
8.5358517
8.8929143
9.1637908
9.34585
9.4373249
10.392507
10.291718
10.091125
9.7926663
9.3992326
8.9146485
8.3436377
7.6917972
6.9655321
6.1720102
5.3190656
4.4151113
3.4689813
2.4897743
1.4866066
0.46844023
-0.55578618
-1.5760442
-2.5806016
-3.5586279
-4.5010739
-5.3993386
-6.2451317
-7.030564
-7.7482875
-8.3915839
-8.954455
-9.4316667
-9.8188073
-10.112309
-10.309481
-10.408519
-10.408519
-10.309481
-10.112309
-9.8188073
-9.4316667
-8.954455
-8.3915839
-7.7482875
-7.030564
-6.2451317
-5.3993386
-4.5010739
-3.5586279
-2.5806016
-1.5760442
-0.55578618
0.46844023
1.4866066
2.4897743
3.4689813
4.4151113
5.3190656
6.1720102
6.9655321
7.6917972
8.3436377
8.9146485
9.3992326
9.7926663
10.091125
10.291718
10.392507
11.446717
11.335655
11.114624
10.78575
10.352196
9.8181652
9.1888438
8.470408
7.6699227
6.7953373
5.8553477
4.859341
3.8171961
2.7390631
1.6348356
0.51378564
-0.61527708
-1.7414937
-2.8498672
-3.9275561
-4.9654467
-5.9545084
-6.8857024
-7.7503891
-8.5404923
-9.2486051
-9.8681373
-10.393333
-10.819365
-11.142322
-11.35927
-11.468237
-11.468237
-11.35927
-11.142322
-10.819365
-10.393333
-9.8681373
-9.2486051
-8.5404923
-7.7503891
-6.8857024
-5.9545084
-4.9654467
-3.9275561
-2.8498672
-1.7414937
-0.61527708
0.51378564
1.6348356
2.7390631
3.8171961
4.859341
5.8553477
6.7953373
7.6699227
8.470408
9.1888438
9.8181652
10.352196
10.78575
11.114624
11.335655
11.446717
12.609933
12.487533
12.243998
11.881639
11.403895
10.815377
10.121755
9.3298443
8.4474119
7.4832862
6.4471235
5.3494673
4.2014877
3.0147274
1.7999136
0.56608733
-0.67898468
-1.9238572
-3.1479547
-4.3355425
-5.47831
-6.5673026
-7.5926801
-8.5448122
-9.4147956
-10.194433
-10.876485
-11.454606
-11.923525
-12.278952
-12.517698
-12.637607
-12.637607
-12.517698
-12.278952
-11.923525
-11.454606
-10.876485
-10.194433
-9.4147956
-8.5448122
-7.5926801
-6.5673026
-5.47831
-4.3355425
-3.1479547
-1.9238572
-0.67898468
0.56608733
1.7999136
3.0147274
4.2014877
5.3494673
6.4471235
7.4832862
8.4474119
9.3298443
10.121755
10.815377
11.403895
11.881639
12.243998
12.487533
12.609933
13.89208
13.757213
13.488986
13.089869
12.563582
11.91517
11.150797
10.277976
9.3052031
8.2422824
7.099932
5.8900957
4.6256696
3.3202316
1.9854082
0.62900246
-0.7444863
-2.1244825
-3.4789174
-4.7868535
-6.0438134
-7.2422411
-8.3712211
-9.4197378
-10.377843
-11.236381
-11.987389
-12.623854
-13.140036
-13.531229
-13.793981
-13.925935
-13.925935
-13.793981
-13.531229
-13.140036
-12.623854
-11.987389
-11.236381
-10.377843
-9.4197378
-8.3712211
-7.2422411
-6.0438134
-4.7868535
-3.4789174
-2.1244825
-0.7444863
0.62900246
1.9854082
3.3202316
4.6256696
5.8900957
7.099932
8.2422824
9.3052031
10.277976
11.150797
11.91517
12.563582
13.089869
13.488986
13.757213
13.89208
15.307205
15.158978
14.863806
14.424375
13.844806
13.130596
12.288341
11.326426
10.253932
9.0818195
7.8218287
6.4875838
5.0943164
3.6592472
2.1970611
0.71480772
-0.80000382
-2.3500471
-3.8576865
-5.2888703
-6.6674408
-7.9854536
-9.2286103
-10.383646
-11.439262
-12.385045
-13.212293
-13.913185
-14.481554
-14.912193
-15.201421
-15.346639
-15.346639
-15.201421
-14.912193
-14.481554
-13.913185
-13.212293
-12.385045
-11.439262
-10.383646
-9.2286103
-7.9854536
-6.6674408
-5.2888703
-3.8576865
-2.3500471
-0.80000382
0.71480772
2.1970611
3.6592472
5.0943164
6.4875838
7.8218287
9.0818195
10.253932
11.326426
12.288341
13.130596
13.844806
14.424375
14.863806
15.158978
15.307205
16.892981
16.729848
16.404453
15.920483
15.281413
14.494264
13.565173
12.504107
11.319899
10.02551
8.6324227
7.1565596
5.6144986
4.0317489
2.4356031
0.84842219
-0.93560386
-2.7296744
-4.2672982
-5.762026
-7.2267475
-8.622346
-9.931662
-11.140025
-12.238341
-13.216077
-14.06745
-14.784976
-15.365093
-15.802934
-16.096601
-16.243769
-16.243769
-16.096601
-15.802934
-15.365093
-14.784976
-14.06745
-13.216077
-12.238341
-11.140025
-9.931662
-8.622346
-7.2267475
-5.762026
-4.2672982
-2.7296744
-0.93560386
0.84842219
2.4356031
4.0317489
5.6144986
7.1565596
8.6324227
10.02551
11.319899
12.504107
13.565173
14.494264
15.281413
15.920483
16.404453
16.729848
16.892981
-16.237873
-16.090762
-15.797189
-15.359503
-14.779589
-14.062313
-13.211234
-12.233839
-11.135908
-9.9279765
-8.6191285
-7.2240144
-5.7598084
-4.2656196
-2.7285673
-0.93508651
0.84833299
2.4349177
4.0304644
5.6126231
7.1540461
8.6292606
10.021877
11.315795
12.499546
13.560195
14.488911
15.275744
15.914565
16.398347
16.723599
16.886668
16.886668
16.723599
16.398347
15.914565
15.275744
14.488911
13.560195
12.499546
11.315795
10.021877
8.6292606
7.1540461
5.6126231
4.0304644
2.4349177
0.84833299
-0.93508651
-2.7285673
-4.2656196
-5.7598084
-7.2240144
-8.6191285
-9.9279765
-11.135908
-12.233839
-13.211234
-14.062313
-14.779589
-15.359503
-15.797189
-16.090762
-16.237873
-15.340694
-15.195529
-14.906403
-14.475919
-13.907756
-13.207119
-12.380172
-11.434738
-10.379515
-9.224912
-7.9822231
-6.6647126
-5.2866723
-3.856043
-2.3489802
-0.79953219
0.71466992
2.1963154
3.6578875
5.0923423
6.4850436
7.818773
9.0781816
10.24978
11.321811
12.283308
13.125197
13.839092
14.418401
14.857632
15.152674
15.300836
15.300836
15.152674
14.857632
14.418401
13.839092
13.125197
12.283308
11.321811
10.24978
9.0781816
7.818773
6.4850436
5.0923423
3.6578875
2.1963154
0.71466992
-0.79953219
-2.3489802
-3.856043
-5.2866723
-6.6647126
-7.9822231
-9.224912
-10.379515
-11.434738
-12.380172
-13.207119
-13.907756
-14.475919
-14.906403
-15.195529
-15.340694
-13.919873
-13.787974
-13.525328
-13.134296
-12.618326
-11.982124
-11.231427
-10.373249
-9.4155462
-8.3674737
-7.2389749
-6.0410627
-4.7846472
-3.4772807
-2.1234366
-0.7440476
0.62882343
1.9846084
3.3188119
4.6236393
5.8874799
7.0967554
8.2385537
9.3009587
10.273261
11.145659
11.909659
12.557753
13.08378
13.482699
13.750793
13.885593
13.885593
13.750793
13.482699
13.08378
12.557753
11.909659
11.145659
10.273261
9.3009587
8.2385537
7.0967554
5.8874799
4.6236393
3.3188119
1.9846084
0.62882343
-0.7440476
-2.1234366
-3.4772807
-4.7846472
-6.0410627
-7.2389749
-8.3674737
-9.4155462
-10.373249
-11.231427
-11.982124
-12.618326
-13.134296
-13.525328
-13.787974
-13.919873
-12.63137
-12.511518
-12.272883
-11.917622
-11.448925
-10.871076
-10.189348
-9.4100828
-8.540517
-7.5888447
-6.5639649
-5.4755049
-4.3333004
-3.1463013
-1.9228133
-0.67856586
0.56587157
1.7990605
3.01324
4.1993761
5.3467517
6.4438274
7.4794311
8.4430335
9.3249857
10.116464
10.809705
11.397898
11.875378
12.237535
12.480935
12.603267
12.603267
12.480935
12.237535
11.875378
11.397898
10.809705
10.116464
9.3249857
8.4430335
7.4794311
6.4438274
5.3467517
4.1993761
3.01324
1.7990605
0.56587157
-0.67856586
-1.9228133
-3.1463013
-4.3333004
-5.4755049
-6.5639649
-7.5888447
-8.540517
-9.4100828
-10.189348
-10.871076
-11.448925
-11.917622
-12.272883
-12.511518
-12.63137
-11.461763
-11.352855
-11.136023
-10.813241
-10.387441
-9.8625302
-9.2433366
-8.5356125
-7.7459453
-6.8817386
-5.9510637
-4.9625567
-3.925252
-2.8481755
-1.7404355
-0.61486777
0.51353707
1.6339267
2.7374979
3.814986
4.8565048
5.8519096
6.7913242
7.6653715
8.4653621
9.1833521
9.8122815
10.345978
10.77926
11.107927
11.328818
11.439811
11.439811
11.328818
11.107927
10.77926
10.345978
9.8122815
9.1833521
8.4653621
7.6653715
6.7913242
5.8519096
4.8565048
3.814986
2.7374979
1.6339267
0.51353707
-0.61486777
-1.7404355
-2.8481755
-3.925252
-4.9625567
-5.9510637
-6.8817386
-7.7459453
-8.5356125
-9.2433366
-9.8625302
-10.387441
-10.813241
-11.136023
-11.352855
-11.461763
-10.401742
-10.302766
-10.105717
-9.8123998
-9.4255026
-8.9485919
-8.3860772
-7.7431899
-7.0259249
-6.2409968
-5.3957496
-4.4980674
-3.556236
-2.5788513
-1.5749571
-0.55537764
0.46816135
1.4856382
2.488121
3.4666554
4.4121321
5.3154583
6.1678054
6.9607683
7.6865194
8.3378967
8.9085001
9.3927373
9.7858885
10.084132
10.284581
10.385297
10.385297
10.284581
10.084132
9.7858885
9.3927373
8.9085001
8.3378967
7.6865194
6.9607683
6.1678054
5.3154583
4.4121321
3.4666554
2.488121
1.4856382
0.46816135
-0.55537764
-1.5749571
-2.5788513
-3.556236
-4.4980674
-5.3957496
-6.2409968
-7.0259249
-7.7431899
-8.3860772
-8.9485919
-9.4255026
-9.8123998
-10.105717
-10.302766
-10.401742
-9.4416561
-9.3516926
-9.1725928
-8.9060065
-8.5543937
-8.1210102
-7.6098805
-7.0257694
-6.3741359
-5.6610865
-4.8933088
-4.0780042
-3.2228023
-2.3357186
-1.4252378
-0.50072685
0.42801993
1.3518669
2.2622532
3.1508156
4.0091971
4.8291423
5.602682
6.3222529
6.980797
7.5718479
8.0896114
8.5290203
8.8857873
9.1564391
9.3383471
9.4297459
9.4297459
9.3383471
9.1564391
8.8857873
8.5290203
8.0896114
7.5718479
6.980797
6.3222529
5.602682
4.8291423
4.0091971
3.1508156
2.2622532
1.3518669
0.42801993
-0.50072685
-1.4252378
-2.3357186
-3.2228023
-4.0780042
-4.8933088
-5.6610865
-6.3741359
-7.0257694
-7.6098805
-8.1210102
-8.5543937
-8.9060065
-9.1725928
-9.3516926
-9.4416561
-8.5723311
-8.4905463
-8.3277334
-8.0854005
-7.7657957
-7.3718915
-6.9073604
-6.3765457
-5.7844225
-5.1365535
-4.4390363
-3.6984478
-2.9217864
-2.1164324
-1.2901663
-0.45126607
0.39175446
1.2306405
2.0574344
2.8643593
3.6437653
4.3881711
5.090365
5.74351
6.3412271
6.8776698
7.3475923
7.7464032
8.070212
8.3158648
8.4809723
8.5639296
8.5639296
8.4809723
8.3158648
8.070212
7.7464032
7.3475923
6.8776698
6.3412271
5.74351
5.090365
4.3881711
3.6437653
2.8643593
2.0574344
1.2306405
0.39175446
-0.45126607
-1.2901663
-2.1164324
-2.9217864
-3.6984478
-4.4390363
-5.1365535
-5.7844225
-6.3765457
-6.9073604
-7.3718915
-7.7657957
-8.0854005
-8.3277334
-8.4905463
-8.5723311
-7.7854197
-7.7110559
-7.5630201
-7.34269
-7.0521193
-6.6940215
-6.2717476
-5.7892586
-5.2510905
-4.6623148
-4.0284928
-3.355628
-2.6501171
-1.9187092
-1.1684845
-0.40684518
0.35864956
1.1205366
1.8715173
2.6044414
3.3123117
3.9883257
4.6259472
5.2189855
5.7616665
6.248698
6.6753283
7.0373959
7.3313719
7.5543934
7.7042905
7.7796053
7.7796053
7.7042905
7.5543934
7.3313719
7.0373959
6.6753283
6.248698
5.7616665
5.2189855
4.6259472
3.9883257
3.3123117
2.6044414
1.8715173
1.1205366
0.35864956
-0.40684518
-1.1684845
-1.9187092
-2.6501171
-3.355628
-4.0284928
-4.6623148
-5.2510905
-5.7892586
-6.2717476
-6.6940215
-7.0521193
-7.34269
-7.5630201
-7.7110559
-7.7854197
-7.073344
-7.0057116
-6.8710786
-6.6707036
-6.406462
-6.0808305
-5.696867
-5.2581844
-4.7689195
-4.2336968
-3.6575881
-3.0460693
-2.4049758
-1.7404594
-1.0589493
-0.36710828
0.32827992
1.0204578
1.7027644
2.3686617
3.0117634
3.6258802
4.2050787
4.7437455
5.2366474
5.6789885
6.0664616
6.3952935
6.6622824
6.86483
7.000966
7.0693666
7.0693666
7.000966
6.86483
6.6622824
6.3952935
6.0664616
5.6789885
5.2366474
4.7437455
4.2050787
3.6258802
3.0117634
2.3686617
1.7027644
1.0204578
0.32827992
-0.36710828
-1.0589493
-1.7404594
-2.4049758
-3.0460693
-3.6575881
-4.2336968
-4.7689195
-5.2581844
-5.696867
-6.0808305
-6.406462
-6.6707036
-6.8710786
-7.0057116
-7.073344
-6.4292263
-6.3676967
-6.2452144
-6.062929
-5.8225525
-5.5263459
-5.1770993
-4.7781088
-4.3331474
-3.8464323
-3.322588
-2.7666068
-2.1838064
-1.5797866
-0.96038465
-0.3316223
0.30037753
0.92948768
1.5496419
2.154877
2.7393724
3.2974961
3.8238569
4.3133589
4.7612538
5.1631911
5.5152637
5.8140477
6.0566373
6.2406735
6.3643673
6.4265163
6.4265163
6.3643673
6.2406735
6.0566373
5.8140477
5.5152637
5.1631911
4.7612538
4.3133589
3.8238569
3.2974961
2.7393724
2.154877
1.5496419
0.92948768
0.30037753
-0.3316223
-0.96038465
-1.5797866
-2.1838064
-2.7666068
-3.322588
-3.8464323
-4.3331474
-4.7781088
-5.1770993
-5.5263459
-5.8225525
-6.062929
-6.2452144
-6.3676967
-6.4292263
-5.8468402
-5.79084
-5.6793665
-5.5134692
-5.2947116
-5.0251572
-4.7073525
-4.3443048
-3.9394557
-3.4966513
-3.0201081
-2.5143763
-1.9843
-1.4349752
-0.87170417
-0.29994411
0.27475945
0.84684426
1.4107896
1.9611626
2.4926615
3.0001608
3.4787585
3.9238241
4.331045
4.696471
5.0165545
5.2881866
5.5087283
5.6760371
5.7884875
5.8449871
5.8449871
5.7884875
5.6760371
5.5087283
5.2881866
5.0165545
4.696471
4.331045
3.9238241
3.4787585
3.0001608
2.4926615
1.9611626
1.4107896
0.84684426
0.27475945
-0.29994411
-0.87170417
-1.4349752
-1.9843
-2.5143763
-3.0201081
-3.4966513
-3.9394557
-4.3443048
-4.7073525
-5.0251572
-5.2947116
-5.5134692
-5.6793665
-5.79084
-5.8468402
-5.3205606
-5.2695663
-5.1680591
-5.0169974
-4.8178088
-4.5723773
-4.2830274
-3.9525034
-3.5839454
-3.1808617
-2.7470973
-2.2867996
-1.8043819
-1.3044824
-0.79192208
-0.27165566
0.25128292
0.77183855
1.2849867
1.7857793
2.2693876
2.7311453
3.1665923
3.5715174
3.9420001
4.2744501
4.5656432
4.8127541
5.0133844
5.1655866
5.2678831
5.3192809
5.3192809
5.2678831
5.1655866
5.0133844
4.8127541
4.5656432
4.2744501
3.9420001
3.5715174
3.1665923
2.7311453
2.2693876
1.7857793
1.2849867
0.77183855
0.25128292
-0.27165566
-0.79192208
-1.3044824
-1.8043819
-2.2867996
-2.7470973
-3.1808617
-3.5839454
-3.9525034
-4.2830274
-4.5723773
-4.8178088
-5.0169974
-5.1680591
-5.2695663
-5.3205606
-4.8453116
-4.7988453
-4.7063524
-4.5687084
-4.3872173
-4.1635998
-3.8999783
-3.5988582
-3.2631056
-2.8959216
-2.5008138
-2.081564
-1.6421942
-1.1869289
-0.72015545
-0.24637958
0.22982161
0.70384881
1.1711269
1.6271482
2.0675133
2.4879719
2.8844628
3.2531529
3.5904745
3.8931612
4.1582798
4.3832602
4.5659207
4.7044895
4.7976224
4.8444158
4.8444158
4.7976224
4.7044895
4.5659207
4.3832602
4.1582798
3.8931612
3.5904745
3.2531529
2.8844628
2.4879719
2.0675133
1.6271482
1.1711269
0.70384881
0.22982161
-0.24637958
-0.72015545
-1.1869289
-1.6421942
-2.081564
-2.5008138
-2.8959216
-3.2631056
-3.5988582
-3.8999783
-4.1635998
-4.3872173
-4.5687084
-4.7063524
-4.7988453
-4.8453116
-4.4165172
-4.374142
-4.2897933
-4.1642716
-3.9987683
-3.7948557
-3.5544729
-3.2799085
-2.9737798
-2.6390094
-2.2787989
-1.8965987
-1.4960771
-1.081085
-0.65561932
-0.22378341
0.210255
0.64230653
1.0682019
1.4838319
1.885186
2.2683899
2.6297422
2.9657505
3.2731648
3.54901
3.7906149
3.9956389
4.1620951
4.2883703
4.37324
4.4158817
4.4158817
4.37324
4.2883703
4.1620951
3.9956389
3.7906149
3.54901
3.2731648
2.9657505
2.6297422
2.2683899
1.885186
1.4838319
1.0682019
0.64230653
0.210255
-0.22378341
-0.65561932
-1.081085
-1.4960771
-1.8965987
-2.2787989
-2.6390094
-2.9737798
-3.2799085
-3.5544729
-3.7948557
-3.9987683
-4.1642716
-4.2897933
-4.374142
-4.4165172
-4.0300543
-3.9913707
-3.9143709
-3.7997869
-3.6487085
-3.4625734
-3.2431544
-2.9925435
-2.7131331
-2.4075935
-2.0788493
-1.7300517
-1.3645493
-0.98585621
-0.59761845
-0.20357795
0.19246484
0.58668912
0.97529144
1.3545224
1.7207223
2.0703562
2.4000473
2.7066096
2.9870793
3.2387431
3.4591652
3.6462117
3.798071
3.9132719
3.9906983
4.0296
4.0296
3.9906983
3.9132719
3.798071
3.6462117
3.4591652
3.2387431
2.9870793
2.7066096
2.4000473
2.0703562
1.7207223
1.3545224
0.97529144
0.58668912
0.19246484
-0.20357795
-0.59761845
-0.98585621
-1.3645493
-1.7300517
-2.0788493
-2.4075935
-2.7131331
-2.9925435
-3.2431544
-3.4625734
-3.6487085
-3.7997869
-3.9143709
-3.9913707
-4.0300543
-3.6822115
-3.6468538
-3.576475
-3.4717452
-3.3336619
-3.1635412
-2.9630055
-2.7339694
-2.4786213
-2.1994042
-1.8989925
-1.5802673
-1.2462892
-0.90026921
-0.545538
-0.18551307
0.17633481
0.53651601
0.89155622
1.2380301
1.5725943
1.8920191
2.1932199
2.4732868
2.7295126
2.9594196
3.1607837
3.3316562
3.4703831
3.5756211
3.6463512
3.6818883
3.6818883
3.6463512
3.5756211
3.4703831
3.3316562
3.1607837
2.9594196
2.7295126
2.4732868
2.1932199
1.8920191
1.5725943
1.2380301
0.89155622
0.53651601
0.17633481
-0.18551307
-0.545538
-0.90026921
-1.2462892
-1.5802673
-1.8989925
-2.1994042
-2.4786213
-2.7339694
-2.9630055
-3.1635412
-3.3336619
-3.4717452
-3.576475
-3.6468538
-3.6822115
-3.3696508
-3.3372843
-3.27286
-3.176992
-3.0505946
-2.8948741
-2.7113175
-2.5016787
-2.267963
-2.012408
-1.7374629
-1.4457656
-1.1401179
-0.82345828
-0.49883436
-0.16937267
0.16175169
0.49134629
0.81623246
1.1332761
1.4394181
1.7317034
2.0073097
2.2635749
2.4980225
2.7083862
2.8926315
3.0489761
3.1759074
3.2721968
3.3369123
3.3694275
3.3694275
3.3369123
3.2721968
3.1759074
3.0489761
2.8926315
2.7083862
2.4980225
2.2635749
2.0073097
1.7317034
1.4394181
1.1332761
0.81623246
0.49134629
0.16175169
-0.16937267
-0.49883436
-0.82345828
-1.1401179
-1.4457656
-1.7374629
-2.012408
-2.267963
-2.5016787
-2.7113175
-2.8948741
-3.0505946
-3.176992
-3.27286
-3.3372843
-3.3696508
-3.0893753
-3.0596931
-3.000612
-2.9126958
-2.7967842
-2.6539843
-2.4856612
-2.2934247
-2.0791149
-1.8447851
-1.5926821
-1.3252254
-1.0449844
-0.75465364
-0.45702677
-0.15496983
0.14860689
0.45077717
0.74862732
1.0392844
1.3199442
1.5878979
1.8405584
2.0754857
2.29041
2.4832542
2.6521539
2.7954758
2.9118337
3.0001018
3.059426
3.0892324
3.0892324
3.059426
3.0001018
2.9118337
2.7954758
2.6521539
2.4832542
2.29041
2.0754857
1.8405584
1.5878979
1.3199442
1.0392844
0.74862732
0.45077717
0.14860689
-0.15496983
-0.45702677
-0.75465364
-1.0449844
-1.3252254
-1.5926821
-1.8447851
-2.0791149
-2.2934247
-2.4856612
-2.6539843
-2.7967842
-2.9126958
-3.000612
-3.0596931
-3.0893753
-2.8387
-2.8114201
-2.7571208
-2.6763209
-2.5697928
-2.438555
-2.2838629
-2.1071973
-1.9102502
-1.6949095
-1.4632408
-1.2174682
-0.95995296
-0.69317126
-0.41969004
-0.14214243
0.13679788
0.4144426
0.6881149
0.95517544
1.2130478
1.4592434
1.6913857
1.907233
2.1047003
2.2818796
2.4370584
2.5687365
2.6756407
2.756737
2.8112411
2.8386256
2.8386256
2.8112411
2.756737
2.6756407
2.5687365
2.4370584
2.2818796
2.1047003
1.907233
1.6913857
1.4592434
1.2130478
0.95517544
0.6881149
0.4144426
0.13679788
-0.14214243
-0.41969004
-0.69317126
-0.95995296
-1.2174682
-1.4632408
-1.6949095
-1.9102502
-2.1071973
-2.2838629
-2.438555
-2.5697928
-2.6763209
-2.7571208
-2.8114201
-2.8387
-2.6152185
-2.5900813
-2.5400474
-2.4655952
-2.3674367
-2.2465114
-2.1039767
-1.9411978
-1.7597347
-1.5613274
-1.3478799
-1.1214417
-0.88418869
-0.63840222
-0.38644716
-0.13074913
0.12622897
0.38201079
0.63413062
0.88015722
1.1177173
1.3445187
1.5583722
1.757213
1.9391207
2.1023381
2.2452879
2.3665884
2.465067
2.5397716
2.5899797
2.6152057
2.6152057
2.5899797
2.5397716
2.465067
2.3665884
2.2452879
2.1023381
1.9391207
1.757213
1.5583722
1.3445187
1.1177173
0.88015722
0.63413062
0.38201079
0.12622897
-0.13074913
-0.38644716
-0.63840222
-0.88418869
-1.1214417
-1.3478799
-1.5613274
-1.7597347
-1.9411978
-2.1039767
-2.2465114
-2.3674367
-2.4655952
-2.5400474
-2.5900813
-2.6152185
-2.4167664
-2.393533
-2.3472886
-2.2784756
-2.1877528
-2.0759886
-1.9442537
-1.7938103
-1.6261008
-1.4427339
-1.2454698
-1.0362028
-0.81694416
-0.58980215
-0.35696223
-0.12066586
0.11681113
0.35318054
0.58616399
0.813515
1.0330407
1.2426229
1.4402391
1.6239814
1.7920756
1.9428979
2.0749911
2.1870789
2.2780779
2.3471083
2.3935027
2.4168126
2.4168126
2.3935027
2.3471083
2.2780779
2.1870789
2.0749911
1.9428979
1.7920756
1.6239814
1.4402391
1.2426229
1.0330407
0.813515
0.58616399
0.35318054
0.11681113
-0.12066586
-0.35696223
-0.58980215
-0.81694416
-1.0362028
-1.2454698
-1.4427339
-1.6261008
-1.7938103
-1.9442537
-2.0759886
-2.1877528
-2.2784756
-2.3472886
-2.393533
-2.4167664
-2.2414859
-2.2199348
-2.1770388
-2.1132088
-2.029056
-1.9253864
-1.8031935
-1.6636487
-1.5080901
-1.3380104
-1.1550424
-0.96094357
-0.75757939
-0.5469054
-0.33094854
-0.11178767
0.10846652
0.32769191
0.54377554
0.754634
0.95823365
1.1526103
1.3358881
1.5062979
1.6621943
1.8020717
1.9245788
2.028532
2.1129266
2.1769469
2.2199741
2.2415922
2.2415922
2.2199741
2.1769469
2.1129266
2.028532
1.9245788
1.8020717
1.6621943
1.5062979
1.3358881
1.1526103
0.95823365
0.754634
0.54377554
0.32769191
0.10846652
-0.11178767
-0.33094854
-0.5469054
-0.75757939
-0.96094357
-1.1550424
-1.3380104
-1.5080901
-1.6636487
-1.8031935
-1.9253864
-2.029056
-2.1132088
-2.1770388
-2.2199348
-2.2414859
-2.0880249
-2.0679472
-2.0279841
-1.9685183
-1.8901196
-1.7935392
-1.6797029
-1.5497022
-1.4047842
-1.2463398
-1.0758901
-0.89507258
-0.70562514
-0.50936947
-0.30819378
-0.10403462
0.10114181
0.30535878
0.50664802
0.7030689
0.89272711
1.0737931
1.2445196
1.4032589
1.5484782
1.6787753
1.7928915
1.8897245
1.9683383
2.0279734
2.0680533
2.0881906
2.0881906
2.0680533
2.0279734
1.9683383
1.8897245
1.7928915
1.6787753
1.5484782
1.4032589
1.2445196
1.0737931
0.89272711
0.7030689
0.50664802
0.30535878
0.10114181
-0.10403462
-0.30819378
-0.50936947
-0.70562514
-0.89507258
-1.0758901
-1.2463398
-1.4047842
-1.5497022
-1.6797029
-1.7935392
-1.8901196
-1.9685183
-2.0279841
-2.0679472
-2.0880249
-1.9544423
-1.9356473
-1.8982375
-1.8425713
-1.7691822
-1.6787736
-1.5722125
-1.4505208
-1.3148661
-1.1665506
-1.0069984
-0.83774247
-0.66040948
-0.47670464
-0.28839541
-0.097294402
0.094758229
0.28591131
0.47432288
0.65817664
0.8356996
1.0051794
1.1649807
1.3135613
1.4494868
1.5714447
1.6782571
1.7688922
1.8424743
1.8982922
1.9358067
1.954655
1.954655
1.9358067
1.8982922
1.8424743
1.7688922
1.6782571
1.5714447
1.4494868
1.3135613
1.1649807
1.0051794
0.8356996
0.65817664
0.47432288
0.28591131
0.094758229
-0.097294402
-0.28839541
-0.47670464
-0.66040948
-0.83774247
-1.0069984
-1.1665506
-1.3148661
-1.4505208
-1.5722125
-1.6787736
-1.7691822
-1.8425713
-1.8982375
-1.9356473
-1.9544423
-1.8349324
-1.817286
-1.7821623
-1.729898
-1.6609939
-1.5761106
-1.4760622
-1.3618081
-1.2344448
-1.0951947
-0.94539504
-0.78648479
-0.6199912
-0.44751523
-0.27071639
-0.091296371
0.089019365
0.26848823
0.44538299
0.61799836
0.78466969
0.94378935
1.0938221
1.2333201
1.3609366
1.4754393
1.5757225
1.6608172
1.7299013
1.7823073
1.8175286
1.8352247
1.8352247
1.8175286
1.7823073
1.7299013
1.6608172
1.5757225
1.4754393
1.3609366
1.2333201
1.0938221
0.94378935
0.78466969
0.61799836
0.44538299
0.26848823
0.089019365
-0.091296371
-0.27071639
-0.44751523
-0.6199912
-0.78648479
-0.94539504
-1.0951947
-1.2344448
-1.3618081
-1.4760622
-1.5761106
-1.6609939
-1.729898
-1.7821623
-1.817286
-1.8349324
-1.7308144
-1.7141731
-1.68105
-1.631762
-1.566781
-1.4867295
-1.3923743
-1.2846196
-1.1644985
-1.0331632
-0.8918739
-0.74198701
-0.58494232
-0.42224923
-0.25547244
-0.086217571
0.083878118
0.25318975
0.42007739
0.58293085
0.74017982
0.89030748
1.031865
1.1634859
1.2838988
1.3919404
1.4865665
1.5668623
1.6320514
1.6815031
1.7147392
1.731438
1.731438
1.7147392
1.6815031
1.6320514
1.5668623
1.4865665
1.3919404
1.2838988
1.1634859
1.031865
0.89030748
0.74017983
0.58293085
0.42007739
0.25318975
0.083878118
-0.086217571
-0.25547244
-0.42224923
-0.58494232
-0.74198701
-0.8918739
-1.0331632
-1.1644985
-1.2846196
-1.3923743
-1.4867295
-1.566781
-1.631762
-1.68105
-1.7141731
-1.7308144
-1.7761362
-1.7590392
-1.7250097
-1.674375
-1.6076224
-1.5253942
-1.4284815
-1.3178169
-1.1944652
-1.0596133
-0.91455908
-0.76069864
-0.59951308
-0.43255391
-0.26142825
-0.08778191
0.086723724
0.26038294
0.43153457
0.59853216
0.75976639
0.91368327
1.0587993
1.193716
1.317133
1.4278608
1.5248323
1.6071128
1.6739095
1.7245785
1.7586316
1.7757406
1.7757406
1.7586316
1.7245785
1.6739095
1.6071128
1.5248323
1.4278608
1.317133
1.193716
1.0587993
0.91368327
0.75976639
0.59853216
0.43153457
0.26038294
0.086723724
-0.087781911
-0.26142825
-0.43255391
-0.59951308
-0.76069864
-0.91455908
-1.0596133
-1.1944652
-1.3178169
-1.4284815
-1.5253942
-1.6076224
-1.674375
-1.7250097
-1.7590392
-1.7761362
-1.1576651
-1.1465658
-1.1244722
-1.0915932
-1.0482399
-0.99482295
-0.93184861
-0.85991448
-0.7797039
-0.6919798
-0.59757757
-0.49739723
-0.39239488
-0.28357318
-0.17197255
-0.058667264
0.055238381
0.16864995
0.28045952
0.38958512
0.49497456
0.59561127
0.69052244
0.77878896
0.8595548
0.9320357
0.99552701
1.0494108
1.0931623
1.126355
1.148665
1.1598747
1.1598747
1.148665
1.126355
1.0931623
1.0494108
0.99552701
0.9320357
0.8595548
0.77878896
0.69052244
0.59561127
0.49497456
0.38958512
0.28045952
0.16864995
0.055238382
-0.058667263
-0.17197255
-0.28357318
-0.39239488
-0.49739723
-0.59757757
-0.6919798
-0.7797039
-0.85991447
-0.93184861
-0.99482295
-1.0482399
-1.0915932
-1.1244722
-1.1465658
-1.1576651
-2.6708527
-2.6451121
-2.5938799
-2.5176513
-2.4171631
-2.2933864
-2.1475172
-1.9809646
-1.795337
-1.5924268
-1.374193
-1.1427418
-0.90030756
-0.64923206
-0.39194263
-0.13091669
0.13135987
0.39234849
0.64956531
0.90053345
1.1428303
1.3741186
1.5921699
1.794884
1.9803097
2.1466621
2.2923409
2.4159446
2.5162845
2.5923959
2.6435469
2.669246
2.669246
2.6435469
2.5923959
2.5162845
2.4159446
2.2923409
2.1466621
1.9803097
1.794884
1.5921699
1.3741186
1.1428303
0.90053345
0.64956531
0.39234849
0.13135987
-0.13091669
-0.39194263
-0.64923206
-0.90030756
-1.1427418
-1.374193
-1.5924268
-1.795337
-1.9809646
-2.1475172
-2.2933864
-2.4171631
-2.5176513
-2.5938799
-2.6451121
-2.6708527
0.80333633
0.7955323
0.78000205
0.75690037
0.72645725
0.68897543
0.64482705
0.59444969
0.53834179
0.47705749
0.41120112
0.3414214
0.26840618
0.19287831
0.11559116
0.037325866
-0.041157799
-0.11929567
-0.19633143
-0.27149745
-0.34405082
-0.41328542
-0.47853376
-0.53916997
-0.59461433
-0.64433823
-0.68786865
-0.72479233
-0.75475931
-0.77748594
-0.79275737
-0.8004293
-0.8004293
-0.79275737
-0.77748594
-0.75475931
-0.72479233
-0.68786865
-0.64433823
-0.59461433
-0.53916997
-0.47853376
-0.41328542
-0.34405082
-0.27149745
-0.19633143
-0.11929567
-0.041157797
0.037325868
0.11559116
0.19287831
0.26840618
0.3414214
0.41120112
0.47705749
0.53834179
0.59444969
0.64482705
0.68897543
0.72645725
0.75690037
0.78000205
0.7955323
0.80333633
-5.4667318
-5.4140649
-5.3092392
-5.1532659
-4.9476494
-4.6943731
-4.3958799
-4.0550486
-3.6751667
-3.259898
-2.8132479
-2.3395248
-1.8432987
-1.3293608
-0.80269963
-0.26848471
0.26814342
0.80235434
1.3290078
1.8429339
2.3391443
2.8128483
3.2594766
3.6747212
4.0545777
4.3953829
4.6938509
4.9471037
5.1526997
5.3086566
5.4134708
5.4661317
5.4661317
5.4134708
5.3086566
5.1526997
4.9471037
4.6938509
4.3953829
4.0545777
3.6747212
3.2594766
2.8128483
2.3391443
1.8429339
1.3290078
0.80235434
0.26814342
-0.26848471
-0.80269964
-1.3293608
-1.8432987
-2.3395248
-2.8132479
-3.259898
-3.6751667
-4.0550486
-4.3958799
-4.6943731
-4.9476494
-5.1532659
-5.3092392
-5.4140649
-5.4667318
)
;

boundaryField
{
    leftWall
    {
        type            cyclic;
    }
    rightWall
    {
        type            cyclic;
    }
    lowerWall
    {
        type            fixedFluxPressure;
        gradient        uniform 0;
        value           nonuniform List<scalar> 
64
(
1.5587572
1.5437296
1.5138197
1.4693165
1.4106501
1.3383874
1.2532266
1.1559902
1.0476173
0.92915426
0.80174452
0.66661756
0.52507697
0.37848776
0.22826323
0.075851096
-0.077281021
-0.22965623
-0.37980814
-0.52629305
-0.66770062
-0.80267082
-0.92990609
-1.0481836
-1.156367
-1.2534171
-1.3384023
-1.4105066
-1.4690382
-1.5134353
-1.5432721
-1.5582624
-1.5582624
-1.5432721
-1.5134353
-1.4690382
-1.4105066
-1.3384023
-1.2534171
-1.156367
-1.0481836
-0.92990609
-0.80267082
-0.66770062
-0.52629305
-0.37980814
-0.22965623
-0.077281022
0.075851095
0.22826323
0.37848776
0.52507697
0.66661756
0.80174452
0.92915426
1.0476173
1.1559902
1.2532266
1.3383874
1.4106501
1.4693165
1.5138197
1.5437296
1.5587572
)
;
    }
    atmosphere
    {
        type            totalPressure;
        rho             rho;
        psi             none;
        gamma           1;
        p0              uniform 0;
        value           nonuniform List<scalar> 
64
(
-2.2310926e-06
-1.9951932e-05
-5.4716852e-05
-0.00010519796
-0.00016946652
-0.0002450661
-0.00032910578
-0.00041837001
-0.00050944104
-0.00059882923
-0.00068310641
-0.00075903716
-0.00082370269
-0.00087461272
-0.00090980457
-0.00092793531
0
0
0
0
0
0
0
0
0
0
0
0
0
0
0
0
0
0
0
0
0
0
0
0
0
0
0
0
0
0
0
0
-0.00092793531
-0.00090980457
-0.00087461272
-0.00082370269
-0.00075903716
-0.00068310641
-0.00059882923
-0.00050944104
-0.00041837001
-0.00032910578
-0.00024506611
-0.00016946652
-0.00010519796
-5.4716852e-05
-1.9951932e-05
-2.2310927e-06
)
;
    }
    defaultFaces
    {
        type            empty;
    }
}


// ************************************************************************* //
