/*--------------------------------*- C++ -*----------------------------------*\
| =========                 |                                                 |
| \\      /  F ield         | OpenFOAM: The Open Source CFD Toolbox           |
|  \\    /   O peration     | Version:  2106                                  |
|   \\  /    A nd           | Website:  www.openfoam.com                      |
|    \\/     M anipulation  |                                                 |
\*---------------------------------------------------------------------------*/
FoamFile
{
    version     2.0;
    format      ascii;
    arch        "LSB;label=32;scalar=64";
    class       faceList;
    location    "constant/polyMesh";
    object      faces;
}
// * * * * * * * * * * * * * * * * * * * * * * * * * * * * * * * * * * * * * //


4160
(
4(1 34 1123 1090)
4(33 1122 1123 34)
4(2 35 1124 1091)
4(34 1123 1124 35)
4(3 36 1125 1092)
4(35 1124 1125 36)
4(4 37 1126 1093)
4(36 1125 1126 37)
4(5 38 1127 1094)
4(37 1126 1127 38)
4(6 39 1128 1095)
4(38 1127 1128 39)
4(7 40 1129 1096)
4(39 1128 1129 40)
4(8 41 1130 1097)
4(40 1129 1130 41)
4(9 42 1131 1098)
4(41 1130 1131 42)
4(10 43 1132 1099)
4(42 1131 1132 43)
4(11 44 1133 1100)
4(43 1132 1133 44)
4(12 45 1134 1101)
4(44 1133 1134 45)
4(13 46 1135 1102)
4(45 1134 1135 46)
4(14 47 1136 1103)
4(46 1135 1136 47)
4(15 48 1137 1104)
4(47 1136 1137 48)
4(16 49 1138 1105)
4(48 1137 1138 49)
4(17 50 1139 1106)
4(49 1138 1139 50)
4(18 51 1140 1107)
4(50 1139 1140 51)
4(19 52 1141 1108)
4(51 1140 1141 52)
4(20 53 1142 1109)
4(52 1141 1142 53)
4(21 54 1143 1110)
4(53 1142 1143 54)
4(22 55 1144 1111)
4(54 1143 1144 55)
4(23 56 1145 1112)
4(55 1144 1145 56)
4(24 57 1146 1113)
4(56 1145 1146 57)
4(25 58 1147 1114)
4(57 1146 1147 58)
4(26 59 1148 1115)
4(58 1147 1148 59)
4(27 60 1149 1116)
4(59 1148 1149 60)
4(28 61 1150 1117)
4(60 1149 1150 61)
4(29 62 1151 1118)
4(61 1150 1151 62)
4(30 63 1152 1119)
4(62 1151 1152 63)
4(31 64 1153 1120)
4(63 1152 1153 64)
4(64 1153 1154 65)
4(34 67 1156 1123)
4(66 1155 1156 67)
4(35 68 1157 1124)
4(67 1156 1157 68)
4(36 69 1158 1125)
4(68 1157 1158 69)
4(37 70 1159 1126)
4(69 1158 1159 70)
4(38 71 1160 1127)
4(70 1159 1160 71)
4(39 72 1161 1128)
4(71 1160 1161 72)
4(40 73 1162 1129)
4(72 1161 1162 73)
4(41 74 1163 1130)
4(73 1162 1163 74)
4(42 75 1164 1131)
4(74 1163 1164 75)
4(43 76 1165 1132)
4(75 1164 1165 76)
4(44 77 1166 1133)
4(76 1165 1166 77)
4(45 78 1167 1134)
4(77 1166 1167 78)
4(46 79 1168 1135)
4(78 1167 1168 79)
4(47 80 1169 1136)
4(79 1168 1169 80)
4(48 81 1170 1137)
4(80 1169 1170 81)
4(49 82 1171 1138)
4(81 1170 1171 82)
4(50 83 1172 1139)
4(82 1171 1172 83)
4(51 84 1173 1140)
4(83 1172 1173 84)
4(52 85 1174 1141)
4(84 1173 1174 85)
4(53 86 1175 1142)
4(85 1174 1175 86)
4(54 87 1176 1143)
4(86 1175 1176 87)
4(55 88 1177 1144)
4(87 1176 1177 88)
4(56 89 1178 1145)
4(88 1177 1178 89)
4(57 90 1179 1146)
4(89 1178 1179 90)
4(58 91 1180 1147)
4(90 1179 1180 91)
4(59 92 1181 1148)
4(91 1180 1181 92)
4(60 93 1182 1149)
4(92 1181 1182 93)
4(61 94 1183 1150)
4(93 1182 1183 94)
4(62 95 1184 1151)
4(94 1183 1184 95)
4(63 96 1185 1152)
4(95 1184 1185 96)
4(64 97 1186 1153)
4(96 1185 1186 97)
4(97 1186 1187 98)
4(67 100 1189 1156)
4(99 1188 1189 100)
4(68 101 1190 1157)
4(100 1189 1190 101)
4(69 102 1191 1158)
4(101 1190 1191 102)
4(70 103 1192 1159)
4(102 1191 1192 103)
4(71 104 1193 1160)
4(103 1192 1193 104)
4(72 105 1194 1161)
4(104 1193 1194 105)
4(73 106 1195 1162)
4(105 1194 1195 106)
4(74 107 1196 1163)
4(106 1195 1196 107)
4(75 108 1197 1164)
4(107 1196 1197 108)
4(76 109 1198 1165)
4(108 1197 1198 109)
4(77 110 1199 1166)
4(109 1198 1199 110)
4(78 111 1200 1167)
4(110 1199 1200 111)
4(79 112 1201 1168)
4(111 1200 1201 112)
4(80 113 1202 1169)
4(112 1201 1202 113)
4(81 114 1203 1170)
4(113 1202 1203 114)
4(82 115 1204 1171)
4(114 1203 1204 115)
4(83 116 1205 1172)
4(115 1204 1205 116)
4(84 117 1206 1173)
4(116 1205 1206 117)
4(85 118 1207 1174)
4(117 1206 1207 118)
4(86 119 1208 1175)
4(118 1207 1208 119)
4(87 120 1209 1176)
4(119 1208 1209 120)
4(88 121 1210 1177)
4(120 1209 1210 121)
4(89 122 1211 1178)
4(121 1210 1211 122)
4(90 123 1212 1179)
4(122 1211 1212 123)
4(91 124 1213 1180)
4(123 1212 1213 124)
4(92 125 1214 1181)
4(124 1213 1214 125)
4(93 126 1215 1182)
4(125 1214 1215 126)
4(94 127 1216 1183)
4(126 1215 1216 127)
4(95 128 1217 1184)
4(127 1216 1217 128)
4(96 129 1218 1185)
4(128 1217 1218 129)
4(97 130 1219 1186)
4(129 1218 1219 130)
4(130 1219 1220 131)
4(100 133 1222 1189)
4(132 1221 1222 133)
4(101 134 1223 1190)
4(133 1222 1223 134)
4(102 135 1224 1191)
4(134 1223 1224 135)
4(103 136 1225 1192)
4(135 1224 1225 136)
4(104 137 1226 1193)
4(136 1225 1226 137)
4(105 138 1227 1194)
4(137 1226 1227 138)
4(106 139 1228 1195)
4(138 1227 1228 139)
4(107 140 1229 1196)
4(139 1228 1229 140)
4(108 141 1230 1197)
4(140 1229 1230 141)
4(109 142 1231 1198)
4(141 1230 1231 142)
4(110 143 1232 1199)
4(142 1231 1232 143)
4(111 144 1233 1200)
4(143 1232 1233 144)
4(112 145 1234 1201)
4(144 1233 1234 145)
4(113 146 1235 1202)
4(145 1234 1235 146)
4(114 147 1236 1203)
4(146 1235 1236 147)
4(115 148 1237 1204)
4(147 1236 1237 148)
4(116 149 1238 1205)
4(148 1237 1238 149)
4(117 150 1239 1206)
4(149 1238 1239 150)
4(118 151 1240 1207)
4(150 1239 1240 151)
4(119 152 1241 1208)
4(151 1240 1241 152)
4(120 153 1242 1209)
4(152 1241 1242 153)
4(121 154 1243 1210)
4(153 1242 1243 154)
4(122 155 1244 1211)
4(154 1243 1244 155)
4(123 156 1245 1212)
4(155 1244 1245 156)
4(124 157 1246 1213)
4(156 1245 1246 157)
4(125 158 1247 1214)
4(157 1246 1247 158)
4(126 159 1248 1215)
4(158 1247 1248 159)
4(127 160 1249 1216)
4(159 1248 1249 160)
4(128 161 1250 1217)
4(160 1249 1250 161)
4(129 162 1251 1218)
4(161 1250 1251 162)
4(130 163 1252 1219)
4(162 1251 1252 163)
4(163 1252 1253 164)
4(133 166 1255 1222)
4(165 1254 1255 166)
4(134 167 1256 1223)
4(166 1255 1256 167)
4(135 168 1257 1224)
4(167 1256 1257 168)
4(136 169 1258 1225)
4(168 1257 1258 169)
4(137 170 1259 1226)
4(169 1258 1259 170)
4(138 171 1260 1227)
4(170 1259 1260 171)
4(139 172 1261 1228)
4(171 1260 1261 172)
4(140 173 1262 1229)
4(172 1261 1262 173)
4(141 174 1263 1230)
4(173 1262 1263 174)
4(142 175 1264 1231)
4(174 1263 1264 175)
4(143 176 1265 1232)
4(175 1264 1265 176)
4(144 177 1266 1233)
4(176 1265 1266 177)
4(145 178 1267 1234)
4(177 1266 1267 178)
4(146 179 1268 1235)
4(178 1267 1268 179)
4(147 180 1269 1236)
4(179 1268 1269 180)
4(148 181 1270 1237)
4(180 1269 1270 181)
4(149 182 1271 1238)
4(181 1270 1271 182)
4(150 183 1272 1239)
4(182 1271 1272 183)
4(151 184 1273 1240)
4(183 1272 1273 184)
4(152 185 1274 1241)
4(184 1273 1274 185)
4(153 186 1275 1242)
4(185 1274 1275 186)
4(154 187 1276 1243)
4(186 1275 1276 187)
4(155 188 1277 1244)
4(187 1276 1277 188)
4(156 189 1278 1245)
4(188 1277 1278 189)
4(157 190 1279 1246)
4(189 1278 1279 190)
4(158 191 1280 1247)
4(190 1279 1280 191)
4(159 192 1281 1248)
4(191 1280 1281 192)
4(160 193 1282 1249)
4(192 1281 1282 193)
4(161 194 1283 1250)
4(193 1282 1283 194)
4(162 195 1284 1251)
4(194 1283 1284 195)
4(163 196 1285 1252)
4(195 1284 1285 196)
4(196 1285 1286 197)
4(166 199 1288 1255)
4(198 1287 1288 199)
4(167 200 1289 1256)
4(199 1288 1289 200)
4(168 201 1290 1257)
4(200 1289 1290 201)
4(169 202 1291 1258)
4(201 1290 1291 202)
4(170 203 1292 1259)
4(202 1291 1292 203)
4(171 204 1293 1260)
4(203 1292 1293 204)
4(172 205 1294 1261)
4(204 1293 1294 205)
4(173 206 1295 1262)
4(205 1294 1295 206)
4(174 207 1296 1263)
4(206 1295 1296 207)
4(175 208 1297 1264)
4(207 1296 1297 208)
4(176 209 1298 1265)
4(208 1297 1298 209)
4(177 210 1299 1266)
4(209 1298 1299 210)
4(178 211 1300 1267)
4(210 1299 1300 211)
4(179 212 1301 1268)
4(211 1300 1301 212)
4(180 213 1302 1269)
4(212 1301 1302 213)
4(181 214 1303 1270)
4(213 1302 1303 214)
4(182 215 1304 1271)
4(214 1303 1304 215)
4(183 216 1305 1272)
4(215 1304 1305 216)
4(184 217 1306 1273)
4(216 1305 1306 217)
4(185 218 1307 1274)
4(217 1306 1307 218)
4(186 219 1308 1275)
4(218 1307 1308 219)
4(187 220 1309 1276)
4(219 1308 1309 220)
4(188 221 1310 1277)
4(220 1309 1310 221)
4(189 222 1311 1278)
4(221 1310 1311 222)
4(190 223 1312 1279)
4(222 1311 1312 223)
4(191 224 1313 1280)
4(223 1312 1313 224)
4(192 225 1314 1281)
4(224 1313 1314 225)
4(193 226 1315 1282)
4(225 1314 1315 226)
4(194 227 1316 1283)
4(226 1315 1316 227)
4(195 228 1317 1284)
4(227 1316 1317 228)
4(196 229 1318 1285)
4(228 1317 1318 229)
4(229 1318 1319 230)
4(199 232 1321 1288)
4(231 1320 1321 232)
4(200 233 1322 1289)
4(232 1321 1322 233)
4(201 234 1323 1290)
4(233 1322 1323 234)
4(202 235 1324 1291)
4(234 1323 1324 235)
4(203 236 1325 1292)
4(235 1324 1325 236)
4(204 237 1326 1293)
4(236 1325 1326 237)
4(205 238 1327 1294)
4(237 1326 1327 238)
4(206 239 1328 1295)
4(238 1327 1328 239)
4(207 240 1329 1296)
4(239 1328 1329 240)
4(208 241 1330 1297)
4(240 1329 1330 241)
4(209 242 1331 1298)
4(241 1330 1331 242)
4(210 243 1332 1299)
4(242 1331 1332 243)
4(211 244 1333 1300)
4(243 1332 1333 244)
4(212 245 1334 1301)
4(244 1333 1334 245)
4(213 246 1335 1302)
4(245 1334 1335 246)
4(214 247 1336 1303)
4(246 1335 1336 247)
4(215 248 1337 1304)
4(247 1336 1337 248)
4(216 249 1338 1305)
4(248 1337 1338 249)
4(217 250 1339 1306)
4(249 1338 1339 250)
4(218 251 1340 1307)
4(250 1339 1340 251)
4(219 252 1341 1308)
4(251 1340 1341 252)
4(220 253 1342 1309)
4(252 1341 1342 253)
4(221 254 1343 1310)
4(253 1342 1343 254)
4(222 255 1344 1311)
4(254 1343 1344 255)
4(223 256 1345 1312)
4(255 1344 1345 256)
4(224 257 1346 1313)
4(256 1345 1346 257)
4(225 258 1347 1314)
4(257 1346 1347 258)
4(226 259 1348 1315)
4(258 1347 1348 259)
4(227 260 1349 1316)
4(259 1348 1349 260)
4(228 261 1350 1317)
4(260 1349 1350 261)
4(229 262 1351 1318)
4(261 1350 1351 262)
4(262 1351 1352 263)
4(232 265 1354 1321)
4(264 1353 1354 265)
4(233 266 1355 1322)
4(265 1354 1355 266)
4(234 267 1356 1323)
4(266 1355 1356 267)
4(235 268 1357 1324)
4(267 1356 1357 268)
4(236 269 1358 1325)
4(268 1357 1358 269)
4(237 270 1359 1326)
4(269 1358 1359 270)
4(238 271 1360 1327)
4(270 1359 1360 271)
4(239 272 1361 1328)
4(271 1360 1361 272)
4(240 273 1362 1329)
4(272 1361 1362 273)
4(241 274 1363 1330)
4(273 1362 1363 274)
4(242 275 1364 1331)
4(274 1363 1364 275)
4(243 276 1365 1332)
4(275 1364 1365 276)
4(244 277 1366 1333)
4(276 1365 1366 277)
4(245 278 1367 1334)
4(277 1366 1367 278)
4(246 279 1368 1335)
4(278 1367 1368 279)
4(247 280 1369 1336)
4(279 1368 1369 280)
4(248 281 1370 1337)
4(280 1369 1370 281)
4(249 282 1371 1338)
4(281 1370 1371 282)
4(250 283 1372 1339)
4(282 1371 1372 283)
4(251 284 1373 1340)
4(283 1372 1373 284)
4(252 285 1374 1341)
4(284 1373 1374 285)
4(253 286 1375 1342)
4(285 1374 1375 286)
4(254 287 1376 1343)
4(286 1375 1376 287)
4(255 288 1377 1344)
4(287 1376 1377 288)
4(256 289 1378 1345)
4(288 1377 1378 289)
4(257 290 1379 1346)
4(289 1378 1379 290)
4(258 291 1380 1347)
4(290 1379 1380 291)
4(259 292 1381 1348)
4(291 1380 1381 292)
4(260 293 1382 1349)
4(292 1381 1382 293)
4(261 294 1383 1350)
4(293 1382 1383 294)
4(262 295 1384 1351)
4(294 1383 1384 295)
4(295 1384 1385 296)
4(265 298 1387 1354)
4(297 1386 1387 298)
4(266 299 1388 1355)
4(298 1387 1388 299)
4(267 300 1389 1356)
4(299 1388 1389 300)
4(268 301 1390 1357)
4(300 1389 1390 301)
4(269 302 1391 1358)
4(301 1390 1391 302)
4(270 303 1392 1359)
4(302 1391 1392 303)
4(271 304 1393 1360)
4(303 1392 1393 304)
4(272 305 1394 1361)
4(304 1393 1394 305)
4(273 306 1395 1362)
4(305 1394 1395 306)
4(274 307 1396 1363)
4(306 1395 1396 307)
4(275 308 1397 1364)
4(307 1396 1397 308)
4(276 309 1398 1365)
4(308 1397 1398 309)
4(277 310 1399 1366)
4(309 1398 1399 310)
4(278 311 1400 1367)
4(310 1399 1400 311)
4(279 312 1401 1368)
4(311 1400 1401 312)
4(280 313 1402 1369)
4(312 1401 1402 313)
4(281 314 1403 1370)
4(313 1402 1403 314)
4(282 315 1404 1371)
4(314 1403 1404 315)
4(283 316 1405 1372)
4(315 1404 1405 316)
4(284 317 1406 1373)
4(316 1405 1406 317)
4(285 318 1407 1374)
4(317 1406 1407 318)
4(286 319 1408 1375)
4(318 1407 1408 319)
4(287 320 1409 1376)
4(319 1408 1409 320)
4(288 321 1410 1377)
4(320 1409 1410 321)
4(289 322 1411 1378)
4(321 1410 1411 322)
4(290 323 1412 1379)
4(322 1411 1412 323)
4(291 324 1413 1380)
4(323 1412 1413 324)
4(292 325 1414 1381)
4(324 1413 1414 325)
4(293 326 1415 1382)
4(325 1414 1415 326)
4(294 327 1416 1383)
4(326 1415 1416 327)
4(295 328 1417 1384)
4(327 1416 1417 328)
4(328 1417 1418 329)
4(298 331 1420 1387)
4(330 1419 1420 331)
4(299 332 1421 1388)
4(331 1420 1421 332)
4(300 333 1422 1389)
4(332 1421 1422 333)
4(301 334 1423 1390)
4(333 1422 1423 334)
4(302 335 1424 1391)
4(334 1423 1424 335)
4(303 336 1425 1392)
4(335 1424 1425 336)
4(304 337 1426 1393)
4(336 1425 1426 337)
4(305 338 1427 1394)
4(337 1426 1427 338)
4(306 339 1428 1395)
4(338 1427 1428 339)
4(307 340 1429 1396)
4(339 1428 1429 340)
4(308 341 1430 1397)
4(340 1429 1430 341)
4(309 342 1431 1398)
4(341 1430 1431 342)
4(310 343 1432 1399)
4(342 1431 1432 343)
4(311 344 1433 1400)
4(343 1432 1433 344)
4(312 345 1434 1401)
4(344 1433 1434 345)
4(313 346 1435 1402)
4(345 1434 1435 346)
4(314 347 1436 1403)
4(346 1435 1436 347)
4(315 348 1437 1404)
4(347 1436 1437 348)
4(316 349 1438 1405)
4(348 1437 1438 349)
4(317 350 1439 1406)
4(349 1438 1439 350)
4(318 351 1440 1407)
4(350 1439 1440 351)
4(319 352 1441 1408)
4(351 1440 1441 352)
4(320 353 1442 1409)
4(352 1441 1442 353)
4(321 354 1443 1410)
4(353 1442 1443 354)
4(322 355 1444 1411)
4(354 1443 1444 355)
4(323 356 1445 1412)
4(355 1444 1445 356)
4(324 357 1446 1413)
4(356 1445 1446 357)
4(325 358 1447 1414)
4(357 1446 1447 358)
4(326 359 1448 1415)
4(358 1447 1448 359)
4(327 360 1449 1416)
4(359 1448 1449 360)
4(328 361 1450 1417)
4(360 1449 1450 361)
4(361 1450 1451 362)
4(331 364 1453 1420)
4(363 1452 1453 364)
4(332 365 1454 1421)
4(364 1453 1454 365)
4(333 366 1455 1422)
4(365 1454 1455 366)
4(334 367 1456 1423)
4(366 1455 1456 367)
4(335 368 1457 1424)
4(367 1456 1457 368)
4(336 369 1458 1425)
4(368 1457 1458 369)
4(337 370 1459 1426)
4(369 1458 1459 370)
4(338 371 1460 1427)
4(370 1459 1460 371)
4(339 372 1461 1428)
4(371 1460 1461 372)
4(340 373 1462 1429)
4(372 1461 1462 373)
4(341 374 1463 1430)
4(373 1462 1463 374)
4(342 375 1464 1431)
4(374 1463 1464 375)
4(343 376 1465 1432)
4(375 1464 1465 376)
4(344 377 1466 1433)
4(376 1465 1466 377)
4(345 378 1467 1434)
4(377 1466 1467 378)
4(346 379 1468 1435)
4(378 1467 1468 379)
4(347 380 1469 1436)
4(379 1468 1469 380)
4(348 381 1470 1437)
4(380 1469 1470 381)
4(349 382 1471 1438)
4(381 1470 1471 382)
4(350 383 1472 1439)
4(382 1471 1472 383)
4(351 384 1473 1440)
4(383 1472 1473 384)
4(352 385 1474 1441)
4(384 1473 1474 385)
4(353 386 1475 1442)
4(385 1474 1475 386)
4(354 387 1476 1443)
4(386 1475 1476 387)
4(355 388 1477 1444)
4(387 1476 1477 388)
4(356 389 1478 1445)
4(388 1477 1478 389)
4(357 390 1479 1446)
4(389 1478 1479 390)
4(358 391 1480 1447)
4(390 1479 1480 391)
4(359 392 1481 1448)
4(391 1480 1481 392)
4(360 393 1482 1449)
4(392 1481 1482 393)
4(361 394 1483 1450)
4(393 1482 1483 394)
4(394 1483 1484 395)
4(364 397 1486 1453)
4(396 1485 1486 397)
4(365 398 1487 1454)
4(397 1486 1487 398)
4(366 399 1488 1455)
4(398 1487 1488 399)
4(367 400 1489 1456)
4(399 1488 1489 400)
4(368 401 1490 1457)
4(400 1489 1490 401)
4(369 402 1491 1458)
4(401 1490 1491 402)
4(370 403 1492 1459)
4(402 1491 1492 403)
4(371 404 1493 1460)
4(403 1492 1493 404)
4(372 405 1494 1461)
4(404 1493 1494 405)
4(373 406 1495 1462)
4(405 1494 1495 406)
4(374 407 1496 1463)
4(406 1495 1496 407)
4(375 408 1497 1464)
4(407 1496 1497 408)
4(376 409 1498 1465)
4(408 1497 1498 409)
4(377 410 1499 1466)
4(409 1498 1499 410)
4(378 411 1500 1467)
4(410 1499 1500 411)
4(379 412 1501 1468)
4(411 1500 1501 412)
4(380 413 1502 1469)
4(412 1501 1502 413)
4(381 414 1503 1470)
4(413 1502 1503 414)
4(382 415 1504 1471)
4(414 1503 1504 415)
4(383 416 1505 1472)
4(415 1504 1505 416)
4(384 417 1506 1473)
4(416 1505 1506 417)
4(385 418 1507 1474)
4(417 1506 1507 418)
4(386 419 1508 1475)
4(418 1507 1508 419)
4(387 420 1509 1476)
4(419 1508 1509 420)
4(388 421 1510 1477)
4(420 1509 1510 421)
4(389 422 1511 1478)
4(421 1510 1511 422)
4(390 423 1512 1479)
4(422 1511 1512 423)
4(391 424 1513 1480)
4(423 1512 1513 424)
4(392 425 1514 1481)
4(424 1513 1514 425)
4(393 426 1515 1482)
4(425 1514 1515 426)
4(394 427 1516 1483)
4(426 1515 1516 427)
4(427 1516 1517 428)
4(397 430 1519 1486)
4(429 1518 1519 430)
4(398 431 1520 1487)
4(430 1519 1520 431)
4(399 432 1521 1488)
4(431 1520 1521 432)
4(400 433 1522 1489)
4(432 1521 1522 433)
4(401 434 1523 1490)
4(433 1522 1523 434)
4(402 435 1524 1491)
4(434 1523 1524 435)
4(403 436 1525 1492)
4(435 1524 1525 436)
4(404 437 1526 1493)
4(436 1525 1526 437)
4(405 438 1527 1494)
4(437 1526 1527 438)
4(406 439 1528 1495)
4(438 1527 1528 439)
4(407 440 1529 1496)
4(439 1528 1529 440)
4(408 441 1530 1497)
4(440 1529 1530 441)
4(409 442 1531 1498)
4(441 1530 1531 442)
4(410 443 1532 1499)
4(442 1531 1532 443)
4(411 444 1533 1500)
4(443 1532 1533 444)
4(412 445 1534 1501)
4(444 1533 1534 445)
4(413 446 1535 1502)
4(445 1534 1535 446)
4(414 447 1536 1503)
4(446 1535 1536 447)
4(415 448 1537 1504)
4(447 1536 1537 448)
4(416 449 1538 1505)
4(448 1537 1538 449)
4(417 450 1539 1506)
4(449 1538 1539 450)
4(418 451 1540 1507)
4(450 1539 1540 451)
4(419 452 1541 1508)
4(451 1540 1541 452)
4(420 453 1542 1509)
4(452 1541 1542 453)
4(421 454 1543 1510)
4(453 1542 1543 454)
4(422 455 1544 1511)
4(454 1543 1544 455)
4(423 456 1545 1512)
4(455 1544 1545 456)
4(424 457 1546 1513)
4(456 1545 1546 457)
4(425 458 1547 1514)
4(457 1546 1547 458)
4(426 459 1548 1515)
4(458 1547 1548 459)
4(427 460 1549 1516)
4(459 1548 1549 460)
4(460 1549 1550 461)
4(430 463 1552 1519)
4(462 1551 1552 463)
4(431 464 1553 1520)
4(463 1552 1553 464)
4(432 465 1554 1521)
4(464 1553 1554 465)
4(433 466 1555 1522)
4(465 1554 1555 466)
4(434 467 1556 1523)
4(466 1555 1556 467)
4(435 468 1557 1524)
4(467 1556 1557 468)
4(436 469 1558 1525)
4(468 1557 1558 469)
4(437 470 1559 1526)
4(469 1558 1559 470)
4(438 471 1560 1527)
4(470 1559 1560 471)
4(439 472 1561 1528)
4(471 1560 1561 472)
4(440 473 1562 1529)
4(472 1561 1562 473)
4(441 474 1563 1530)
4(473 1562 1563 474)
4(442 475 1564 1531)
4(474 1563 1564 475)
4(443 476 1565 1532)
4(475 1564 1565 476)
4(444 477 1566 1533)
4(476 1565 1566 477)
4(445 478 1567 1534)
4(477 1566 1567 478)
4(446 479 1568 1535)
4(478 1567 1568 479)
4(447 480 1569 1536)
4(479 1568 1569 480)
4(448 481 1570 1537)
4(480 1569 1570 481)
4(449 482 1571 1538)
4(481 1570 1571 482)
4(450 483 1572 1539)
4(482 1571 1572 483)
4(451 484 1573 1540)
4(483 1572 1573 484)
4(452 485 1574 1541)
4(484 1573 1574 485)
4(453 486 1575 1542)
4(485 1574 1575 486)
4(454 487 1576 1543)
4(486 1575 1576 487)
4(455 488 1577 1544)
4(487 1576 1577 488)
4(456 489 1578 1545)
4(488 1577 1578 489)
4(457 490 1579 1546)
4(489 1578 1579 490)
4(458 491 1580 1547)
4(490 1579 1580 491)
4(459 492 1581 1548)
4(491 1580 1581 492)
4(460 493 1582 1549)
4(492 1581 1582 493)
4(493 1582 1583 494)
4(463 496 1585 1552)
4(495 1584 1585 496)
4(464 497 1586 1553)
4(496 1585 1586 497)
4(465 498 1587 1554)
4(497 1586 1587 498)
4(466 499 1588 1555)
4(498 1587 1588 499)
4(467 500 1589 1556)
4(499 1588 1589 500)
4(468 501 1590 1557)
4(500 1589 1590 501)
4(469 502 1591 1558)
4(501 1590 1591 502)
4(470 503 1592 1559)
4(502 1591 1592 503)
4(471 504 1593 1560)
4(503 1592 1593 504)
4(472 505 1594 1561)
4(504 1593 1594 505)
4(473 506 1595 1562)
4(505 1594 1595 506)
4(474 507 1596 1563)
4(506 1595 1596 507)
4(475 508 1597 1564)
4(507 1596 1597 508)
4(476 509 1598 1565)
4(508 1597 1598 509)
4(477 510 1599 1566)
4(509 1598 1599 510)
4(478 511 1600 1567)
4(510 1599 1600 511)
4(479 512 1601 1568)
4(511 1600 1601 512)
4(480 513 1602 1569)
4(512 1601 1602 513)
4(481 514 1603 1570)
4(513 1602 1603 514)
4(482 515 1604 1571)
4(514 1603 1604 515)
4(483 516 1605 1572)
4(515 1604 1605 516)
4(484 517 1606 1573)
4(516 1605 1606 517)
4(485 518 1607 1574)
4(517 1606 1607 518)
4(486 519 1608 1575)
4(518 1607 1608 519)
4(487 520 1609 1576)
4(519 1608 1609 520)
4(488 521 1610 1577)
4(520 1609 1610 521)
4(489 522 1611 1578)
4(521 1610 1611 522)
4(490 523 1612 1579)
4(522 1611 1612 523)
4(491 524 1613 1580)
4(523 1612 1613 524)
4(492 525 1614 1581)
4(524 1613 1614 525)
4(493 526 1615 1582)
4(525 1614 1615 526)
4(526 1615 1616 527)
4(496 529 1618 1585)
4(528 1617 1618 529)
4(497 530 1619 1586)
4(529 1618 1619 530)
4(498 531 1620 1587)
4(530 1619 1620 531)
4(499 532 1621 1588)
4(531 1620 1621 532)
4(500 533 1622 1589)
4(532 1621 1622 533)
4(501 534 1623 1590)
4(533 1622 1623 534)
4(502 535 1624 1591)
4(534 1623 1624 535)
4(503 536 1625 1592)
4(535 1624 1625 536)
4(504 537 1626 1593)
4(536 1625 1626 537)
4(505 538 1627 1594)
4(537 1626 1627 538)
4(506 539 1628 1595)
4(538 1627 1628 539)
4(507 540 1629 1596)
4(539 1628 1629 540)
4(508 541 1630 1597)
4(540 1629 1630 541)
4(509 542 1631 1598)
4(541 1630 1631 542)
4(510 543 1632 1599)
4(542 1631 1632 543)
4(511 544 1633 1600)
4(543 1632 1633 544)
4(512 545 1634 1601)
4(544 1633 1634 545)
4(513 546 1635 1602)
4(545 1634 1635 546)
4(514 547 1636 1603)
4(546 1635 1636 547)
4(515 548 1637 1604)
4(547 1636 1637 548)
4(516 549 1638 1605)
4(548 1637 1638 549)
4(517 550 1639 1606)
4(549 1638 1639 550)
4(518 551 1640 1607)
4(550 1639 1640 551)
4(519 552 1641 1608)
4(551 1640 1641 552)
4(520 553 1642 1609)
4(552 1641 1642 553)
4(521 554 1643 1610)
4(553 1642 1643 554)
4(522 555 1644 1611)
4(554 1643 1644 555)
4(523 556 1645 1612)
4(555 1644 1645 556)
4(524 557 1646 1613)
4(556 1645 1646 557)
4(525 558 1647 1614)
4(557 1646 1647 558)
4(526 559 1648 1615)
4(558 1647 1648 559)
4(559 1648 1649 560)
4(529 562 1651 1618)
4(561 1650 1651 562)
4(530 563 1652 1619)
4(562 1651 1652 563)
4(531 564 1653 1620)
4(563 1652 1653 564)
4(532 565 1654 1621)
4(564 1653 1654 565)
4(533 566 1655 1622)
4(565 1654 1655 566)
4(534 567 1656 1623)
4(566 1655 1656 567)
4(535 568 1657 1624)
4(567 1656 1657 568)
4(536 569 1658 1625)
4(568 1657 1658 569)
4(537 570 1659 1626)
4(569 1658 1659 570)
4(538 571 1660 1627)
4(570 1659 1660 571)
4(539 572 1661 1628)
4(571 1660 1661 572)
4(540 573 1662 1629)
4(572 1661 1662 573)
4(541 574 1663 1630)
4(573 1662 1663 574)
4(542 575 1664 1631)
4(574 1663 1664 575)
4(543 576 1665 1632)
4(575 1664 1665 576)
4(544 577 1666 1633)
4(576 1665 1666 577)
4(545 578 1667 1634)
4(577 1666 1667 578)
4(546 579 1668 1635)
4(578 1667 1668 579)
4(547 580 1669 1636)
4(579 1668 1669 580)
4(548 581 1670 1637)
4(580 1669 1670 581)
4(549 582 1671 1638)
4(581 1670 1671 582)
4(550 583 1672 1639)
4(582 1671 1672 583)
4(551 584 1673 1640)
4(583 1672 1673 584)
4(552 585 1674 1641)
4(584 1673 1674 585)
4(553 586 1675 1642)
4(585 1674 1675 586)
4(554 587 1676 1643)
4(586 1675 1676 587)
4(555 588 1677 1644)
4(587 1676 1677 588)
4(556 589 1678 1645)
4(588 1677 1678 589)
4(557 590 1679 1646)
4(589 1678 1679 590)
4(558 591 1680 1647)
4(590 1679 1680 591)
4(559 592 1681 1648)
4(591 1680 1681 592)
4(592 1681 1682 593)
4(562 595 1684 1651)
4(594 1683 1684 595)
4(563 596 1685 1652)
4(595 1684 1685 596)
4(564 597 1686 1653)
4(596 1685 1686 597)
4(565 598 1687 1654)
4(597 1686 1687 598)
4(566 599 1688 1655)
4(598 1687 1688 599)
4(567 600 1689 1656)
4(599 1688 1689 600)
4(568 601 1690 1657)
4(600 1689 1690 601)
4(569 602 1691 1658)
4(601 1690 1691 602)
4(570 603 1692 1659)
4(602 1691 1692 603)
4(571 604 1693 1660)
4(603 1692 1693 604)
4(572 605 1694 1661)
4(604 1693 1694 605)
4(573 606 1695 1662)
4(605 1694 1695 606)
4(574 607 1696 1663)
4(606 1695 1696 607)
4(575 608 1697 1664)
4(607 1696 1697 608)
4(576 609 1698 1665)
4(608 1697 1698 609)
4(577 610 1699 1666)
4(609 1698 1699 610)
4(578 611 1700 1667)
4(610 1699 1700 611)
4(579 612 1701 1668)
4(611 1700 1701 612)
4(580 613 1702 1669)
4(612 1701 1702 613)
4(581 614 1703 1670)
4(613 1702 1703 614)
4(582 615 1704 1671)
4(614 1703 1704 615)
4(583 616 1705 1672)
4(615 1704 1705 616)
4(584 617 1706 1673)
4(616 1705 1706 617)
4(585 618 1707 1674)
4(617 1706 1707 618)
4(586 619 1708 1675)
4(618 1707 1708 619)
4(587 620 1709 1676)
4(619 1708 1709 620)
4(588 621 1710 1677)
4(620 1709 1710 621)
4(589 622 1711 1678)
4(621 1710 1711 622)
4(590 623 1712 1679)
4(622 1711 1712 623)
4(591 624 1713 1680)
4(623 1712 1713 624)
4(592 625 1714 1681)
4(624 1713 1714 625)
4(625 1714 1715 626)
4(595 628 1717 1684)
4(627 1716 1717 628)
4(596 629 1718 1685)
4(628 1717 1718 629)
4(597 630 1719 1686)
4(629 1718 1719 630)
4(598 631 1720 1687)
4(630 1719 1720 631)
4(599 632 1721 1688)
4(631 1720 1721 632)
4(600 633 1722 1689)
4(632 1721 1722 633)
4(601 634 1723 1690)
4(633 1722 1723 634)
4(602 635 1724 1691)
4(634 1723 1724 635)
4(603 636 1725 1692)
4(635 1724 1725 636)
4(604 637 1726 1693)
4(636 1725 1726 637)
4(605 638 1727 1694)
4(637 1726 1727 638)
4(606 639 1728 1695)
4(638 1727 1728 639)
4(607 640 1729 1696)
4(639 1728 1729 640)
4(608 641 1730 1697)
4(640 1729 1730 641)
4(609 642 1731 1698)
4(641 1730 1731 642)
4(610 643 1732 1699)
4(642 1731 1732 643)
4(611 644 1733 1700)
4(643 1732 1733 644)
4(612 645 1734 1701)
4(644 1733 1734 645)
4(613 646 1735 1702)
4(645 1734 1735 646)
4(614 647 1736 1703)
4(646 1735 1736 647)
4(615 648 1737 1704)
4(647 1736 1737 648)
4(616 649 1738 1705)
4(648 1737 1738 649)
4(617 650 1739 1706)
4(649 1738 1739 650)
4(618 651 1740 1707)
4(650 1739 1740 651)
4(619 652 1741 1708)
4(651 1740 1741 652)
4(620 653 1742 1709)
4(652 1741 1742 653)
4(621 654 1743 1710)
4(653 1742 1743 654)
4(622 655 1744 1711)
4(654 1743 1744 655)
4(623 656 1745 1712)
4(655 1744 1745 656)
4(624 657 1746 1713)
4(656 1745 1746 657)
4(625 658 1747 1714)
4(657 1746 1747 658)
4(658 1747 1748 659)
4(628 661 1750 1717)
4(660 1749 1750 661)
4(629 662 1751 1718)
4(661 1750 1751 662)
4(630 663 1752 1719)
4(662 1751 1752 663)
4(631 664 1753 1720)
4(663 1752 1753 664)
4(632 665 1754 1721)
4(664 1753 1754 665)
4(633 666 1755 1722)
4(665 1754 1755 666)
4(634 667 1756 1723)
4(666 1755 1756 667)
4(635 668 1757 1724)
4(667 1756 1757 668)
4(636 669 1758 1725)
4(668 1757 1758 669)
4(637 670 1759 1726)
4(669 1758 1759 670)
4(638 671 1760 1727)
4(670 1759 1760 671)
4(639 672 1761 1728)
4(671 1760 1761 672)
4(640 673 1762 1729)
4(672 1761 1762 673)
4(641 674 1763 1730)
4(673 1762 1763 674)
4(642 675 1764 1731)
4(674 1763 1764 675)
4(643 676 1765 1732)
4(675 1764 1765 676)
4(644 677 1766 1733)
4(676 1765 1766 677)
4(645 678 1767 1734)
4(677 1766 1767 678)
4(646 679 1768 1735)
4(678 1767 1768 679)
4(647 680 1769 1736)
4(679 1768 1769 680)
4(648 681 1770 1737)
4(680 1769 1770 681)
4(649 682 1771 1738)
4(681 1770 1771 682)
4(650 683 1772 1739)
4(682 1771 1772 683)
4(651 684 1773 1740)
4(683 1772 1773 684)
4(652 685 1774 1741)
4(684 1773 1774 685)
4(653 686 1775 1742)
4(685 1774 1775 686)
4(654 687 1776 1743)
4(686 1775 1776 687)
4(655 688 1777 1744)
4(687 1776 1777 688)
4(656 689 1778 1745)
4(688 1777 1778 689)
4(657 690 1779 1746)
4(689 1778 1779 690)
4(658 691 1780 1747)
4(690 1779 1780 691)
4(691 1780 1781 692)
4(661 694 1783 1750)
4(693 1782 1783 694)
4(662 695 1784 1751)
4(694 1783 1784 695)
4(663 696 1785 1752)
4(695 1784 1785 696)
4(664 697 1786 1753)
4(696 1785 1786 697)
4(665 698 1787 1754)
4(697 1786 1787 698)
4(666 699 1788 1755)
4(698 1787 1788 699)
4(667 700 1789 1756)
4(699 1788 1789 700)
4(668 701 1790 1757)
4(700 1789 1790 701)
4(669 702 1791 1758)
4(701 1790 1791 702)
4(670 703 1792 1759)
4(702 1791 1792 703)
4(671 704 1793 1760)
4(703 1792 1793 704)
4(672 705 1794 1761)
4(704 1793 1794 705)
4(673 706 1795 1762)
4(705 1794 1795 706)
4(674 707 1796 1763)
4(706 1795 1796 707)
4(675 708 1797 1764)
4(707 1796 1797 708)
4(676 709 1798 1765)
4(708 1797 1798 709)
4(677 710 1799 1766)
4(709 1798 1799 710)
4(678 711 1800 1767)
4(710 1799 1800 711)
4(679 712 1801 1768)
4(711 1800 1801 712)
4(680 713 1802 1769)
4(712 1801 1802 713)
4(681 714 1803 1770)
4(713 1802 1803 714)
4(682 715 1804 1771)
4(714 1803 1804 715)
4(683 716 1805 1772)
4(715 1804 1805 716)
4(684 717 1806 1773)
4(716 1805 1806 717)
4(685 718 1807 1774)
4(717 1806 1807 718)
4(686 719 1808 1775)
4(718 1807 1808 719)
4(687 720 1809 1776)
4(719 1808 1809 720)
4(688 721 1810 1777)
4(720 1809 1810 721)
4(689 722 1811 1778)
4(721 1810 1811 722)
4(690 723 1812 1779)
4(722 1811 1812 723)
4(691 724 1813 1780)
4(723 1812 1813 724)
4(724 1813 1814 725)
4(694 727 1816 1783)
4(726 1815 1816 727)
4(695 728 1817 1784)
4(727 1816 1817 728)
4(696 729 1818 1785)
4(728 1817 1818 729)
4(697 730 1819 1786)
4(729 1818 1819 730)
4(698 731 1820 1787)
4(730 1819 1820 731)
4(699 732 1821 1788)
4(731 1820 1821 732)
4(700 733 1822 1789)
4(732 1821 1822 733)
4(701 734 1823 1790)
4(733 1822 1823 734)
4(702 735 1824 1791)
4(734 1823 1824 735)
4(703 736 1825 1792)
4(735 1824 1825 736)
4(704 737 1826 1793)
4(736 1825 1826 737)
4(705 738 1827 1794)
4(737 1826 1827 738)
4(706 739 1828 1795)
4(738 1827 1828 739)
4(707 740 1829 1796)
4(739 1828 1829 740)
4(708 741 1830 1797)
4(740 1829 1830 741)
4(709 742 1831 1798)
4(741 1830 1831 742)
4(710 743 1832 1799)
4(742 1831 1832 743)
4(711 744 1833 1800)
4(743 1832 1833 744)
4(712 745 1834 1801)
4(744 1833 1834 745)
4(713 746 1835 1802)
4(745 1834 1835 746)
4(714 747 1836 1803)
4(746 1835 1836 747)
4(715 748 1837 1804)
4(747 1836 1837 748)
4(716 749 1838 1805)
4(748 1837 1838 749)
4(717 750 1839 1806)
4(749 1838 1839 750)
4(718 751 1840 1807)
4(750 1839 1840 751)
4(719 752 1841 1808)
4(751 1840 1841 752)
4(720 753 1842 1809)
4(752 1841 1842 753)
4(721 754 1843 1810)
4(753 1842 1843 754)
4(722 755 1844 1811)
4(754 1843 1844 755)
4(723 756 1845 1812)
4(755 1844 1845 756)
4(724 757 1846 1813)
4(756 1845 1846 757)
4(757 1846 1847 758)
4(727 760 1849 1816)
4(759 1848 1849 760)
4(728 761 1850 1817)
4(760 1849 1850 761)
4(729 762 1851 1818)
4(761 1850 1851 762)
4(730 763 1852 1819)
4(762 1851 1852 763)
4(731 764 1853 1820)
4(763 1852 1853 764)
4(732 765 1854 1821)
4(764 1853 1854 765)
4(733 766 1855 1822)
4(765 1854 1855 766)
4(734 767 1856 1823)
4(766 1855 1856 767)
4(735 768 1857 1824)
4(767 1856 1857 768)
4(736 769 1858 1825)
4(768 1857 1858 769)
4(737 770 1859 1826)
4(769 1858 1859 770)
4(738 771 1860 1827)
4(770 1859 1860 771)
4(739 772 1861 1828)
4(771 1860 1861 772)
4(740 773 1862 1829)
4(772 1861 1862 773)
4(741 774 1863 1830)
4(773 1862 1863 774)
4(742 775 1864 1831)
4(774 1863 1864 775)
4(743 776 1865 1832)
4(775 1864 1865 776)
4(744 777 1866 1833)
4(776 1865 1866 777)
4(745 778 1867 1834)
4(777 1866 1867 778)
4(746 779 1868 1835)
4(778 1867 1868 779)
4(747 780 1869 1836)
4(779 1868 1869 780)
4(748 781 1870 1837)
4(780 1869 1870 781)
4(749 782 1871 1838)
4(781 1870 1871 782)
4(750 783 1872 1839)
4(782 1871 1872 783)
4(751 784 1873 1840)
4(783 1872 1873 784)
4(752 785 1874 1841)
4(784 1873 1874 785)
4(753 786 1875 1842)
4(785 1874 1875 786)
4(754 787 1876 1843)
4(786 1875 1876 787)
4(755 788 1877 1844)
4(787 1876 1877 788)
4(756 789 1878 1845)
4(788 1877 1878 789)
4(757 790 1879 1846)
4(789 1878 1879 790)
4(790 1879 1880 791)
4(760 793 1882 1849)
4(792 1881 1882 793)
4(761 794 1883 1850)
4(793 1882 1883 794)
4(762 795 1884 1851)
4(794 1883 1884 795)
4(763 796 1885 1852)
4(795 1884 1885 796)
4(764 797 1886 1853)
4(796 1885 1886 797)
4(765 798 1887 1854)
4(797 1886 1887 798)
4(766 799 1888 1855)
4(798 1887 1888 799)
4(767 800 1889 1856)
4(799 1888 1889 800)
4(768 801 1890 1857)
4(800 1889 1890 801)
4(769 802 1891 1858)
4(801 1890 1891 802)
4(770 803 1892 1859)
4(802 1891 1892 803)
4(771 804 1893 1860)
4(803 1892 1893 804)
4(772 805 1894 1861)
4(804 1893 1894 805)
4(773 806 1895 1862)
4(805 1894 1895 806)
4(774 807 1896 1863)
4(806 1895 1896 807)
4(775 808 1897 1864)
4(807 1896 1897 808)
4(776 809 1898 1865)
4(808 1897 1898 809)
4(777 810 1899 1866)
4(809 1898 1899 810)
4(778 811 1900 1867)
4(810 1899 1900 811)
4(779 812 1901 1868)
4(811 1900 1901 812)
4(780 813 1902 1869)
4(812 1901 1902 813)
4(781 814 1903 1870)
4(813 1902 1903 814)
4(782 815 1904 1871)
4(814 1903 1904 815)
4(783 816 1905 1872)
4(815 1904 1905 816)
4(784 817 1906 1873)
4(816 1905 1906 817)
4(785 818 1907 1874)
4(817 1906 1907 818)
4(786 819 1908 1875)
4(818 1907 1908 819)
4(787 820 1909 1876)
4(819 1908 1909 820)
4(788 821 1910 1877)
4(820 1909 1910 821)
4(789 822 1911 1878)
4(821 1910 1911 822)
4(790 823 1912 1879)
4(822 1911 1912 823)
4(823 1912 1913 824)
4(793 826 1915 1882)
4(825 1914 1915 826)
4(794 827 1916 1883)
4(826 1915 1916 827)
4(795 828 1917 1884)
4(827 1916 1917 828)
4(796 829 1918 1885)
4(828 1917 1918 829)
4(797 830 1919 1886)
4(829 1918 1919 830)
4(798 831 1920 1887)
4(830 1919 1920 831)
4(799 832 1921 1888)
4(831 1920 1921 832)
4(800 833 1922 1889)
4(832 1921 1922 833)
4(801 834 1923 1890)
4(833 1922 1923 834)
4(802 835 1924 1891)
4(834 1923 1924 835)
4(803 836 1925 1892)
4(835 1924 1925 836)
4(804 837 1926 1893)
4(836 1925 1926 837)
4(805 838 1927 1894)
4(837 1926 1927 838)
4(806 839 1928 1895)
4(838 1927 1928 839)
4(807 840 1929 1896)
4(839 1928 1929 840)
4(808 841 1930 1897)
4(840 1929 1930 841)
4(809 842 1931 1898)
4(841 1930 1931 842)
4(810 843 1932 1899)
4(842 1931 1932 843)
4(811 844 1933 1900)
4(843 1932 1933 844)
4(812 845 1934 1901)
4(844 1933 1934 845)
4(813 846 1935 1902)
4(845 1934 1935 846)
4(814 847 1936 1903)
4(846 1935 1936 847)
4(815 848 1937 1904)
4(847 1936 1937 848)
4(816 849 1938 1905)
4(848 1937 1938 849)
4(817 850 1939 1906)
4(849 1938 1939 850)
4(818 851 1940 1907)
4(850 1939 1940 851)
4(819 852 1941 1908)
4(851 1940 1941 852)
4(820 853 1942 1909)
4(852 1941 1942 853)
4(821 854 1943 1910)
4(853 1942 1943 854)
4(822 855 1944 1911)
4(854 1943 1944 855)
4(823 856 1945 1912)
4(855 1944 1945 856)
4(856 1945 1946 857)
4(826 859 1948 1915)
4(858 1947 1948 859)
4(827 860 1949 1916)
4(859 1948 1949 860)
4(828 861 1950 1917)
4(860 1949 1950 861)
4(829 862 1951 1918)
4(861 1950 1951 862)
4(830 863 1952 1919)
4(862 1951 1952 863)
4(831 864 1953 1920)
4(863 1952 1953 864)
4(832 865 1954 1921)
4(864 1953 1954 865)
4(833 866 1955 1922)
4(865 1954 1955 866)
4(834 867 1956 1923)
4(866 1955 1956 867)
4(835 868 1957 1924)
4(867 1956 1957 868)
4(836 869 1958 1925)
4(868 1957 1958 869)
4(837 870 1959 1926)
4(869 1958 1959 870)
4(838 871 1960 1927)
4(870 1959 1960 871)
4(839 872 1961 1928)
4(871 1960 1961 872)
4(840 873 1962 1929)
4(872 1961 1962 873)
4(841 874 1963 1930)
4(873 1962 1963 874)
4(842 875 1964 1931)
4(874 1963 1964 875)
4(843 876 1965 1932)
4(875 1964 1965 876)
4(844 877 1966 1933)
4(876 1965 1966 877)
4(845 878 1967 1934)
4(877 1966 1967 878)
4(846 879 1968 1935)
4(878 1967 1968 879)
4(847 880 1969 1936)
4(879 1968 1969 880)
4(848 881 1970 1937)
4(880 1969 1970 881)
4(849 882 1971 1938)
4(881 1970 1971 882)
4(850 883 1972 1939)
4(882 1971 1972 883)
4(851 884 1973 1940)
4(883 1972 1973 884)
4(852 885 1974 1941)
4(884 1973 1974 885)
4(853 886 1975 1942)
4(885 1974 1975 886)
4(854 887 1976 1943)
4(886 1975 1976 887)
4(855 888 1977 1944)
4(887 1976 1977 888)
4(856 889 1978 1945)
4(888 1977 1978 889)
4(889 1978 1979 890)
4(859 892 1981 1948)
4(891 1980 1981 892)
4(860 893 1982 1949)
4(892 1981 1982 893)
4(861 894 1983 1950)
4(893 1982 1983 894)
4(862 895 1984 1951)
4(894 1983 1984 895)
4(863 896 1985 1952)
4(895 1984 1985 896)
4(864 897 1986 1953)
4(896 1985 1986 897)
4(865 898 1987 1954)
4(897 1986 1987 898)
4(866 899 1988 1955)
4(898 1987 1988 899)
4(867 900 1989 1956)
4(899 1988 1989 900)
4(868 901 1990 1957)
4(900 1989 1990 901)
4(869 902 1991 1958)
4(901 1990 1991 902)
4(870 903 1992 1959)
4(902 1991 1992 903)
4(871 904 1993 1960)
4(903 1992 1993 904)
4(872 905 1994 1961)
4(904 1993 1994 905)
4(873 906 1995 1962)
4(905 1994 1995 906)
4(874 907 1996 1963)
4(906 1995 1996 907)
4(875 908 1997 1964)
4(907 1996 1997 908)
4(876 909 1998 1965)
4(908 1997 1998 909)
4(877 910 1999 1966)
4(909 1998 1999 910)
4(878 911 2000 1967)
4(910 1999 2000 911)
4(879 912 2001 1968)
4(911 2000 2001 912)
4(880 913 2002 1969)
4(912 2001 2002 913)
4(881 914 2003 1970)
4(913 2002 2003 914)
4(882 915 2004 1971)
4(914 2003 2004 915)
4(883 916 2005 1972)
4(915 2004 2005 916)
4(884 917 2006 1973)
4(916 2005 2006 917)
4(885 918 2007 1974)
4(917 2006 2007 918)
4(886 919 2008 1975)
4(918 2007 2008 919)
4(887 920 2009 1976)
4(919 2008 2009 920)
4(888 921 2010 1977)
4(920 2009 2010 921)
4(889 922 2011 1978)
4(921 2010 2011 922)
4(922 2011 2012 923)
4(892 925 2014 1981)
4(924 2013 2014 925)
4(893 926 2015 1982)
4(925 2014 2015 926)
4(894 927 2016 1983)
4(926 2015 2016 927)
4(895 928 2017 1984)
4(927 2016 2017 928)
4(896 929 2018 1985)
4(928 2017 2018 929)
4(897 930 2019 1986)
4(929 2018 2019 930)
4(898 931 2020 1987)
4(930 2019 2020 931)
4(899 932 2021 1988)
4(931 2020 2021 932)
4(900 933 2022 1989)
4(932 2021 2022 933)
4(901 934 2023 1990)
4(933 2022 2023 934)
4(902 935 2024 1991)
4(934 2023 2024 935)
4(903 936 2025 1992)
4(935 2024 2025 936)
4(904 937 2026 1993)
4(936 2025 2026 937)
4(905 938 2027 1994)
4(937 2026 2027 938)
4(906 939 2028 1995)
4(938 2027 2028 939)
4(907 940 2029 1996)
4(939 2028 2029 940)
4(908 941 2030 1997)
4(940 2029 2030 941)
4(909 942 2031 1998)
4(941 2030 2031 942)
4(910 943 2032 1999)
4(942 2031 2032 943)
4(911 944 2033 2000)
4(943 2032 2033 944)
4(912 945 2034 2001)
4(944 2033 2034 945)
4(913 946 2035 2002)
4(945 2034 2035 946)
4(914 947 2036 2003)
4(946 2035 2036 947)
4(915 948 2037 2004)
4(947 2036 2037 948)
4(916 949 2038 2005)
4(948 2037 2038 949)
4(917 950 2039 2006)
4(949 2038 2039 950)
4(918 951 2040 2007)
4(950 2039 2040 951)
4(919 952 2041 2008)
4(951 2040 2041 952)
4(920 953 2042 2009)
4(952 2041 2042 953)
4(921 954 2043 2010)
4(953 2042 2043 954)
4(922 955 2044 2011)
4(954 2043 2044 955)
4(955 2044 2045 956)
4(925 958 2047 2014)
4(957 2046 2047 958)
4(926 959 2048 2015)
4(958 2047 2048 959)
4(927 960 2049 2016)
4(959 2048 2049 960)
4(928 961 2050 2017)
4(960 2049 2050 961)
4(929 962 2051 2018)
4(961 2050 2051 962)
4(930 963 2052 2019)
4(962 2051 2052 963)
4(931 964 2053 2020)
4(963 2052 2053 964)
4(932 965 2054 2021)
4(964 2053 2054 965)
4(933 966 2055 2022)
4(965 2054 2055 966)
4(934 967 2056 2023)
4(966 2055 2056 967)
4(935 968 2057 2024)
4(967 2056 2057 968)
4(936 969 2058 2025)
4(968 2057 2058 969)
4(937 970 2059 2026)
4(969 2058 2059 970)
4(938 971 2060 2027)
4(970 2059 2060 971)
4(939 972 2061 2028)
4(971 2060 2061 972)
4(940 973 2062 2029)
4(972 2061 2062 973)
4(941 974 2063 2030)
4(973 2062 2063 974)
4(942 975 2064 2031)
4(974 2063 2064 975)
4(943 976 2065 2032)
4(975 2064 2065 976)
4(944 977 2066 2033)
4(976 2065 2066 977)
4(945 978 2067 2034)
4(977 2066 2067 978)
4(946 979 2068 2035)
4(978 2067 2068 979)
4(947 980 2069 2036)
4(979 2068 2069 980)
4(948 981 2070 2037)
4(980 2069 2070 981)
4(949 982 2071 2038)
4(981 2070 2071 982)
4(950 983 2072 2039)
4(982 2071 2072 983)
4(951 984 2073 2040)
4(983 2072 2073 984)
4(952 985 2074 2041)
4(984 2073 2074 985)
4(953 986 2075 2042)
4(985 2074 2075 986)
4(954 987 2076 2043)
4(986 2075 2076 987)
4(955 988 2077 2044)
4(987 2076 2077 988)
4(988 2077 2078 989)
4(958 991 2080 2047)
4(990 2079 2080 991)
4(959 992 2081 2048)
4(991 2080 2081 992)
4(960 993 2082 2049)
4(992 2081 2082 993)
4(961 994 2083 2050)
4(993 2082 2083 994)
4(962 995 2084 2051)
4(994 2083 2084 995)
4(963 996 2085 2052)
4(995 2084 2085 996)
4(964 997 2086 2053)
4(996 2085 2086 997)
4(965 998 2087 2054)
4(997 2086 2087 998)
4(966 999 2088 2055)
4(998 2087 2088 999)
4(967 1000 2089 2056)
4(999 2088 2089 1000)
4(968 1001 2090 2057)
4(1000 2089 2090 1001)
4(969 1002 2091 2058)
4(1001 2090 2091 1002)
4(970 1003 2092 2059)
4(1002 2091 2092 1003)
4(971 1004 2093 2060)
4(1003 2092 2093 1004)
4(972 1005 2094 2061)
4(1004 2093 2094 1005)
4(973 1006 2095 2062)
4(1005 2094 2095 1006)
4(974 1007 2096 2063)
4(1006 2095 2096 1007)
4(975 1008 2097 2064)
4(1007 2096 2097 1008)
4(976 1009 2098 2065)
4(1008 2097 2098 1009)
4(977 1010 2099 2066)
4(1009 2098 2099 1010)
4(978 1011 2100 2067)
4(1010 2099 2100 1011)
4(979 1012 2101 2068)
4(1011 2100 2101 1012)
4(980 1013 2102 2069)
4(1012 2101 2102 1013)
4(981 1014 2103 2070)
4(1013 2102 2103 1014)
4(982 1015 2104 2071)
4(1014 2103 2104 1015)
4(983 1016 2105 2072)
4(1015 2104 2105 1016)
4(984 1017 2106 2073)
4(1016 2105 2106 1017)
4(985 1018 2107 2074)
4(1017 2106 2107 1018)
4(986 1019 2108 2075)
4(1018 2107 2108 1019)
4(987 1020 2109 2076)
4(1019 2108 2109 1020)
4(988 1021 2110 2077)
4(1020 2109 2110 1021)
4(1021 2110 2111 1022)
4(991 1024 2113 2080)
4(1023 2112 2113 1024)
4(992 1025 2114 2081)
4(1024 2113 2114 1025)
4(993 1026 2115 2082)
4(1025 2114 2115 1026)
4(994 1027 2116 2083)
4(1026 2115 2116 1027)
4(995 1028 2117 2084)
4(1027 2116 2117 1028)
4(996 1029 2118 2085)
4(1028 2117 2118 1029)
4(997 1030 2119 2086)
4(1029 2118 2119 1030)
4(998 1031 2120 2087)
4(1030 2119 2120 1031)
4(999 1032 2121 2088)
4(1031 2120 2121 1032)
4(1000 1033 2122 2089)
4(1032 2121 2122 1033)
4(1001 1034 2123 2090)
4(1033 2122 2123 1034)
4(1002 1035 2124 2091)
4(1034 2123 2124 1035)
4(1003 1036 2125 2092)
4(1035 2124 2125 1036)
4(1004 1037 2126 2093)
4(1036 2125 2126 1037)
4(1005 1038 2127 2094)
4(1037 2126 2127 1038)
4(1006 1039 2128 2095)
4(1038 2127 2128 1039)
4(1007 1040 2129 2096)
4(1039 2128 2129 1040)
4(1008 1041 2130 2097)
4(1040 2129 2130 1041)
4(1009 1042 2131 2098)
4(1041 2130 2131 1042)
4(1010 1043 2132 2099)
4(1042 2131 2132 1043)
4(1011 1044 2133 2100)
4(1043 2132 2133 1044)
4(1012 1045 2134 2101)
4(1044 2133 2134 1045)
4(1013 1046 2135 2102)
4(1045 2134 2135 1046)
4(1014 1047 2136 2103)
4(1046 2135 2136 1047)
4(1015 1048 2137 2104)
4(1047 2136 2137 1048)
4(1016 1049 2138 2105)
4(1048 2137 2138 1049)
4(1017 1050 2139 2106)
4(1049 2138 2139 1050)
4(1018 1051 2140 2107)
4(1050 2139 2140 1051)
4(1019 1052 2141 2108)
4(1051 2140 2141 1052)
4(1020 1053 2142 2109)
4(1052 2141 2142 1053)
4(1021 1054 2143 2110)
4(1053 2142 2143 1054)
4(1054 2143 2144 1055)
4(1024 1057 2146 2113)
4(1025 1058 2147 2114)
4(1026 1059 2148 2115)
4(1027 1060 2149 2116)
4(1028 1061 2150 2117)
4(1029 1062 2151 2118)
4(1030 1063 2152 2119)
4(1031 1064 2153 2120)
4(1032 1065 2154 2121)
4(1033 1066 2155 2122)
4(1034 1067 2156 2123)
4(1035 1068 2157 2124)
4(1036 1069 2158 2125)
4(1037 1070 2159 2126)
4(1038 1071 2160 2127)
4(1039 1072 2161 2128)
4(1040 1073 2162 2129)
4(1041 1074 2163 2130)
4(1042 1075 2164 2131)
4(1043 1076 2165 2132)
4(1044 1077 2166 2133)
4(1045 1078 2167 2134)
4(1046 1079 2168 2135)
4(1047 1080 2169 2136)
4(1048 1081 2170 2137)
4(1049 1082 2171 2138)
4(1050 1083 2172 2139)
4(1051 1084 2173 2140)
4(1052 1085 2174 2141)
4(1053 1086 2175 2142)
4(1054 1087 2176 2143)
4(0 1089 1122 33)
4(33 1122 1155 66)
4(66 1155 1188 99)
4(99 1188 1221 132)
4(132 1221 1254 165)
4(165 1254 1287 198)
4(198 1287 1320 231)
4(231 1320 1353 264)
4(264 1353 1386 297)
4(297 1386 1419 330)
4(330 1419 1452 363)
4(363 1452 1485 396)
4(396 1485 1518 429)
4(429 1518 1551 462)
4(462 1551 1584 495)
4(495 1584 1617 528)
4(528 1617 1650 561)
4(561 1650 1683 594)
4(594 1683 1716 627)
4(627 1716 1749 660)
4(660 1749 1782 693)
4(693 1782 1815 726)
4(726 1815 1848 759)
4(759 1848 1881 792)
4(792 1881 1914 825)
4(825 1914 1947 858)
4(858 1947 1980 891)
4(891 1980 2013 924)
4(924 2013 2046 957)
4(957 2046 2079 990)
4(990 2079 2112 1023)
4(1023 2112 2145 1056)
4(32 65 1154 1121)
4(65 98 1187 1154)
4(98 131 1220 1187)
4(131 164 1253 1220)
4(164 197 1286 1253)
4(197 230 1319 1286)
4(230 263 1352 1319)
4(263 296 1385 1352)
4(296 329 1418 1385)
4(329 362 1451 1418)
4(362 395 1484 1451)
4(395 428 1517 1484)
4(428 461 1550 1517)
4(461 494 1583 1550)
4(494 527 1616 1583)
4(527 560 1649 1616)
4(560 593 1682 1649)
4(593 626 1715 1682)
4(626 659 1748 1715)
4(659 692 1781 1748)
4(692 725 1814 1781)
4(725 758 1847 1814)
4(758 791 1880 1847)
4(791 824 1913 1880)
4(824 857 1946 1913)
4(857 890 1979 1946)
4(890 923 2012 1979)
4(923 956 2045 2012)
4(956 989 2078 2045)
4(989 1022 2111 2078)
4(1022 1055 2144 2111)
4(1055 1088 2177 2144)
4(0 1 1090 1089)
4(1 2 1091 1090)
4(2 3 1092 1091)
4(3 4 1093 1092)
4(4 5 1094 1093)
4(5 6 1095 1094)
4(6 7 1096 1095)
4(7 8 1097 1096)
4(8 9 1098 1097)
4(9 10 1099 1098)
4(10 11 1100 1099)
4(11 12 1101 1100)
4(12 13 1102 1101)
4(13 14 1103 1102)
4(14 15 1104 1103)
4(15 16 1105 1104)
4(16 17 1106 1105)
4(17 18 1107 1106)
4(18 19 1108 1107)
4(19 20 1109 1108)
4(20 21 1110 1109)
4(21 22 1111 1110)
4(22 23 1112 1111)
4(23 24 1113 1112)
4(24 25 1114 1113)
4(25 26 1115 1114)
4(26 27 1116 1115)
4(27 28 1117 1116)
4(28 29 1118 1117)
4(29 30 1119 1118)
4(30 31 1120 1119)
4(31 32 1121 1120)
4(1056 2145 2146 1057)
4(1057 2146 2147 1058)
4(1058 2147 2148 1059)
4(1059 2148 2149 1060)
4(1060 2149 2150 1061)
4(1061 2150 2151 1062)
4(1062 2151 2152 1063)
4(1063 2152 2153 1064)
4(1064 2153 2154 1065)
4(1065 2154 2155 1066)
4(1066 2155 2156 1067)
4(1067 2156 2157 1068)
4(1068 2157 2158 1069)
4(1069 2158 2159 1070)
4(1070 2159 2160 1071)
4(1071 2160 2161 1072)
4(1072 2161 2162 1073)
4(1073 2162 2163 1074)
4(1074 2163 2164 1075)
4(1075 2164 2165 1076)
4(1076 2165 2166 1077)
4(1077 2166 2167 1078)
4(1078 2167 2168 1079)
4(1079 2168 2169 1080)
4(1080 2169 2170 1081)
4(1081 2170 2171 1082)
4(1082 2171 2172 1083)
4(1083 2172 2173 1084)
4(1084 2173 2174 1085)
4(1085 2174 2175 1086)
4(1086 2175 2176 1087)
4(1087 2176 2177 1088)
4(0 33 34 1)
4(33 66 67 34)
4(66 99 100 67)
4(99 132 133 100)
4(132 165 166 133)
4(165 198 199 166)
4(198 231 232 199)
4(231 264 265 232)
4(264 297 298 265)
4(297 330 331 298)
4(330 363 364 331)
4(363 396 397 364)
4(396 429 430 397)
4(429 462 463 430)
4(462 495 496 463)
4(495 528 529 496)
4(528 561 562 529)
4(561 594 595 562)
4(594 627 628 595)
4(627 660 661 628)
4(660 693 694 661)
4(693 726 727 694)
4(726 759 760 727)
4(759 792 793 760)
4(792 825 826 793)
4(825 858 859 826)
4(858 891 892 859)
4(891 924 925 892)
4(924 957 958 925)
4(957 990 991 958)
4(990 1023 1024 991)
4(1023 1056 1057 1024)
4(1 34 35 2)
4(34 67 68 35)
4(67 100 101 68)
4(100 133 134 101)
4(133 166 167 134)
4(166 199 200 167)
4(199 232 233 200)
4(232 265 266 233)
4(265 298 299 266)
4(298 331 332 299)
4(331 364 365 332)
4(364 397 398 365)
4(397 430 431 398)
4(430 463 464 431)
4(463 496 497 464)
4(496 529 530 497)
4(529 562 563 530)
4(562 595 596 563)
4(595 628 629 596)
4(628 661 662 629)
4(661 694 695 662)
4(694 727 728 695)
4(727 760 761 728)
4(760 793 794 761)
4(793 826 827 794)
4(826 859 860 827)
4(859 892 893 860)
4(892 925 926 893)
4(925 958 959 926)
4(958 991 992 959)
4(991 1024 1025 992)
4(1024 1057 1058 1025)
4(2 35 36 3)
4(35 68 69 36)
4(68 101 102 69)
4(101 134 135 102)
4(134 167 168 135)
4(167 200 201 168)
4(200 233 234 201)
4(233 266 267 234)
4(266 299 300 267)
4(299 332 333 300)
4(332 365 366 333)
4(365 398 399 366)
4(398 431 432 399)
4(431 464 465 432)
4(464 497 498 465)
4(497 530 531 498)
4(530 563 564 531)
4(563 596 597 564)
4(596 629 630 597)
4(629 662 663 630)
4(662 695 696 663)
4(695 728 729 696)
4(728 761 762 729)
4(761 794 795 762)
4(794 827 828 795)
4(827 860 861 828)
4(860 893 894 861)
4(893 926 927 894)
4(926 959 960 927)
4(959 992 993 960)
4(992 1025 1026 993)
4(1025 1058 1059 1026)
4(3 36 37 4)
4(36 69 70 37)
4(69 102 103 70)
4(102 135 136 103)
4(135 168 169 136)
4(168 201 202 169)
4(201 234 235 202)
4(234 267 268 235)
4(267 300 301 268)
4(300 333 334 301)
4(333 366 367 334)
4(366 399 400 367)
4(399 432 433 400)
4(432 465 466 433)
4(465 498 499 466)
4(498 531 532 499)
4(531 564 565 532)
4(564 597 598 565)
4(597 630 631 598)
4(630 663 664 631)
4(663 696 697 664)
4(696 729 730 697)
4(729 762 763 730)
4(762 795 796 763)
4(795 828 829 796)
4(828 861 862 829)
4(861 894 895 862)
4(894 927 928 895)
4(927 960 961 928)
4(960 993 994 961)
4(993 1026 1027 994)
4(1026 1059 1060 1027)
4(4 37 38 5)
4(37 70 71 38)
4(70 103 104 71)
4(103 136 137 104)
4(136 169 170 137)
4(169 202 203 170)
4(202 235 236 203)
4(235 268 269 236)
4(268 301 302 269)
4(301 334 335 302)
4(334 367 368 335)
4(367 400 401 368)
4(400 433 434 401)
4(433 466 467 434)
4(466 499 500 467)
4(499 532 533 500)
4(532 565 566 533)
4(565 598 599 566)
4(598 631 632 599)
4(631 664 665 632)
4(664 697 698 665)
4(697 730 731 698)
4(730 763 764 731)
4(763 796 797 764)
4(796 829 830 797)
4(829 862 863 830)
4(862 895 896 863)
4(895 928 929 896)
4(928 961 962 929)
4(961 994 995 962)
4(994 1027 1028 995)
4(1027 1060 1061 1028)
4(5 38 39 6)
4(38 71 72 39)
4(71 104 105 72)
4(104 137 138 105)
4(137 170 171 138)
4(170 203 204 171)
4(203 236 237 204)
4(236 269 270 237)
4(269 302 303 270)
4(302 335 336 303)
4(335 368 369 336)
4(368 401 402 369)
4(401 434 435 402)
4(434 467 468 435)
4(467 500 501 468)
4(500 533 534 501)
4(533 566 567 534)
4(566 599 600 567)
4(599 632 633 600)
4(632 665 666 633)
4(665 698 699 666)
4(698 731 732 699)
4(731 764 765 732)
4(764 797 798 765)
4(797 830 831 798)
4(830 863 864 831)
4(863 896 897 864)
4(896 929 930 897)
4(929 962 963 930)
4(962 995 996 963)
4(995 1028 1029 996)
4(1028 1061 1062 1029)
4(6 39 40 7)
4(39 72 73 40)
4(72 105 106 73)
4(105 138 139 106)
4(138 171 172 139)
4(171 204 205 172)
4(204 237 238 205)
4(237 270 271 238)
4(270 303 304 271)
4(303 336 337 304)
4(336 369 370 337)
4(369 402 403 370)
4(402 435 436 403)
4(435 468 469 436)
4(468 501 502 469)
4(501 534 535 502)
4(534 567 568 535)
4(567 600 601 568)
4(600 633 634 601)
4(633 666 667 634)
4(666 699 700 667)
4(699 732 733 700)
4(732 765 766 733)
4(765 798 799 766)
4(798 831 832 799)
4(831 864 865 832)
4(864 897 898 865)
4(897 930 931 898)
4(930 963 964 931)
4(963 996 997 964)
4(996 1029 1030 997)
4(1029 1062 1063 1030)
4(7 40 41 8)
4(40 73 74 41)
4(73 106 107 74)
4(106 139 140 107)
4(139 172 173 140)
4(172 205 206 173)
4(205 238 239 206)
4(238 271 272 239)
4(271 304 305 272)
4(304 337 338 305)
4(337 370 371 338)
4(370 403 404 371)
4(403 436 437 404)
4(436 469 470 437)
4(469 502 503 470)
4(502 535 536 503)
4(535 568 569 536)
4(568 601 602 569)
4(601 634 635 602)
4(634 667 668 635)
4(667 700 701 668)
4(700 733 734 701)
4(733 766 767 734)
4(766 799 800 767)
4(799 832 833 800)
4(832 865 866 833)
4(865 898 899 866)
4(898 931 932 899)
4(931 964 965 932)
4(964 997 998 965)
4(997 1030 1031 998)
4(1030 1063 1064 1031)
4(8 41 42 9)
4(41 74 75 42)
4(74 107 108 75)
4(107 140 141 108)
4(140 173 174 141)
4(173 206 207 174)
4(206 239 240 207)
4(239 272 273 240)
4(272 305 306 273)
4(305 338 339 306)
4(338 371 372 339)
4(371 404 405 372)
4(404 437 438 405)
4(437 470 471 438)
4(470 503 504 471)
4(503 536 537 504)
4(536 569 570 537)
4(569 602 603 570)
4(602 635 636 603)
4(635 668 669 636)
4(668 701 702 669)
4(701 734 735 702)
4(734 767 768 735)
4(767 800 801 768)
4(800 833 834 801)
4(833 866 867 834)
4(866 899 900 867)
4(899 932 933 900)
4(932 965 966 933)
4(965 998 999 966)
4(998 1031 1032 999)
4(1031 1064 1065 1032)
4(9 42 43 10)
4(42 75 76 43)
4(75 108 109 76)
4(108 141 142 109)
4(141 174 175 142)
4(174 207 208 175)
4(207 240 241 208)
4(240 273 274 241)
4(273 306 307 274)
4(306 339 340 307)
4(339 372 373 340)
4(372 405 406 373)
4(405 438 439 406)
4(438 471 472 439)
4(471 504 505 472)
4(504 537 538 505)
4(537 570 571 538)
4(570 603 604 571)
4(603 636 637 604)
4(636 669 670 637)
4(669 702 703 670)
4(702 735 736 703)
4(735 768 769 736)
4(768 801 802 769)
4(801 834 835 802)
4(834 867 868 835)
4(867 900 901 868)
4(900 933 934 901)
4(933 966 967 934)
4(966 999 1000 967)
4(999 1032 1033 1000)
4(1032 1065 1066 1033)
4(10 43 44 11)
4(43 76 77 44)
4(76 109 110 77)
4(109 142 143 110)
4(142 175 176 143)
4(175 208 209 176)
4(208 241 242 209)
4(241 274 275 242)
4(274 307 308 275)
4(307 340 341 308)
4(340 373 374 341)
4(373 406 407 374)
4(406 439 440 407)
4(439 472 473 440)
4(472 505 506 473)
4(505 538 539 506)
4(538 571 572 539)
4(571 604 605 572)
4(604 637 638 605)
4(637 670 671 638)
4(670 703 704 671)
4(703 736 737 704)
4(736 769 770 737)
4(769 802 803 770)
4(802 835 836 803)
4(835 868 869 836)
4(868 901 902 869)
4(901 934 935 902)
4(934 967 968 935)
4(967 1000 1001 968)
4(1000 1033 1034 1001)
4(1033 1066 1067 1034)
4(11 44 45 12)
4(44 77 78 45)
4(77 110 111 78)
4(110 143 144 111)
4(143 176 177 144)
4(176 209 210 177)
4(209 242 243 210)
4(242 275 276 243)
4(275 308 309 276)
4(308 341 342 309)
4(341 374 375 342)
4(374 407 408 375)
4(407 440 441 408)
4(440 473 474 441)
4(473 506 507 474)
4(506 539 540 507)
4(539 572 573 540)
4(572 605 606 573)
4(605 638 639 606)
4(638 671 672 639)
4(671 704 705 672)
4(704 737 738 705)
4(737 770 771 738)
4(770 803 804 771)
4(803 836 837 804)
4(836 869 870 837)
4(869 902 903 870)
4(902 935 936 903)
4(935 968 969 936)
4(968 1001 1002 969)
4(1001 1034 1035 1002)
4(1034 1067 1068 1035)
4(12 45 46 13)
4(45 78 79 46)
4(78 111 112 79)
4(111 144 145 112)
4(144 177 178 145)
4(177 210 211 178)
4(210 243 244 211)
4(243 276 277 244)
4(276 309 310 277)
4(309 342 343 310)
4(342 375 376 343)
4(375 408 409 376)
4(408 441 442 409)
4(441 474 475 442)
4(474 507 508 475)
4(507 540 541 508)
4(540 573 574 541)
4(573 606 607 574)
4(606 639 640 607)
4(639 672 673 640)
4(672 705 706 673)
4(705 738 739 706)
4(738 771 772 739)
4(771 804 805 772)
4(804 837 838 805)
4(837 870 871 838)
4(870 903 904 871)
4(903 936 937 904)
4(936 969 970 937)
4(969 1002 1003 970)
4(1002 1035 1036 1003)
4(1035 1068 1069 1036)
4(13 46 47 14)
4(46 79 80 47)
4(79 112 113 80)
4(112 145 146 113)
4(145 178 179 146)
4(178 211 212 179)
4(211 244 245 212)
4(244 277 278 245)
4(277 310 311 278)
4(310 343 344 311)
4(343 376 377 344)
4(376 409 410 377)
4(409 442 443 410)
4(442 475 476 443)
4(475 508 509 476)
4(508 541 542 509)
4(541 574 575 542)
4(574 607 608 575)
4(607 640 641 608)
4(640 673 674 641)
4(673 706 707 674)
4(706 739 740 707)
4(739 772 773 740)
4(772 805 806 773)
4(805 838 839 806)
4(838 871 872 839)
4(871 904 905 872)
4(904 937 938 905)
4(937 970 971 938)
4(970 1003 1004 971)
4(1003 1036 1037 1004)
4(1036 1069 1070 1037)
4(14 47 48 15)
4(47 80 81 48)
4(80 113 114 81)
4(113 146 147 114)
4(146 179 180 147)
4(179 212 213 180)
4(212 245 246 213)
4(245 278 279 246)
4(278 311 312 279)
4(311 344 345 312)
4(344 377 378 345)
4(377 410 411 378)
4(410 443 444 411)
4(443 476 477 444)
4(476 509 510 477)
4(509 542 543 510)
4(542 575 576 543)
4(575 608 609 576)
4(608 641 642 609)
4(641 674 675 642)
4(674 707 708 675)
4(707 740 741 708)
4(740 773 774 741)
4(773 806 807 774)
4(806 839 840 807)
4(839 872 873 840)
4(872 905 906 873)
4(905 938 939 906)
4(938 971 972 939)
4(971 1004 1005 972)
4(1004 1037 1038 1005)
4(1037 1070 1071 1038)
4(15 48 49 16)
4(48 81 82 49)
4(81 114 115 82)
4(114 147 148 115)
4(147 180 181 148)
4(180 213 214 181)
4(213 246 247 214)
4(246 279 280 247)
4(279 312 313 280)
4(312 345 346 313)
4(345 378 379 346)
4(378 411 412 379)
4(411 444 445 412)
4(444 477 478 445)
4(477 510 511 478)
4(510 543 544 511)
4(543 576 577 544)
4(576 609 610 577)
4(609 642 643 610)
4(642 675 676 643)
4(675 708 709 676)
4(708 741 742 709)
4(741 774 775 742)
4(774 807 808 775)
4(807 840 841 808)
4(840 873 874 841)
4(873 906 907 874)
4(906 939 940 907)
4(939 972 973 940)
4(972 1005 1006 973)
4(1005 1038 1039 1006)
4(1038 1071 1072 1039)
4(16 49 50 17)
4(49 82 83 50)
4(82 115 116 83)
4(115 148 149 116)
4(148 181 182 149)
4(181 214 215 182)
4(214 247 248 215)
4(247 280 281 248)
4(280 313 314 281)
4(313 346 347 314)
4(346 379 380 347)
4(379 412 413 380)
4(412 445 446 413)
4(445 478 479 446)
4(478 511 512 479)
4(511 544 545 512)
4(544 577 578 545)
4(577 610 611 578)
4(610 643 644 611)
4(643 676 677 644)
4(676 709 710 677)
4(709 742 743 710)
4(742 775 776 743)
4(775 808 809 776)
4(808 841 842 809)
4(841 874 875 842)
4(874 907 908 875)
4(907 940 941 908)
4(940 973 974 941)
4(973 1006 1007 974)
4(1006 1039 1040 1007)
4(1039 1072 1073 1040)
4(17 50 51 18)
4(50 83 84 51)
4(83 116 117 84)
4(116 149 150 117)
4(149 182 183 150)
4(182 215 216 183)
4(215 248 249 216)
4(248 281 282 249)
4(281 314 315 282)
4(314 347 348 315)
4(347 380 381 348)
4(380 413 414 381)
4(413 446 447 414)
4(446 479 480 447)
4(479 512 513 480)
4(512 545 546 513)
4(545 578 579 546)
4(578 611 612 579)
4(611 644 645 612)
4(644 677 678 645)
4(677 710 711 678)
4(710 743 744 711)
4(743 776 777 744)
4(776 809 810 777)
4(809 842 843 810)
4(842 875 876 843)
4(875 908 909 876)
4(908 941 942 909)
4(941 974 975 942)
4(974 1007 1008 975)
4(1007 1040 1041 1008)
4(1040 1073 1074 1041)
4(18 51 52 19)
4(51 84 85 52)
4(84 117 118 85)
4(117 150 151 118)
4(150 183 184 151)
4(183 216 217 184)
4(216 249 250 217)
4(249 282 283 250)
4(282 315 316 283)
4(315 348 349 316)
4(348 381 382 349)
4(381 414 415 382)
4(414 447 448 415)
4(447 480 481 448)
4(480 513 514 481)
4(513 546 547 514)
4(546 579 580 547)
4(579 612 613 580)
4(612 645 646 613)
4(645 678 679 646)
4(678 711 712 679)
4(711 744 745 712)
4(744 777 778 745)
4(777 810 811 778)
4(810 843 844 811)
4(843 876 877 844)
4(876 909 910 877)
4(909 942 943 910)
4(942 975 976 943)
4(975 1008 1009 976)
4(1008 1041 1042 1009)
4(1041 1074 1075 1042)
4(19 52 53 20)
4(52 85 86 53)
4(85 118 119 86)
4(118 151 152 119)
4(151 184 185 152)
4(184 217 218 185)
4(217 250 251 218)
4(250 283 284 251)
4(283 316 317 284)
4(316 349 350 317)
4(349 382 383 350)
4(382 415 416 383)
4(415 448 449 416)
4(448 481 482 449)
4(481 514 515 482)
4(514 547 548 515)
4(547 580 581 548)
4(580 613 614 581)
4(613 646 647 614)
4(646 679 680 647)
4(679 712 713 680)
4(712 745 746 713)
4(745 778 779 746)
4(778 811 812 779)
4(811 844 845 812)
4(844 877 878 845)
4(877 910 911 878)
4(910 943 944 911)
4(943 976 977 944)
4(976 1009 1010 977)
4(1009 1042 1043 1010)
4(1042 1075 1076 1043)
4(20 53 54 21)
4(53 86 87 54)
4(86 119 120 87)
4(119 152 153 120)
4(152 185 186 153)
4(185 218 219 186)
4(218 251 252 219)
4(251 284 285 252)
4(284 317 318 285)
4(317 350 351 318)
4(350 383 384 351)
4(383 416 417 384)
4(416 449 450 417)
4(449 482 483 450)
4(482 515 516 483)
4(515 548 549 516)
4(548 581 582 549)
4(581 614 615 582)
4(614 647 648 615)
4(647 680 681 648)
4(680 713 714 681)
4(713 746 747 714)
4(746 779 780 747)
4(779 812 813 780)
4(812 845 846 813)
4(845 878 879 846)
4(878 911 912 879)
4(911 944 945 912)
4(944 977 978 945)
4(977 1010 1011 978)
4(1010 1043 1044 1011)
4(1043 1076 1077 1044)
4(21 54 55 22)
4(54 87 88 55)
4(87 120 121 88)
4(120 153 154 121)
4(153 186 187 154)
4(186 219 220 187)
4(219 252 253 220)
4(252 285 286 253)
4(285 318 319 286)
4(318 351 352 319)
4(351 384 385 352)
4(384 417 418 385)
4(417 450 451 418)
4(450 483 484 451)
4(483 516 517 484)
4(516 549 550 517)
4(549 582 583 550)
4(582 615 616 583)
4(615 648 649 616)
4(648 681 682 649)
4(681 714 715 682)
4(714 747 748 715)
4(747 780 781 748)
4(780 813 814 781)
4(813 846 847 814)
4(846 879 880 847)
4(879 912 913 880)
4(912 945 946 913)
4(945 978 979 946)
4(978 1011 1012 979)
4(1011 1044 1045 1012)
4(1044 1077 1078 1045)
4(22 55 56 23)
4(55 88 89 56)
4(88 121 122 89)
4(121 154 155 122)
4(154 187 188 155)
4(187 220 221 188)
4(220 253 254 221)
4(253 286 287 254)
4(286 319 320 287)
4(319 352 353 320)
4(352 385 386 353)
4(385 418 419 386)
4(418 451 452 419)
4(451 484 485 452)
4(484 517 518 485)
4(517 550 551 518)
4(550 583 584 551)
4(583 616 617 584)
4(616 649 650 617)
4(649 682 683 650)
4(682 715 716 683)
4(715 748 749 716)
4(748 781 782 749)
4(781 814 815 782)
4(814 847 848 815)
4(847 880 881 848)
4(880 913 914 881)
4(913 946 947 914)
4(946 979 980 947)
4(979 1012 1013 980)
4(1012 1045 1046 1013)
4(1045 1078 1079 1046)
4(23 56 57 24)
4(56 89 90 57)
4(89 122 123 90)
4(122 155 156 123)
4(155 188 189 156)
4(188 221 222 189)
4(221 254 255 222)
4(254 287 288 255)
4(287 320 321 288)
4(320 353 354 321)
4(353 386 387 354)
4(386 419 420 387)
4(419 452 453 420)
4(452 485 486 453)
4(485 518 519 486)
4(518 551 552 519)
4(551 584 585 552)
4(584 617 618 585)
4(617 650 651 618)
4(650 683 684 651)
4(683 716 717 684)
4(716 749 750 717)
4(749 782 783 750)
4(782 815 816 783)
4(815 848 849 816)
4(848 881 882 849)
4(881 914 915 882)
4(914 947 948 915)
4(947 980 981 948)
4(980 1013 1014 981)
4(1013 1046 1047 1014)
4(1046 1079 1080 1047)
4(24 57 58 25)
4(57 90 91 58)
4(90 123 124 91)
4(123 156 157 124)
4(156 189 190 157)
4(189 222 223 190)
4(222 255 256 223)
4(255 288 289 256)
4(288 321 322 289)
4(321 354 355 322)
4(354 387 388 355)
4(387 420 421 388)
4(420 453 454 421)
4(453 486 487 454)
4(486 519 520 487)
4(519 552 553 520)
4(552 585 586 553)
4(585 618 619 586)
4(618 651 652 619)
4(651 684 685 652)
4(684 717 718 685)
4(717 750 751 718)
4(750 783 784 751)
4(783 816 817 784)
4(816 849 850 817)
4(849 882 883 850)
4(882 915 916 883)
4(915 948 949 916)
4(948 981 982 949)
4(981 1014 1015 982)
4(1014 1047 1048 1015)
4(1047 1080 1081 1048)
4(25 58 59 26)
4(58 91 92 59)
4(91 124 125 92)
4(124 157 158 125)
4(157 190 191 158)
4(190 223 224 191)
4(223 256 257 224)
4(256 289 290 257)
4(289 322 323 290)
4(322 355 356 323)
4(355 388 389 356)
4(388 421 422 389)
4(421 454 455 422)
4(454 487 488 455)
4(487 520 521 488)
4(520 553 554 521)
4(553 586 587 554)
4(586 619 620 587)
4(619 652 653 620)
4(652 685 686 653)
4(685 718 719 686)
4(718 751 752 719)
4(751 784 785 752)
4(784 817 818 785)
4(817 850 851 818)
4(850 883 884 851)
4(883 916 917 884)
4(916 949 950 917)
4(949 982 983 950)
4(982 1015 1016 983)
4(1015 1048 1049 1016)
4(1048 1081 1082 1049)
4(26 59 60 27)
4(59 92 93 60)
4(92 125 126 93)
4(125 158 159 126)
4(158 191 192 159)
4(191 224 225 192)
4(224 257 258 225)
4(257 290 291 258)
4(290 323 324 291)
4(323 356 357 324)
4(356 389 390 357)
4(389 422 423 390)
4(422 455 456 423)
4(455 488 489 456)
4(488 521 522 489)
4(521 554 555 522)
4(554 587 588 555)
4(587 620 621 588)
4(620 653 654 621)
4(653 686 687 654)
4(686 719 720 687)
4(719 752 753 720)
4(752 785 786 753)
4(785 818 819 786)
4(818 851 852 819)
4(851 884 885 852)
4(884 917 918 885)
4(917 950 951 918)
4(950 983 984 951)
4(983 1016 1017 984)
4(1016 1049 1050 1017)
4(1049 1082 1083 1050)
4(27 60 61 28)
4(60 93 94 61)
4(93 126 127 94)
4(126 159 160 127)
4(159 192 193 160)
4(192 225 226 193)
4(225 258 259 226)
4(258 291 292 259)
4(291 324 325 292)
4(324 357 358 325)
4(357 390 391 358)
4(390 423 424 391)
4(423 456 457 424)
4(456 489 490 457)
4(489 522 523 490)
4(522 555 556 523)
4(555 588 589 556)
4(588 621 622 589)
4(621 654 655 622)
4(654 687 688 655)
4(687 720 721 688)
4(720 753 754 721)
4(753 786 787 754)
4(786 819 820 787)
4(819 852 853 820)
4(852 885 886 853)
4(885 918 919 886)
4(918 951 952 919)
4(951 984 985 952)
4(984 1017 1018 985)
4(1017 1050 1051 1018)
4(1050 1083 1084 1051)
4(28 61 62 29)
4(61 94 95 62)
4(94 127 128 95)
4(127 160 161 128)
4(160 193 194 161)
4(193 226 227 194)
4(226 259 260 227)
4(259 292 293 260)
4(292 325 326 293)
4(325 358 359 326)
4(358 391 392 359)
4(391 424 425 392)
4(424 457 458 425)
4(457 490 491 458)
4(490 523 524 491)
4(523 556 557 524)
4(556 589 590 557)
4(589 622 623 590)
4(622 655 656 623)
4(655 688 689 656)
4(688 721 722 689)
4(721 754 755 722)
4(754 787 788 755)
4(787 820 821 788)
4(820 853 854 821)
4(853 886 887 854)
4(886 919 920 887)
4(919 952 953 920)
4(952 985 986 953)
4(985 1018 1019 986)
4(1018 1051 1052 1019)
4(1051 1084 1085 1052)
4(29 62 63 30)
4(62 95 96 63)
4(95 128 129 96)
4(128 161 162 129)
4(161 194 195 162)
4(194 227 228 195)
4(227 260 261 228)
4(260 293 294 261)
4(293 326 327 294)
4(326 359 360 327)
4(359 392 393 360)
4(392 425 426 393)
4(425 458 459 426)
4(458 491 492 459)
4(491 524 525 492)
4(524 557 558 525)
4(557 590 591 558)
4(590 623 624 591)
4(623 656 657 624)
4(656 689 690 657)
4(689 722 723 690)
4(722 755 756 723)
4(755 788 789 756)
4(788 821 822 789)
4(821 854 855 822)
4(854 887 888 855)
4(887 920 921 888)
4(920 953 954 921)
4(953 986 987 954)
4(986 1019 1020 987)
4(1019 1052 1053 1020)
4(1052 1085 1086 1053)
4(30 63 64 31)
4(63 96 97 64)
4(96 129 130 97)
4(129 162 163 130)
4(162 195 196 163)
4(195 228 229 196)
4(228 261 262 229)
4(261 294 295 262)
4(294 327 328 295)
4(327 360 361 328)
4(360 393 394 361)
4(393 426 427 394)
4(426 459 460 427)
4(459 492 493 460)
4(492 525 526 493)
4(525 558 559 526)
4(558 591 592 559)
4(591 624 625 592)
4(624 657 658 625)
4(657 690 691 658)
4(690 723 724 691)
4(723 756 757 724)
4(756 789 790 757)
4(789 822 823 790)
4(822 855 856 823)
4(855 888 889 856)
4(888 921 922 889)
4(921 954 955 922)
4(954 987 988 955)
4(987 1020 1021 988)
4(1020 1053 1054 1021)
4(1053 1086 1087 1054)
4(31 64 65 32)
4(64 97 98 65)
4(97 130 131 98)
4(130 163 164 131)
4(163 196 197 164)
4(196 229 230 197)
4(229 262 263 230)
4(262 295 296 263)
4(295 328 329 296)
4(328 361 362 329)
4(361 394 395 362)
4(394 427 428 395)
4(427 460 461 428)
4(460 493 494 461)
4(493 526 527 494)
4(526 559 560 527)
4(559 592 593 560)
4(592 625 626 593)
4(625 658 659 626)
4(658 691 692 659)
4(691 724 725 692)
4(724 757 758 725)
4(757 790 791 758)
4(790 823 824 791)
4(823 856 857 824)
4(856 889 890 857)
4(889 922 923 890)
4(922 955 956 923)
4(955 988 989 956)
4(988 1021 1022 989)
4(1021 1054 1055 1022)
4(1054 1087 1088 1055)
4(1089 1090 1123 1122)
4(1122 1123 1156 1155)
4(1155 1156 1189 1188)
4(1188 1189 1222 1221)
4(1221 1222 1255 1254)
4(1254 1255 1288 1287)
4(1287 1288 1321 1320)
4(1320 1321 1354 1353)
4(1353 1354 1387 1386)
4(1386 1387 1420 1419)
4(1419 1420 1453 1452)
4(1452 1453 1486 1485)
4(1485 1486 1519 1518)
4(1518 1519 1552 1551)
4(1551 1552 1585 1584)
4(1584 1585 1618 1617)
4(1617 1618 1651 1650)
4(1650 1651 1684 1683)
4(1683 1684 1717 1716)
4(1716 1717 1750 1749)
4(1749 1750 1783 1782)
4(1782 1783 1816 1815)
4(1815 1816 1849 1848)
4(1848 1849 1882 1881)
4(1881 1882 1915 1914)
4(1914 1915 1948 1947)
4(1947 1948 1981 1980)
4(1980 1981 2014 2013)
4(2013 2014 2047 2046)
4(2046 2047 2080 2079)
4(2079 2080 2113 2112)
4(2112 2113 2146 2145)
4(1090 1091 1124 1123)
4(1123 1124 1157 1156)
4(1156 1157 1190 1189)
4(1189 1190 1223 1222)
4(1222 1223 1256 1255)
4(1255 1256 1289 1288)
4(1288 1289 1322 1321)
4(1321 1322 1355 1354)
4(1354 1355 1388 1387)
4(1387 1388 1421 1420)
4(1420 1421 1454 1453)
4(1453 1454 1487 1486)
4(1486 1487 1520 1519)
4(1519 1520 1553 1552)
4(1552 1553 1586 1585)
4(1585 1586 1619 1618)
4(1618 1619 1652 1651)
4(1651 1652 1685 1684)
4(1684 1685 1718 1717)
4(1717 1718 1751 1750)
4(1750 1751 1784 1783)
4(1783 1784 1817 1816)
4(1816 1817 1850 1849)
4(1849 1850 1883 1882)
4(1882 1883 1916 1915)
4(1915 1916 1949 1948)
4(1948 1949 1982 1981)
4(1981 1982 2015 2014)
4(2014 2015 2048 2047)
4(2047 2048 2081 2080)
4(2080 2081 2114 2113)
4(2113 2114 2147 2146)
4(1091 1092 1125 1124)
4(1124 1125 1158 1157)
4(1157 1158 1191 1190)
4(1190 1191 1224 1223)
4(1223 1224 1257 1256)
4(1256 1257 1290 1289)
4(1289 1290 1323 1322)
4(1322 1323 1356 1355)
4(1355 1356 1389 1388)
4(1388 1389 1422 1421)
4(1421 1422 1455 1454)
4(1454 1455 1488 1487)
4(1487 1488 1521 1520)
4(1520 1521 1554 1553)
4(1553 1554 1587 1586)
4(1586 1587 1620 1619)
4(1619 1620 1653 1652)
4(1652 1653 1686 1685)
4(1685 1686 1719 1718)
4(1718 1719 1752 1751)
4(1751 1752 1785 1784)
4(1784 1785 1818 1817)
4(1817 1818 1851 1850)
4(1850 1851 1884 1883)
4(1883 1884 1917 1916)
4(1916 1917 1950 1949)
4(1949 1950 1983 1982)
4(1982 1983 2016 2015)
4(2015 2016 2049 2048)
4(2048 2049 2082 2081)
4(2081 2082 2115 2114)
4(2114 2115 2148 2147)
4(1092 1093 1126 1125)
4(1125 1126 1159 1158)
4(1158 1159 1192 1191)
4(1191 1192 1225 1224)
4(1224 1225 1258 1257)
4(1257 1258 1291 1290)
4(1290 1291 1324 1323)
4(1323 1324 1357 1356)
4(1356 1357 1390 1389)
4(1389 1390 1423 1422)
4(1422 1423 1456 1455)
4(1455 1456 1489 1488)
4(1488 1489 1522 1521)
4(1521 1522 1555 1554)
4(1554 1555 1588 1587)
4(1587 1588 1621 1620)
4(1620 1621 1654 1653)
4(1653 1654 1687 1686)
4(1686 1687 1720 1719)
4(1719 1720 1753 1752)
4(1752 1753 1786 1785)
4(1785 1786 1819 1818)
4(1818 1819 1852 1851)
4(1851 1852 1885 1884)
4(1884 1885 1918 1917)
4(1917 1918 1951 1950)
4(1950 1951 1984 1983)
4(1983 1984 2017 2016)
4(2016 2017 2050 2049)
4(2049 2050 2083 2082)
4(2082 2083 2116 2115)
4(2115 2116 2149 2148)
4(1093 1094 1127 1126)
4(1126 1127 1160 1159)
4(1159 1160 1193 1192)
4(1192 1193 1226 1225)
4(1225 1226 1259 1258)
4(1258 1259 1292 1291)
4(1291 1292 1325 1324)
4(1324 1325 1358 1357)
4(1357 1358 1391 1390)
4(1390 1391 1424 1423)
4(1423 1424 1457 1456)
4(1456 1457 1490 1489)
4(1489 1490 1523 1522)
4(1522 1523 1556 1555)
4(1555 1556 1589 1588)
4(1588 1589 1622 1621)
4(1621 1622 1655 1654)
4(1654 1655 1688 1687)
4(1687 1688 1721 1720)
4(1720 1721 1754 1753)
4(1753 1754 1787 1786)
4(1786 1787 1820 1819)
4(1819 1820 1853 1852)
4(1852 1853 1886 1885)
4(1885 1886 1919 1918)
4(1918 1919 1952 1951)
4(1951 1952 1985 1984)
4(1984 1985 2018 2017)
4(2017 2018 2051 2050)
4(2050 2051 2084 2083)
4(2083 2084 2117 2116)
4(2116 2117 2150 2149)
4(1094 1095 1128 1127)
4(1127 1128 1161 1160)
4(1160 1161 1194 1193)
4(1193 1194 1227 1226)
4(1226 1227 1260 1259)
4(1259 1260 1293 1292)
4(1292 1293 1326 1325)
4(1325 1326 1359 1358)
4(1358 1359 1392 1391)
4(1391 1392 1425 1424)
4(1424 1425 1458 1457)
4(1457 1458 1491 1490)
4(1490 1491 1524 1523)
4(1523 1524 1557 1556)
4(1556 1557 1590 1589)
4(1589 1590 1623 1622)
4(1622 1623 1656 1655)
4(1655 1656 1689 1688)
4(1688 1689 1722 1721)
4(1721 1722 1755 1754)
4(1754 1755 1788 1787)
4(1787 1788 1821 1820)
4(1820 1821 1854 1853)
4(1853 1854 1887 1886)
4(1886 1887 1920 1919)
4(1919 1920 1953 1952)
4(1952 1953 1986 1985)
4(1985 1986 2019 2018)
4(2018 2019 2052 2051)
4(2051 2052 2085 2084)
4(2084 2085 2118 2117)
4(2117 2118 2151 2150)
4(1095 1096 1129 1128)
4(1128 1129 1162 1161)
4(1161 1162 1195 1194)
4(1194 1195 1228 1227)
4(1227 1228 1261 1260)
4(1260 1261 1294 1293)
4(1293 1294 1327 1326)
4(1326 1327 1360 1359)
4(1359 1360 1393 1392)
4(1392 1393 1426 1425)
4(1425 1426 1459 1458)
4(1458 1459 1492 1491)
4(1491 1492 1525 1524)
4(1524 1525 1558 1557)
4(1557 1558 1591 1590)
4(1590 1591 1624 1623)
4(1623 1624 1657 1656)
4(1656 1657 1690 1689)
4(1689 1690 1723 1722)
4(1722 1723 1756 1755)
4(1755 1756 1789 1788)
4(1788 1789 1822 1821)
4(1821 1822 1855 1854)
4(1854 1855 1888 1887)
4(1887 1888 1921 1920)
4(1920 1921 1954 1953)
4(1953 1954 1987 1986)
4(1986 1987 2020 2019)
4(2019 2020 2053 2052)
4(2052 2053 2086 2085)
4(2085 2086 2119 2118)
4(2118 2119 2152 2151)
4(1096 1097 1130 1129)
4(1129 1130 1163 1162)
4(1162 1163 1196 1195)
4(1195 1196 1229 1228)
4(1228 1229 1262 1261)
4(1261 1262 1295 1294)
4(1294 1295 1328 1327)
4(1327 1328 1361 1360)
4(1360 1361 1394 1393)
4(1393 1394 1427 1426)
4(1426 1427 1460 1459)
4(1459 1460 1493 1492)
4(1492 1493 1526 1525)
4(1525 1526 1559 1558)
4(1558 1559 1592 1591)
4(1591 1592 1625 1624)
4(1624 1625 1658 1657)
4(1657 1658 1691 1690)
4(1690 1691 1724 1723)
4(1723 1724 1757 1756)
4(1756 1757 1790 1789)
4(1789 1790 1823 1822)
4(1822 1823 1856 1855)
4(1855 1856 1889 1888)
4(1888 1889 1922 1921)
4(1921 1922 1955 1954)
4(1954 1955 1988 1987)
4(1987 1988 2021 2020)
4(2020 2021 2054 2053)
4(2053 2054 2087 2086)
4(2086 2087 2120 2119)
4(2119 2120 2153 2152)
4(1097 1098 1131 1130)
4(1130 1131 1164 1163)
4(1163 1164 1197 1196)
4(1196 1197 1230 1229)
4(1229 1230 1263 1262)
4(1262 1263 1296 1295)
4(1295 1296 1329 1328)
4(1328 1329 1362 1361)
4(1361 1362 1395 1394)
4(1394 1395 1428 1427)
4(1427 1428 1461 1460)
4(1460 1461 1494 1493)
4(1493 1494 1527 1526)
4(1526 1527 1560 1559)
4(1559 1560 1593 1592)
4(1592 1593 1626 1625)
4(1625 1626 1659 1658)
4(1658 1659 1692 1691)
4(1691 1692 1725 1724)
4(1724 1725 1758 1757)
4(1757 1758 1791 1790)
4(1790 1791 1824 1823)
4(1823 1824 1857 1856)
4(1856 1857 1890 1889)
4(1889 1890 1923 1922)
4(1922 1923 1956 1955)
4(1955 1956 1989 1988)
4(1988 1989 2022 2021)
4(2021 2022 2055 2054)
4(2054 2055 2088 2087)
4(2087 2088 2121 2120)
4(2120 2121 2154 2153)
4(1098 1099 1132 1131)
4(1131 1132 1165 1164)
4(1164 1165 1198 1197)
4(1197 1198 1231 1230)
4(1230 1231 1264 1263)
4(1263 1264 1297 1296)
4(1296 1297 1330 1329)
4(1329 1330 1363 1362)
4(1362 1363 1396 1395)
4(1395 1396 1429 1428)
4(1428 1429 1462 1461)
4(1461 1462 1495 1494)
4(1494 1495 1528 1527)
4(1527 1528 1561 1560)
4(1560 1561 1594 1593)
4(1593 1594 1627 1626)
4(1626 1627 1660 1659)
4(1659 1660 1693 1692)
4(1692 1693 1726 1725)
4(1725 1726 1759 1758)
4(1758 1759 1792 1791)
4(1791 1792 1825 1824)
4(1824 1825 1858 1857)
4(1857 1858 1891 1890)
4(1890 1891 1924 1923)
4(1923 1924 1957 1956)
4(1956 1957 1990 1989)
4(1989 1990 2023 2022)
4(2022 2023 2056 2055)
4(2055 2056 2089 2088)
4(2088 2089 2122 2121)
4(2121 2122 2155 2154)
4(1099 1100 1133 1132)
4(1132 1133 1166 1165)
4(1165 1166 1199 1198)
4(1198 1199 1232 1231)
4(1231 1232 1265 1264)
4(1264 1265 1298 1297)
4(1297 1298 1331 1330)
4(1330 1331 1364 1363)
4(1363 1364 1397 1396)
4(1396 1397 1430 1429)
4(1429 1430 1463 1462)
4(1462 1463 1496 1495)
4(1495 1496 1529 1528)
4(1528 1529 1562 1561)
4(1561 1562 1595 1594)
4(1594 1595 1628 1627)
4(1627 1628 1661 1660)
4(1660 1661 1694 1693)
4(1693 1694 1727 1726)
4(1726 1727 1760 1759)
4(1759 1760 1793 1792)
4(1792 1793 1826 1825)
4(1825 1826 1859 1858)
4(1858 1859 1892 1891)
4(1891 1892 1925 1924)
4(1924 1925 1958 1957)
4(1957 1958 1991 1990)
4(1990 1991 2024 2023)
4(2023 2024 2057 2056)
4(2056 2057 2090 2089)
4(2089 2090 2123 2122)
4(2122 2123 2156 2155)
4(1100 1101 1134 1133)
4(1133 1134 1167 1166)
4(1166 1167 1200 1199)
4(1199 1200 1233 1232)
4(1232 1233 1266 1265)
4(1265 1266 1299 1298)
4(1298 1299 1332 1331)
4(1331 1332 1365 1364)
4(1364 1365 1398 1397)
4(1397 1398 1431 1430)
4(1430 1431 1464 1463)
4(1463 1464 1497 1496)
4(1496 1497 1530 1529)
4(1529 1530 1563 1562)
4(1562 1563 1596 1595)
4(1595 1596 1629 1628)
4(1628 1629 1662 1661)
4(1661 1662 1695 1694)
4(1694 1695 1728 1727)
4(1727 1728 1761 1760)
4(1760 1761 1794 1793)
4(1793 1794 1827 1826)
4(1826 1827 1860 1859)
4(1859 1860 1893 1892)
4(1892 1893 1926 1925)
4(1925 1926 1959 1958)
4(1958 1959 1992 1991)
4(1991 1992 2025 2024)
4(2024 2025 2058 2057)
4(2057 2058 2091 2090)
4(2090 2091 2124 2123)
4(2123 2124 2157 2156)
4(1101 1102 1135 1134)
4(1134 1135 1168 1167)
4(1167 1168 1201 1200)
4(1200 1201 1234 1233)
4(1233 1234 1267 1266)
4(1266 1267 1300 1299)
4(1299 1300 1333 1332)
4(1332 1333 1366 1365)
4(1365 1366 1399 1398)
4(1398 1399 1432 1431)
4(1431 1432 1465 1464)
4(1464 1465 1498 1497)
4(1497 1498 1531 1530)
4(1530 1531 1564 1563)
4(1563 1564 1597 1596)
4(1596 1597 1630 1629)
4(1629 1630 1663 1662)
4(1662 1663 1696 1695)
4(1695 1696 1729 1728)
4(1728 1729 1762 1761)
4(1761 1762 1795 1794)
4(1794 1795 1828 1827)
4(1827 1828 1861 1860)
4(1860 1861 1894 1893)
4(1893 1894 1927 1926)
4(1926 1927 1960 1959)
4(1959 1960 1993 1992)
4(1992 1993 2026 2025)
4(2025 2026 2059 2058)
4(2058 2059 2092 2091)
4(2091 2092 2125 2124)
4(2124 2125 2158 2157)
4(1102 1103 1136 1135)
4(1135 1136 1169 1168)
4(1168 1169 1202 1201)
4(1201 1202 1235 1234)
4(1234 1235 1268 1267)
4(1267 1268 1301 1300)
4(1300 1301 1334 1333)
4(1333 1334 1367 1366)
4(1366 1367 1400 1399)
4(1399 1400 1433 1432)
4(1432 1433 1466 1465)
4(1465 1466 1499 1498)
4(1498 1499 1532 1531)
4(1531 1532 1565 1564)
4(1564 1565 1598 1597)
4(1597 1598 1631 1630)
4(1630 1631 1664 1663)
4(1663 1664 1697 1696)
4(1696 1697 1730 1729)
4(1729 1730 1763 1762)
4(1762 1763 1796 1795)
4(1795 1796 1829 1828)
4(1828 1829 1862 1861)
4(1861 1862 1895 1894)
4(1894 1895 1928 1927)
4(1927 1928 1961 1960)
4(1960 1961 1994 1993)
4(1993 1994 2027 2026)
4(2026 2027 2060 2059)
4(2059 2060 2093 2092)
4(2092 2093 2126 2125)
4(2125 2126 2159 2158)
4(1103 1104 1137 1136)
4(1136 1137 1170 1169)
4(1169 1170 1203 1202)
4(1202 1203 1236 1235)
4(1235 1236 1269 1268)
4(1268 1269 1302 1301)
4(1301 1302 1335 1334)
4(1334 1335 1368 1367)
4(1367 1368 1401 1400)
4(1400 1401 1434 1433)
4(1433 1434 1467 1466)
4(1466 1467 1500 1499)
4(1499 1500 1533 1532)
4(1532 1533 1566 1565)
4(1565 1566 1599 1598)
4(1598 1599 1632 1631)
4(1631 1632 1665 1664)
4(1664 1665 1698 1697)
4(1697 1698 1731 1730)
4(1730 1731 1764 1763)
4(1763 1764 1797 1796)
4(1796 1797 1830 1829)
4(1829 1830 1863 1862)
4(1862 1863 1896 1895)
4(1895 1896 1929 1928)
4(1928 1929 1962 1961)
4(1961 1962 1995 1994)
4(1994 1995 2028 2027)
4(2027 2028 2061 2060)
4(2060 2061 2094 2093)
4(2093 2094 2127 2126)
4(2126 2127 2160 2159)
4(1104 1105 1138 1137)
4(1137 1138 1171 1170)
4(1170 1171 1204 1203)
4(1203 1204 1237 1236)
4(1236 1237 1270 1269)
4(1269 1270 1303 1302)
4(1302 1303 1336 1335)
4(1335 1336 1369 1368)
4(1368 1369 1402 1401)
4(1401 1402 1435 1434)
4(1434 1435 1468 1467)
4(1467 1468 1501 1500)
4(1500 1501 1534 1533)
4(1533 1534 1567 1566)
4(1566 1567 1600 1599)
4(1599 1600 1633 1632)
4(1632 1633 1666 1665)
4(1665 1666 1699 1698)
4(1698 1699 1732 1731)
4(1731 1732 1765 1764)
4(1764 1765 1798 1797)
4(1797 1798 1831 1830)
4(1830 1831 1864 1863)
4(1863 1864 1897 1896)
4(1896 1897 1930 1929)
4(1929 1930 1963 1962)
4(1962 1963 1996 1995)
4(1995 1996 2029 2028)
4(2028 2029 2062 2061)
4(2061 2062 2095 2094)
4(2094 2095 2128 2127)
4(2127 2128 2161 2160)
4(1105 1106 1139 1138)
4(1138 1139 1172 1171)
4(1171 1172 1205 1204)
4(1204 1205 1238 1237)
4(1237 1238 1271 1270)
4(1270 1271 1304 1303)
4(1303 1304 1337 1336)
4(1336 1337 1370 1369)
4(1369 1370 1403 1402)
4(1402 1403 1436 1435)
4(1435 1436 1469 1468)
4(1468 1469 1502 1501)
4(1501 1502 1535 1534)
4(1534 1535 1568 1567)
4(1567 1568 1601 1600)
4(1600 1601 1634 1633)
4(1633 1634 1667 1666)
4(1666 1667 1700 1699)
4(1699 1700 1733 1732)
4(1732 1733 1766 1765)
4(1765 1766 1799 1798)
4(1798 1799 1832 1831)
4(1831 1832 1865 1864)
4(1864 1865 1898 1897)
4(1897 1898 1931 1930)
4(1930 1931 1964 1963)
4(1963 1964 1997 1996)
4(1996 1997 2030 2029)
4(2029 2030 2063 2062)
4(2062 2063 2096 2095)
4(2095 2096 2129 2128)
4(2128 2129 2162 2161)
4(1106 1107 1140 1139)
4(1139 1140 1173 1172)
4(1172 1173 1206 1205)
4(1205 1206 1239 1238)
4(1238 1239 1272 1271)
4(1271 1272 1305 1304)
4(1304 1305 1338 1337)
4(1337 1338 1371 1370)
4(1370 1371 1404 1403)
4(1403 1404 1437 1436)
4(1436 1437 1470 1469)
4(1469 1470 1503 1502)
4(1502 1503 1536 1535)
4(1535 1536 1569 1568)
4(1568 1569 1602 1601)
4(1601 1602 1635 1634)
4(1634 1635 1668 1667)
4(1667 1668 1701 1700)
4(1700 1701 1734 1733)
4(1733 1734 1767 1766)
4(1766 1767 1800 1799)
4(1799 1800 1833 1832)
4(1832 1833 1866 1865)
4(1865 1866 1899 1898)
4(1898 1899 1932 1931)
4(1931 1932 1965 1964)
4(1964 1965 1998 1997)
4(1997 1998 2031 2030)
4(2030 2031 2064 2063)
4(2063 2064 2097 2096)
4(2096 2097 2130 2129)
4(2129 2130 2163 2162)
4(1107 1108 1141 1140)
4(1140 1141 1174 1173)
4(1173 1174 1207 1206)
4(1206 1207 1240 1239)
4(1239 1240 1273 1272)
4(1272 1273 1306 1305)
4(1305 1306 1339 1338)
4(1338 1339 1372 1371)
4(1371 1372 1405 1404)
4(1404 1405 1438 1437)
4(1437 1438 1471 1470)
4(1470 1471 1504 1503)
4(1503 1504 1537 1536)
4(1536 1537 1570 1569)
4(1569 1570 1603 1602)
4(1602 1603 1636 1635)
4(1635 1636 1669 1668)
4(1668 1669 1702 1701)
4(1701 1702 1735 1734)
4(1734 1735 1768 1767)
4(1767 1768 1801 1800)
4(1800 1801 1834 1833)
4(1833 1834 1867 1866)
4(1866 1867 1900 1899)
4(1899 1900 1933 1932)
4(1932 1933 1966 1965)
4(1965 1966 1999 1998)
4(1998 1999 2032 2031)
4(2031 2032 2065 2064)
4(2064 2065 2098 2097)
4(2097 2098 2131 2130)
4(2130 2131 2164 2163)
4(1108 1109 1142 1141)
4(1141 1142 1175 1174)
4(1174 1175 1208 1207)
4(1207 1208 1241 1240)
4(1240 1241 1274 1273)
4(1273 1274 1307 1306)
4(1306 1307 1340 1339)
4(1339 1340 1373 1372)
4(1372 1373 1406 1405)
4(1405 1406 1439 1438)
4(1438 1439 1472 1471)
4(1471 1472 1505 1504)
4(1504 1505 1538 1537)
4(1537 1538 1571 1570)
4(1570 1571 1604 1603)
4(1603 1604 1637 1636)
4(1636 1637 1670 1669)
4(1669 1670 1703 1702)
4(1702 1703 1736 1735)
4(1735 1736 1769 1768)
4(1768 1769 1802 1801)
4(1801 1802 1835 1834)
4(1834 1835 1868 1867)
4(1867 1868 1901 1900)
4(1900 1901 1934 1933)
4(1933 1934 1967 1966)
4(1966 1967 2000 1999)
4(1999 2000 2033 2032)
4(2032 2033 2066 2065)
4(2065 2066 2099 2098)
4(2098 2099 2132 2131)
4(2131 2132 2165 2164)
4(1109 1110 1143 1142)
4(1142 1143 1176 1175)
4(1175 1176 1209 1208)
4(1208 1209 1242 1241)
4(1241 1242 1275 1274)
4(1274 1275 1308 1307)
4(1307 1308 1341 1340)
4(1340 1341 1374 1373)
4(1373 1374 1407 1406)
4(1406 1407 1440 1439)
4(1439 1440 1473 1472)
4(1472 1473 1506 1505)
4(1505 1506 1539 1538)
4(1538 1539 1572 1571)
4(1571 1572 1605 1604)
4(1604 1605 1638 1637)
4(1637 1638 1671 1670)
4(1670 1671 1704 1703)
4(1703 1704 1737 1736)
4(1736 1737 1770 1769)
4(1769 1770 1803 1802)
4(1802 1803 1836 1835)
4(1835 1836 1869 1868)
4(1868 1869 1902 1901)
4(1901 1902 1935 1934)
4(1934 1935 1968 1967)
4(1967 1968 2001 2000)
4(2000 2001 2034 2033)
4(2033 2034 2067 2066)
4(2066 2067 2100 2099)
4(2099 2100 2133 2132)
4(2132 2133 2166 2165)
4(1110 1111 1144 1143)
4(1143 1144 1177 1176)
4(1176 1177 1210 1209)
4(1209 1210 1243 1242)
4(1242 1243 1276 1275)
4(1275 1276 1309 1308)
4(1308 1309 1342 1341)
4(1341 1342 1375 1374)
4(1374 1375 1408 1407)
4(1407 1408 1441 1440)
4(1440 1441 1474 1473)
4(1473 1474 1507 1506)
4(1506 1507 1540 1539)
4(1539 1540 1573 1572)
4(1572 1573 1606 1605)
4(1605 1606 1639 1638)
4(1638 1639 1672 1671)
4(1671 1672 1705 1704)
4(1704 1705 1738 1737)
4(1737 1738 1771 1770)
4(1770 1771 1804 1803)
4(1803 1804 1837 1836)
4(1836 1837 1870 1869)
4(1869 1870 1903 1902)
4(1902 1903 1936 1935)
4(1935 1936 1969 1968)
4(1968 1969 2002 2001)
4(2001 2002 2035 2034)
4(2034 2035 2068 2067)
4(2067 2068 2101 2100)
4(2100 2101 2134 2133)
4(2133 2134 2167 2166)
4(1111 1112 1145 1144)
4(1144 1145 1178 1177)
4(1177 1178 1211 1210)
4(1210 1211 1244 1243)
4(1243 1244 1277 1276)
4(1276 1277 1310 1309)
4(1309 1310 1343 1342)
4(1342 1343 1376 1375)
4(1375 1376 1409 1408)
4(1408 1409 1442 1441)
4(1441 1442 1475 1474)
4(1474 1475 1508 1507)
4(1507 1508 1541 1540)
4(1540 1541 1574 1573)
4(1573 1574 1607 1606)
4(1606 1607 1640 1639)
4(1639 1640 1673 1672)
4(1672 1673 1706 1705)
4(1705 1706 1739 1738)
4(1738 1739 1772 1771)
4(1771 1772 1805 1804)
4(1804 1805 1838 1837)
4(1837 1838 1871 1870)
4(1870 1871 1904 1903)
4(1903 1904 1937 1936)
4(1936 1937 1970 1969)
4(1969 1970 2003 2002)
4(2002 2003 2036 2035)
4(2035 2036 2069 2068)
4(2068 2069 2102 2101)
4(2101 2102 2135 2134)
4(2134 2135 2168 2167)
4(1112 1113 1146 1145)
4(1145 1146 1179 1178)
4(1178 1179 1212 1211)
4(1211 1212 1245 1244)
4(1244 1245 1278 1277)
4(1277 1278 1311 1310)
4(1310 1311 1344 1343)
4(1343 1344 1377 1376)
4(1376 1377 1410 1409)
4(1409 1410 1443 1442)
4(1442 1443 1476 1475)
4(1475 1476 1509 1508)
4(1508 1509 1542 1541)
4(1541 1542 1575 1574)
4(1574 1575 1608 1607)
4(1607 1608 1641 1640)
4(1640 1641 1674 1673)
4(1673 1674 1707 1706)
4(1706 1707 1740 1739)
4(1739 1740 1773 1772)
4(1772 1773 1806 1805)
4(1805 1806 1839 1838)
4(1838 1839 1872 1871)
4(1871 1872 1905 1904)
4(1904 1905 1938 1937)
4(1937 1938 1971 1970)
4(1970 1971 2004 2003)
4(2003 2004 2037 2036)
4(2036 2037 2070 2069)
4(2069 2070 2103 2102)
4(2102 2103 2136 2135)
4(2135 2136 2169 2168)
4(1113 1114 1147 1146)
4(1146 1147 1180 1179)
4(1179 1180 1213 1212)
4(1212 1213 1246 1245)
4(1245 1246 1279 1278)
4(1278 1279 1312 1311)
4(1311 1312 1345 1344)
4(1344 1345 1378 1377)
4(1377 1378 1411 1410)
4(1410 1411 1444 1443)
4(1443 1444 1477 1476)
4(1476 1477 1510 1509)
4(1509 1510 1543 1542)
4(1542 1543 1576 1575)
4(1575 1576 1609 1608)
4(1608 1609 1642 1641)
4(1641 1642 1675 1674)
4(1674 1675 1708 1707)
4(1707 1708 1741 1740)
4(1740 1741 1774 1773)
4(1773 1774 1807 1806)
4(1806 1807 1840 1839)
4(1839 1840 1873 1872)
4(1872 1873 1906 1905)
4(1905 1906 1939 1938)
4(1938 1939 1972 1971)
4(1971 1972 2005 2004)
4(2004 2005 2038 2037)
4(2037 2038 2071 2070)
4(2070 2071 2104 2103)
4(2103 2104 2137 2136)
4(2136 2137 2170 2169)
4(1114 1115 1148 1147)
4(1147 1148 1181 1180)
4(1180 1181 1214 1213)
4(1213 1214 1247 1246)
4(1246 1247 1280 1279)
4(1279 1280 1313 1312)
4(1312 1313 1346 1345)
4(1345 1346 1379 1378)
4(1378 1379 1412 1411)
4(1411 1412 1445 1444)
4(1444 1445 1478 1477)
4(1477 1478 1511 1510)
4(1510 1511 1544 1543)
4(1543 1544 1577 1576)
4(1576 1577 1610 1609)
4(1609 1610 1643 1642)
4(1642 1643 1676 1675)
4(1675 1676 1709 1708)
4(1708 1709 1742 1741)
4(1741 1742 1775 1774)
4(1774 1775 1808 1807)
4(1807 1808 1841 1840)
4(1840 1841 1874 1873)
4(1873 1874 1907 1906)
4(1906 1907 1940 1939)
4(1939 1940 1973 1972)
4(1972 1973 2006 2005)
4(2005 2006 2039 2038)
4(2038 2039 2072 2071)
4(2071 2072 2105 2104)
4(2104 2105 2138 2137)
4(2137 2138 2171 2170)
4(1115 1116 1149 1148)
4(1148 1149 1182 1181)
4(1181 1182 1215 1214)
4(1214 1215 1248 1247)
4(1247 1248 1281 1280)
4(1280 1281 1314 1313)
4(1313 1314 1347 1346)
4(1346 1347 1380 1379)
4(1379 1380 1413 1412)
4(1412 1413 1446 1445)
4(1445 1446 1479 1478)
4(1478 1479 1512 1511)
4(1511 1512 1545 1544)
4(1544 1545 1578 1577)
4(1577 1578 1611 1610)
4(1610 1611 1644 1643)
4(1643 1644 1677 1676)
4(1676 1677 1710 1709)
4(1709 1710 1743 1742)
4(1742 1743 1776 1775)
4(1775 1776 1809 1808)
4(1808 1809 1842 1841)
4(1841 1842 1875 1874)
4(1874 1875 1908 1907)
4(1907 1908 1941 1940)
4(1940 1941 1974 1973)
4(1973 1974 2007 2006)
4(2006 2007 2040 2039)
4(2039 2040 2073 2072)
4(2072 2073 2106 2105)
4(2105 2106 2139 2138)
4(2138 2139 2172 2171)
4(1116 1117 1150 1149)
4(1149 1150 1183 1182)
4(1182 1183 1216 1215)
4(1215 1216 1249 1248)
4(1248 1249 1282 1281)
4(1281 1282 1315 1314)
4(1314 1315 1348 1347)
4(1347 1348 1381 1380)
4(1380 1381 1414 1413)
4(1413 1414 1447 1446)
4(1446 1447 1480 1479)
4(1479 1480 1513 1512)
4(1512 1513 1546 1545)
4(1545 1546 1579 1578)
4(1578 1579 1612 1611)
4(1611 1612 1645 1644)
4(1644 1645 1678 1677)
4(1677 1678 1711 1710)
4(1710 1711 1744 1743)
4(1743 1744 1777 1776)
4(1776 1777 1810 1809)
4(1809 1810 1843 1842)
4(1842 1843 1876 1875)
4(1875 1876 1909 1908)
4(1908 1909 1942 1941)
4(1941 1942 1975 1974)
4(1974 1975 2008 2007)
4(2007 2008 2041 2040)
4(2040 2041 2074 2073)
4(2073 2074 2107 2106)
4(2106 2107 2140 2139)
4(2139 2140 2173 2172)
4(1117 1118 1151 1150)
4(1150 1151 1184 1183)
4(1183 1184 1217 1216)
4(1216 1217 1250 1249)
4(1249 1250 1283 1282)
4(1282 1283 1316 1315)
4(1315 1316 1349 1348)
4(1348 1349 1382 1381)
4(1381 1382 1415 1414)
4(1414 1415 1448 1447)
4(1447 1448 1481 1480)
4(1480 1481 1514 1513)
4(1513 1514 1547 1546)
4(1546 1547 1580 1579)
4(1579 1580 1613 1612)
4(1612 1613 1646 1645)
4(1645 1646 1679 1678)
4(1678 1679 1712 1711)
4(1711 1712 1745 1744)
4(1744 1745 1778 1777)
4(1777 1778 1811 1810)
4(1810 1811 1844 1843)
4(1843 1844 1877 1876)
4(1876 1877 1910 1909)
4(1909 1910 1943 1942)
4(1942 1943 1976 1975)
4(1975 1976 2009 2008)
4(2008 2009 2042 2041)
4(2041 2042 2075 2074)
4(2074 2075 2108 2107)
4(2107 2108 2141 2140)
4(2140 2141 2174 2173)
4(1118 1119 1152 1151)
4(1151 1152 1185 1184)
4(1184 1185 1218 1217)
4(1217 1218 1251 1250)
4(1250 1251 1284 1283)
4(1283 1284 1317 1316)
4(1316 1317 1350 1349)
4(1349 1350 1383 1382)
4(1382 1383 1416 1415)
4(1415 1416 1449 1448)
4(1448 1449 1482 1481)
4(1481 1482 1515 1514)
4(1514 1515 1548 1547)
4(1547 1548 1581 1580)
4(1580 1581 1614 1613)
4(1613 1614 1647 1646)
4(1646 1647 1680 1679)
4(1679 1680 1713 1712)
4(1712 1713 1746 1745)
4(1745 1746 1779 1778)
4(1778 1779 1812 1811)
4(1811 1812 1845 1844)
4(1844 1845 1878 1877)
4(1877 1878 1911 1910)
4(1910 1911 1944 1943)
4(1943 1944 1977 1976)
4(1976 1977 2010 2009)
4(2009 2010 2043 2042)
4(2042 2043 2076 2075)
4(2075 2076 2109 2108)
4(2108 2109 2142 2141)
4(2141 2142 2175 2174)
4(1119 1120 1153 1152)
4(1152 1153 1186 1185)
4(1185 1186 1219 1218)
4(1218 1219 1252 1251)
4(1251 1252 1285 1284)
4(1284 1285 1318 1317)
4(1317 1318 1351 1350)
4(1350 1351 1384 1383)
4(1383 1384 1417 1416)
4(1416 1417 1450 1449)
4(1449 1450 1483 1482)
4(1482 1483 1516 1515)
4(1515 1516 1549 1548)
4(1548 1549 1582 1581)
4(1581 1582 1615 1614)
4(1614 1615 1648 1647)
4(1647 1648 1681 1680)
4(1680 1681 1714 1713)
4(1713 1714 1747 1746)
4(1746 1747 1780 1779)
4(1779 1780 1813 1812)
4(1812 1813 1846 1845)
4(1845 1846 1879 1878)
4(1878 1879 1912 1911)
4(1911 1912 1945 1944)
4(1944 1945 1978 1977)
4(1977 1978 2011 2010)
4(2010 2011 2044 2043)
4(2043 2044 2077 2076)
4(2076 2077 2110 2109)
4(2109 2110 2143 2142)
4(2142 2143 2176 2175)
4(1120 1121 1154 1153)
4(1153 1154 1187 1186)
4(1186 1187 1220 1219)
4(1219 1220 1253 1252)
4(1252 1253 1286 1285)
4(1285 1286 1319 1318)
4(1318 1319 1352 1351)
4(1351 1352 1385 1384)
4(1384 1385 1418 1417)
4(1417 1418 1451 1450)
4(1450 1451 1484 1483)
4(1483 1484 1517 1516)
4(1516 1517 1550 1549)
4(1549 1550 1583 1582)
4(1582 1583 1616 1615)
4(1615 1616 1649 1648)
4(1648 1649 1682 1681)
4(1681 1682 1715 1714)
4(1714 1715 1748 1747)
4(1747 1748 1781 1780)
4(1780 1781 1814 1813)
4(1813 1814 1847 1846)
4(1846 1847 1880 1879)
4(1879 1880 1913 1912)
4(1912 1913 1946 1945)
4(1945 1946 1979 1978)
4(1978 1979 2012 2011)
4(2011 2012 2045 2044)
4(2044 2045 2078 2077)
4(2077 2078 2111 2110)
4(2110 2111 2144 2143)
4(2143 2144 2177 2176)
)


// ************************************************************************* //
