/*--------------------------------*- C++ -*----------------------------------*\
| =========                 |                                                 |
| \\      /  F ield         | OpenFOAM: The Open Source CFD Toolbox           |
|  \\    /   O peration     | Version:  2306                                  |
|   \\  /    A nd           | Website:  www.openfoam.com                      |
|    \\/     M anipulation  |                                                 |
\*---------------------------------------------------------------------------*/
FoamFile
{
    version     2.0;
    format      ascii;
    arch        "LSB;label=32;scalar=64";
    class       volScalarField;
    location    "0.19";
    object      reconstructedDistanceFunction;
}
// * * * * * * * * * * * * * * * * * * * * * * * * * * * * * * * * * * * * * //

dimensions      [0 1 0 0 0 0 0];

internalField   nonuniform List<scalar> 
6400
(
0
0
0
0
0
0
0
0
0
0
0
0
0
0
0
0
0
0
0
0
0
0
0
0
0
0
0
0
0
0
0
0
0
0
0
0
0
0
0
0
0
0
0
0
0
0
0
0
0
0
0
0
0
0
0
0
0
0
0
0
0
0
0
0
0
0
0
0
0
0
0
0
0
0
0
0
0
0
0
0
0
0
0
0
0
0
0
0
0
0
0
0
0
0
0
0
0
0
0
0
0
0
0
0
0
0
0
0
0
0
0
0
0
0
0
0
0
0
0
0
0
0
0
0
0
0
0
0
0
0
0
0
0
0
0
0
0
0
0
0
0
0
0
0
0
0
0
0
0
0
0
0
0
0
0
0
0
0
0
0
0
0
0
0
0
0
0
0
0
0
0
0
0
0
0
0
0
0
0
0
0
0
0
0
0
0
0
0
0
0
0
0
0
0
0
0
0
0
0
0
0
0
0
0
0
0
0
0
0
0
0
0
0
0
0
0
0
0
0
0
0
0
0
0
0
0
0
0
0
0
0
0
0
0
0
0
0
0
0
0
0
0
0
0
0
0
0
0
0
0
0
0
0
0
0
0
0
0
0
0
0
0
0
0
0
0
0
0
0
0
0
0
0
0
0
0
0
0
0
0
0
0
0
0
0
0
0
0
0
0
0
0
0
0
0
0
0
0
0
0
0
0
0
0
0
0
0
0
0
0
0
0
0
0
0
0
0
0
0
0
0
0
0
0
0
0
0
0
0
0
0
0
0
0
0
0
0
0
0
0
0
0
0
0
0
0
0
0
0
0
0
0
0
0
0
0
0
0
0
0
0
0
0
0
0
0
0
0
0
0
0
0
0
0
0
0
0
0
0
0
0
0
0
0
0
0
0
0
0
0
0
0
0
0
0
0
0
0
0
0
0
0
0
0
0
0
0
0
0
0
0
0
0
0
0
0
0
0
0
0
0
0
0
0
0
0
0
0
0
0
0
0
0
0
0
0
0
0
0
0
0
0
0
0
0
0
0
0
0
0
0
0
0
0
0
0
0
0
0
0
0
0
0
0
0
0
0
0
0
0
0
0
0
0
0
0
0
0
0
0
0
0
0
0
0
0
0
0
0
0
0
0
0
0
0
0
0
0
0
0
0
0
0
0
0
0
0
0
0
0
0
0
0
0
0
0
0
0
0
0
0
0
0
0
0
0
0
0
0
0
0
0
0
0
0
0
0
0
0
0
0
0
0
0
0
0
0
0
0
0
0
0
0
0
0
0
0
0
0
0
0
0
0
0
0
0
0
0
0
0
0
0
0
0
0
0
0
0
0
0
0
0
0
0
0
0
0
0
0
0
0
0
0
0
0
0
0
0
0
0
0
0
0
0
0
0
0
0
0
0
0
0
0
0
0
0
0
0
0
0
0
0
0
0
0
0
0
0
0
0
0
0
0
0
0
0
0
0
0
0
0
0
0
0
0
0
0
0
0
0
0
0
0
0
0
0
0
0
0
0
0
0
0
0
0
0
0
0
0
0
0
0
0
0
0
0
0
0
0
0
0
0
0
0
0
0
0
0
0
0
0
0
0
0
0
0
0
0
0
0
0
0
0
0
0
0
0
0
0
0
0
0
0
0
0
0
0
0
0
0
0
0
0
0
0
0
0
0
0
0
0
0
0
0
0
0
0
0
0
0
0
0
0
0
0
0
0
0
0
0
0
0
0
0
0
0
0
0
0
0
0
0
0
0
0
0
0
0
0
0
0
0
0
0
0
0
0
0
0
0
0
0
0
0
0
0
0
0
0
0
0
0
0
0
0
0
0
0
0
0
0
0
0
0
0
0
0
0
0
0
0
0
0
0
0
0
0
0
0
0
0
0
0
0
0
0
0
0
0
0
0
0
0
0
0
0
0
0
0
0
0
0
0
0
0
0
0
0
0
0
0
0
0
0
0
0
0
0
0
0
0
0
0
0
0
0
0
0
0
0
0
0
0
0
0
0
0
0
0
0
0
0
0
0
0
0
0
0
0
0
0
0
0
0
0
0
0
0
0
0
0
0
0
0
0
0
0
0
0
0
0
0
0
0
0
0
0
0
0
0
0
0
0
0
0
0
0
0
0
0
0
0
0
0
0
0
0
0
0
0
0
0
0
0
0
0
0
0
0
0
0
0
0
0
0
0
0
0
0
0
0
0
0
0
0
0
0
0
0
0
0
0
0
0
0
0
0
0
0
0
0
0
0
0
0
0
0
0
0
0
0
0
0
0
0
0
0
0
0
0
0
0
0
0
0
0
0
0
0
0
0
0
0
0
0
0
0
0
0
0
0
0
0
0
0
0
0
0
0
0
0
0
0
0
0
0
0
0
0
0
0
0
0
0
0
0
0
0
0
0
0
0
0
0
0
0
0
0
0
0
0
0
0
0
0
0
0
0
0
0
0
0
0
0
0
0
0
0
0
0
0
0
0
0
0
0
0
0
0
0
0
0
0
0
0
0
0
0
0
0
0
0
0
0
0
0
0
0
0
0
0
0
0
0
0
0
0
0
0
0
0.1054749
0.098429972
0.091867214
0.087245785
0.085221722
0.073162595
0.089491546
0.10583067
0.12217638
0
0
0
0
0
0
0
0
0
0
0
0
0
0
0
0
0
0
0
0
0
0
0
0
0
0
0
0
0
0
0
0
0
0
0
0
0
0
0
0
0
0
0
0
0
0
0
0
0
0
0
0
0
0
0
0
0
0
0
0
0
0
0
0
0
0
0
0
0
0
0
0.08176444
0.074719515
0.067306479
0.06268505
0.061674098
0.054265031
0.070593983
0.086933108
0.10327882
0
0
0
0
0
0
0
0
0
0
0
0
0
0
0
0
0.11061443
0.099863948
0.090929171
0.083545736
0.077759439
0.074989476
0.074167462
0.075098456
0.077553352
0.081061529
0.085388327
0.090065784
0.095039862
0.09979904
0
0
0
0
0
0
0
0
0
0
0
0
0
0
0
0
0
0
0
0
0
0
0
0
0
0
0
0
0
0
0
0
0
0
0
0
0
0
0
0
0
0.058053983
0.051009057
0.042745744
0.038124315
0.038126474
0.035367467
0.051696419
0.068035544
0.084381253
0
0
0
0
0
0
0
0
0
0
0
0
0
0
0.1134668
0.10026814
0.088156434
0.077174236
0.06747387
0.059285856
0.053248389
0.050143432
0.049167601
0.050193084
0.052800757
0.056456303
0.060850101
0.065523728
0.070518169
0.075236435
0.079345105
0.082695747
0.085205808
0.086922669
0.08792438
0.088243288
0.088081139
0.087623355
0.087044171
0.086441708
0.085939209
0.085599544
0.085441673
0.085438517
0.085541533
0.085702542
0.085880439
0.08604605
0.086184746
0.086292597
0.086372987
0.086432886
0.086479837
0.086519896
0.086557011
0.086593223
0.086629183
0.086664698
0.086699235
0.086732279
0.086763495
0.086792776
0.086820176
0.086845845
0.086869958
0.086892677
0.086914136
0.086934439
0.086953668
0.086971893
0.086989176
0.034301943
0.0272986
0.035280375
0.01356358
0.01457885
0.016469903
0.032798855
0.04913798
0.065483689
0
0
0
0
0
0
0
0
0
0
0
0
0.12161357
0.10616919
0.092824108
0.079126744
0.066125627
0.05471624
0.044192843
0.035402548
0.028988509
0.025297389
0.024167741
0.025287711
0.028048163
0.031829915
0.036300149
0.041129887
0.046018089
0.050584132
0.054583058
0.057840433
0.060280454
0.061954865
0.062930699
0.063243357
0.063083329
0.062628707
0.062051111
0.061448307
0.060943083
0.06060085
0.060441793
0.060438584
0.060541927
0.060703157
0.060881053
0.061046521
0.061185049
0.061292771
0.061373083
0.061432941
0.061479873
0.061519925
0.061557038
0.061593248
0.061629209
0.061664723
0.061699258
0.0617323
0.061763514
0.061792792
0.06182019
0.061845858
0.061869969
0.061892687
0.061914145
0.061934447
0.061953675
0.061971899
0.061989181
0.011420485
0.0035881423
0.011416232
-0.0031220739
0.013851707
0.016289185
0.035738644
0.055200222
0.074669641
0
0
0
0
0
0
0
0
0
0
0
0.117234
0.10141019
0.086622557
0.071302362
0.058181057
0.04478654
0.031982988
0.021275948
0.011900126
0.0047286294
0.00045134503
-0.00083211983
0.00038233929
0.003295569
0.0072035274
0.011750197
0.016608194
0.021455484
0.025926257
0.02982101
0.032985119
0.0353551
0.036987061
0.037937018
0.038243426
0.03808552
0.037634058
0.037058051
0.036454906
0.035946957
0.035602156
0.035441913
0.035438651
0.03554232
0.035703773
0.035881667
0.036046992
0.036185352
0.036292945
0.036373178
0.036432995
0.03647991
0.036519954
0.036557064
0.036593274
0.036629234
0.036664747
0.036699281
0.03673232
0.036763532
0.036792808
0.036820204
0.03684587
0.03686998
0.036892697
0.036914154
0.036934455
0.036953682
0.036971906
0.036989187
0.014572746
0.010950772
-0.012084332
0.015384438
0.0014053451
0.031940024
0.051389484
0.070851062
0.090320481
0
0
0
0
0
0
0
0
0
0
0.11367518
0.097650765
0.081816754
0.066292121
0.050946131
0.03733289
0.023413444
0.01032355
-0.0011820479
-0.011478334
-0.01953125
-0.024394699
-0.02583198
-0.024523033
-0.021457025
-0.01742286
-0.012865272
-0.0079134989
-0.0031071213
0.0012683822
0.0050589632
0.0081298049
0.010429746
0.012019257
0.012943337
0.013243496
0.01308771
0.01263941
0.012064991
0.011461505
0.010950831
0.010603461
0.010442034
0.010438718
0.010542714
0.010704389
0.010882281
0.011047463
0.011185655
0.011293118
0.011373273
0.01143305
0.011479946
0.011519983
0.011557091
0.0115933
0.01162926
0.011664772
0.011699304
0.011732341
0.01176355
0.011792824
0.011820218
0.011845882
0.011869991
0.011892707
0.011914163
0.011934463
0.011953689
0.011971912
0.011989193
0.017263709
0.013792825
0.010646983
0.016476622
0.020360971
0.047590864
0.067040324
0.086501901
0.10597132
0
0
0
0
0
0
0
0
0
0.11113423
0.094723581
0.078464546
0.062628029
0.046698686
0.031612207
0.016079115
0.002689682
-0.010926891
-0.023819201
-0.034759361
-0.043626559
-0.049240742
-0.050831841
-0.049428405
-0.046209619
-0.042049248
-0.037407328
-0.032435192
-0.027669727
-0.023389493
-0.019703084
-0.016725509
-0.014495607
-0.012948547
-0.012050344
-0.011756435
-0.0119101
-0.012355238
-0.012928068
-0.013531897
-0.014045295
-0.014395233
-0.014557846
-0.014561215
-0.014456892
-0.014294996
-0.014117105
-0.013952066
-0.013814042
-0.013706708
-0.013626632
-0.013566895
-0.013520017
-0.013479988
-0.013442883
-0.013406674
-0.013370714
-0.013335203
-0.013300673
-0.013267638
-0.013236431
-0.01320716
-0.013179768
-0.013154105
-0.013129998
-0.013107284
-0.013085829
-0.01306553
-0.013046304
-0.013028082
-0.013010802
0.01384838
0.03448679
0.035296572
0.041169757
0.045054105
0.048945968
0.082691163
0.10215274
0.12162216
0
0
0
0
0
0
0
0
0.10924995
0.092383224
0.075863524
0.059488244
0.0432536
0.027474857
0.01158039
-0.0033792197
-0.018788066
-0.031953664
-0.045478639
-0.057080424
-0.06712898
-0.074088516
-0.075831702
-0.074333777
-0.070962214
-0.06662161
-0.061949384
-0.056956885
-0.052232332
-0.048047367
-0.044465131
-0.041580823
-0.039420961
-0.037916351
-0.037044025
-0.036756366
-0.03690791
-0.037349887
-0.037921128
-0.038525298
-0.039041421
-0.039393927
-0.039557725
-0.039561148
-0.039456499
-0.03929438
-0.039116491
-0.038951595
-0.038813739
-0.038706534
-0.038626537
-0.03856684
-0.038519981
-0.038479959
-0.038442856
-0.038406648
-0.038370689
-0.038335179
-0.03830065
-0.038267618
-0.038236413
-0.038207144
-0.038179753
-0.038154093
-0.038129987
-0.038107274
-0.03808582
-0.038065522
-0.038046297
-0.038028075
-0.038010796
0.023117397
0.043755807
0.059946162
0.064077496
0.06974724
0.073639102
0.07753501
0
0
0
0
0
0
0
0
0
0.10806847
0.090779212
0.073937434
0.057093536
0.040592453
0.024252594
0.0080423847
-0.0076785452
-0.023538106
-0.038370816
-0.052801832
-0.066640438
-0.07962149
-0.090430605
-0.098348396
-0.10083156
-0.099239149
-0.095607642
-0.091171562
-0.08634515
-0.081450663
-0.076826801
-0.072705242
-0.069227178
-0.066436137
-0.064346315
-0.062884156
-0.062037706
-0.061756297
-0.06190572
-0.062344535
-0.062914188
-0.063518699
-0.064037547
-0.064392621
-0.064557605
-0.064561081
-0.064456105
-0.064293764
-0.064115877
-0.063951124
-0.063813436
-0.063706361
-0.063626442
-0.063566785
-0.063519945
-0.06347993
-0.06344283
-0.063406622
-0.063370663
-0.063335154
-0.063300627
-0.063267597
-0.063236395
-0.063207128
-0.063179739
-0.063154081
-0.063129976
-0.063107264
-0.063085811
-0.063065514
-0.06304629
-0.063028069
-0.06301079
0.032386414
0.053024824
0.075727075
0.088727086
0.094440375
0.098332237
0
0
0
0
0
0
0
0
0
0.10772481
0.08987765
0.072728535
0.055453434
0.038624474
0.021803475
0.0053210625
-0.010983328
-0.027169065
-0.042832149
-0.058656778
-0.073362564
-0.087445302
-0.10098099
-0.11297888
0
0
0
0
0
0
0
0
0
0
-0.09129145
-0.089271669
-0.08785196
-0.087031387
-0.086756227
-0.08690353
-0.087339183
-0.087907248
-0.0885121
-0.089033674
0
0
0
0
0
0
0
0
0
0
0
0
0
0
0
0
0
0
0
0
0
0
0
0
0
0
0
0
0
0
0.041655431
0.062293841
0.084996092
0.11337668
0
0
0
0
0
0
0
0
0
0
0.10893419
0.090403979
0.072379242
0.05452817
0.037388061
0.020127208
0.0033111341
-0.013486909
-0.029950604
-0.046219488
-0.062380722
-0.077985932
-0.09338168
-0.10887908
0
0
0
0
0
0
0
0
0
0
0
0
0
0
0
0
0
0
0
0
0
0
0
0
0
0
0
0
0
0
0
0
0
0
0
0
0
0
0
0
0
0
0
0
0
0
0
0
0
0
0
0
0
0
0
0
0
0
0
0
0
0
0
0
0
0.1113591
0.092169569
0.073646265
0.055081152
0.037033001
0.019178143
0.0020471327
-0.015199401
-0.032002532
-0.048777571
-0.065222512
-0.081455856
-0.097438991
-0.11336904
0
0
0
0
0
0
0
0
0
0
0
0
0
0
0
0
0
0
0
0
0
0
0
0
0
0
0
0
0
0
0
0
0
0
0
0
0
0
0
0
0
0
0
0
0
0
0
0
0
0
0
0
0
0
0
0
0
0
0
0
0
0
0
0
0
0.11593324
0.095681339
0.076073639
0.056964985
0.038357503
0.019757641
0.0016862004
-0.016172348
-0.033294184
-0.05052634
-0.067316481
-0.084068477
-0.10049463
-0.11677878
0
0
0
0
0
0
0
0
0
0
0
0
0
0
0
0
0
0
0
0
0
0
0
0
0
0
0
0
0
0
0
0
0
0
0
0
0
0
0
0
0
0
0
0
0
0
0
0
0
0
0
0
0
0
0
0
0
0
0
0
0
0
0
0
0
0
0.10133347
0.08111591
0.060574911
0.040966134
0.021759537
0.0030680441
-0.015566441
-0.033661074
-0.051523235
-0.068635836
-0.085853565
-0.10263068
-0.1193596
0
0
0
0
0
0
0
0
0
0
0
0
0
0
0
0
0
0
0
0
0
0
0
0
0
0
0
0
0
0
0
0
0
0
0
0
0
0
0
0
0
0
0
0
0
0
0
0
0
0
0
0
0
0
0
0
0
0
0
0
0
0
0
0
0
0
0.11133862
0.087769425
0.0667794
0.045787944
0.025847618
0.0058577476
-0.013446625
-0.032221997
-0.050891009
-0.069008752
-0.086874463
-0.10397778
-0.12118104
0
0
0
0
0
0
0
0
0
0
0
0
0
0
0
0
0
0
0
0
0
0
0
0
0
0
0
0
0
0
0
0
0
0
0
0
0
0
0
0
0
0
0
0
0
0
0
0
0
0
0
0
0
0
0
0
0
0
0
0
0
0
0
0
0
0
0
0.099636004
0.077673437
0.055465136
0.032223897
0.011231287
-0.0089731461
-0.02925137
-0.048653386
-0.067512532
-0.086215989
-0.10435678
-0.12222599
0
0
0
0
0
0
0
0
0
0
0
0
0
0
0
0
0
0
0
0
0
0
0
0
0
0
0
0
0
0
0
0
0
0
0
0
0
0
0
0
0
0
0
0
0
0
0
0
0
0
0
0
0
0
0
0
0
0
0
0
0
0
0
0
0
0
0
0
0.091097441
0.067923916
0.044270885
0.021796531
-0.00041450448
-0.023326313
-0.043794672
-0.064246562
-0.083860655
-0.10280349
-0.12154133
0
0
0
0
0
0
0
0
0
0
0
0
0
0
0
0
0
0
0
0
0
0
0
0
0
0
0
0
0
0
0
0
0
0
0
0
0
0
0
0
0
0
0
0
0
0
0
0
0
0
0
0
0
0
0
0
0
0
0
0
0
0
0
0
0
0
0
0
0
0.083698622
0.059832401
0.035964129
0.012094231
-0.01110079
-0.034757796
-0.05629819
-0.078879685
-0.099069266
-0.11908331
0
0
0
0
0
0
0
0
0
0
0
0
0
0
0
0
0
0
0
0
0
0
0
0
0
0
0
0
0
0
0
0
0
0
0
0
0
0
0
0
0
0
0
0
0
0
0
0
0
0
0
0
0
0
0
0
0
0
0
0
0
0
0
0
0
0
0
0
0
0
0.081907306
0.05707918
0.03224892
0.0074169679
-0.017416349
-0.042250782
-0.066921254
-0.090135399
-0.11218468
0
0
0
0
0
0
0
0
0
0
0
0
0
0
0
0
0
0
0
0
0
0
0
0
0
0
0
0
0
0
0
0
0
0
0
0
0
0
0
0
0
0
0
0
0
0
0
0
0
0
0
0
0
0
0
0
0
0
0
0
0
0
0
0
0
0
0
0
0
0
0
0.082012146
0.057113554
0.032212822
0.0073103933
-0.017593404
-0.042498321
-0.067404165
-0.092148346
0
0
0
0
0
0
0
0
0
0
0
0
0
0
0
0
0
0
0
0
0
0
0
0
0
0
0
0
0
0
0
0
0
0
0
0
0
0
0
0
0
0
0
0
0
0
0
0
0
0
0
0
0
0
0
0
0
0
0
0
0
0
0
0
0
0
0
0
0
0
0
0
0.084064961
0.059664662
0.035262266
0.010858207
-0.013406929
-0.037691835
-0.061390297
-0.084889709
-0.10778534
0
0
0
0
0
0
0
0
0
0
0
0
0
0
0
0
0
0
0
0
0
0
0
0
0
0
0
0
0
0
0
0
0
0
0
0
0
0
0
0
0
0
0
0
0
0
0
0
0
0
0
0
0
0
0
0
0
0
0
0
0
0
0
0
0
0
0
0
0
0
0
0.089623065
0.065344326
0.0410635
0.017617228
-0.0058795185
-0.029377321
-0.051937802
-0.074714029
-0.097309506
0
0
0
0
0
0
0
0
0
0
0
0
0
0
0
0
0
0
0
0
0
0
0
0
0
0
0
0
0
0
0
0
0
0
0
0
0
0
0
0
0
0
0
0
0
0
0
0
0
0
0
0
0
0
0
0
0
0
0
0
0
0
0
0
0
0
0
0
0
0
0
0.09661267
0.073120835
0.049626981
0.026680506
0.0039068622
-0.01893423
-0.04142294
-0.063953486
-0.086381697
-0.10867595
0
0
0
0
0
0
0
0
0
0
0
0
0
0
0
0
0
0
0
0
0
0
0
0
0
0
0
0
0
0
0
0
0
0
0
0
0
0
0
0
0
0
0
0
0
0
0
0
0
0
0
0
0
0
0
0
0
0
0
0
0
0
0
0
0
0
0
0
0
0
0.10512697
0.082518219
0.059747379
0.036947652
0.01446079
-0.0080652335
-0.030492152
-0.052785854
-0.074908577
-0.097556223
0
0
0
0
0
0
0
0
0
0
0
0
0
0
0
0
0
0
0
0
0
0
0
0
0
0
0
0
0
0
0
0
0
0
0
0
0
0
0
0
0
0
0
0
0
0
0
0
0
0
0
0
0
0
0
0
0
0
0
0
0
0
0
0
0
0
0
0
0
0
0
0.092824519
0.070340425
0.04781964
0.025394566
0.0031018497
-0.019038032
-0.04168457
-0.064530573
-0.087278228
-0.11023076
0
0
0
0
0
0
0
0
0
0
0
0
0
0
0
0
0
0
0
0
0
0
0
0
0
0
0
0
0
0
0
0
0
0
0
0
0
0
0
0
0
0
0
0
0
0
0
0
0
0
0
0
0
0
0
0
0
0
0
0
0
0
0
0
0
0
0
0
0
0
0.10369951
0.081277199
0.058986173
0.036829657
0.01418467
-0.0086769479
-0.031423489
-0.054499785
-0.077640323
-0.10052053
0
0
0
0
0
0
0
0
0
0
0
0
0
0
0
0
0
0
0
0
0
0
0
0
0
0
0
0
0
0
0
0
0
0
0
0
0
0
0
0
0
0
0
0
0
0
0
0
0
0
0
0
0
0
0
0
0
0
0
0
0
0
0
0
0
0
0
0
0
0
0.11486549
0.092693223
0.070050498
0.04717381
0.024367774
0.0012290904
-0.021910315
-0.045043272
-0.068592938
-0.092460613
0
0
0
0
0
0
0
0
0
0
0
0
0
0
0
0
0
0
0
0
0
0
0
0
0
0
0
0
0
0
0
0
0
0
0
0
0
0
0
0
0
0
0
0
0
0
0
0
0
0
0
0
0
0
0
0
0
0
0
0
0
0
0
0
0
0
0
0
0
0
0
0.10302042
0.08009183
0.056955048
0.033979621
0.010431842
-0.013420654
-0.037073839
-0.060818206
-0.084908351
0
0
0
0
0
0
0
0
0
0
0
0
0
0
0
0
0
0
0
0
0
0
0
0
0
0
0
0
0
0
0
0
0
0
0
0
0
0
0
0
0
0
0
0
0
0
0
0
0
0
0
0
0
0
0
0
0
0
0
0
0
0
0
0
0
0
0
0
0
0
0
0.11267679
0.089449831
0.065613548
0.041962607
0.018115843
-0.0059726557
-0.030061791
-0.054151469
-0.07875857
0
0
0
0
0
0
0
0
0
0
0
0
0
0
0
0
0
0
0
0
0
0
0
0
0
0
0
0
0
0
0
0
0
0
0
0
0
0
0
0
0
0
0
0
0
0
0
0
0
0
0
0
0
0
0
0
0
0
0
0
0
0
0
0
0
0
0
0
0
0
0
0
0.097042945
0.072957178
0.048685945
0.024150468
-0.0003857745
-0.024922665
-0.049460109
-0.073998028
0
0
0
0
0
0
0
0
0
0
0
0
0
0
0
0
0
0
0
0
0
0
0
0
0
0
0
0
0
0
0
0
0
0
0
0
0
0
0
0
0
0
0
0
0
0
0
0
0
0
0
0
0
0
0
0
0
0
0
0
0
0
0
0
0
0
0
0
0
0
0
0
0.10251451
0.077961579
0.053124028
0.028285553
0.0034463019
-0.021393605
-0.046234071
-0.07107502
0
0
0
0
0
0
0
0
0
0
0
0
0
0
0
0
0
0
0
0
0
0
0
0
0
0
0
0
0
0
0
0
0
0
0
0
0
0
0
0
0
0
0
0
0
0
0
0
0
0
0
0
0
0
0
0
0
0
0
0
0
0
0
0
0
0
0
0
0
0
0
0
0
0.080118024
0.055134077
0.030149199
0.0051635406
-0.019822777
-0.044809658
-0.069797024
0
0
0
0
0
0
0
0
0
0
0
0
0
0
0
0
0
0
0
0
0
0
0
0
0
0
0
0
0
0
0
0
0
0
0
0
0
0
0
0
0
0
0
0
0
0
0
0
0
0
0
0
0
0
0
0
0
0
0
0
0
0
0
0
0
0
0
0
0
0
0
0
0.10435295
0.079416439
0.05447881
0.029540252
0.0046009157
-0.020339079
-0.045279636
-0.070220677
0
0
0
0
0
0
0
0
0
0
0
0
0
0
0
0
0
0
0
0
0
0
0
0
0
0
0
0
0
0
0
0
0
0
0
0
0
0
0
0
0
0
0
0
0
0
0
0
0
0
0
0
0
0
0
0
0
0
0
0
0
0
0
0
0
0
0
0
0
0
0
0
0.099123502
0.075059338
0.05118229
0.02653877
0.0018944802
-0.02275046
-0.047395956
-0.07204193
0
0
0
0
0
0
0
0
0
0
0
0
0
0
0
0
0
0
0
0
0
0
0
0
0
0
0
0
0
0
0
0
0
0
0
0
0
0
0
0
0
0
0
0
0
0
0
0
0
0
0
0
0
0
0
0
0
0
0
0
0
0
0
0
0
0
0
0
0
0
0
0.1129582
0.090636883
0.067527973
0.044843659
0.020183593
-0.0038833004
-0.027950829
-0.052018901
-0.076206808
0
0
0
0
0
0
0
0
0
0
0
0
0
0
0
0
0
0
0
0
0
0
0
0
0
0
0
0
0
0
0
0
0
0
0
0
0
0
0
0
0
0
0
0
0
0
0
0
0
0
0
0
0
0
0
0
0
0
0
0
0
0
0
0
0
0
0
0
0
0
0.11889015
0.098993709
0.079202238
0.057096888
0.034900564
0.011789754
-0.010754822
-0.034132148
-0.058763257
-0.082831796
0
0
0
0
0
0
0
0
0
0
0
0
0
0
0
0
0
0
0
0
0
0
0
0
0
0
0
0
0
0
0
0
0
0
0
0
0
0
0
0
0
0
0
0
0
0
0
0
0
0
0
0
0
0
0
0
0
0
0
0
0
0
0
0
0
0
0
0
0
0.12016755
0.10250207
0.08363202
0.064166833
0.04373658
0.023608528
0.0012315685
-0.020794721
-0.043951379
-0.066355794
-0.0897341
0
0
0
0
0
0
0
0
0
0
0
0
0
0
0
0
0
0
0
0
0
0
0
0
0
0
0
0
0
0
0
0
0
0
0
0
0
0
0
0
0
0
0
0
0
0
0
0
0
0
0
0
0
0
0
0
0
0
0
0
0
0
0
0
0
0
0
0
0.11845019
0.10221129
0.084824524
0.067806268
0.048372601
0.030334858
0.0089076634
-0.010894192
-0.031988361
-0.054636528
-0.076663896
-0.099694612
0
0
0
0
0
0
0
0
0
0
0
0
0
0
0
0
0
0
0
0
0
0
0
0
0
0
0
0
0
0
0
0
0
0
0
0
0
0
0
0
0
0
0
0
0
0
0
0
0
0
0
0
0
0
0
0
0
0
0
0
0
0
0
0
0
0
0
0.11460095
0.0992839
0.083180196
0.066906166
0.049479997
0.032464134
0.013112146
-0.004780613
-0.025922014
-0.04539757
-0.066492295
-0.088478832
-0.11050663
0
0
0
0
0
0
0
0
0
0
0
0
0
0
0
0
0
0
0
0
0
0
0
0
0
0
0
0
0
0
0
0
0
0
0
0
0
0
0
0
0
0
0
0
0
0
0
0
0
0
0
0
0
0
0
0
0
0
0
0
0
0
0
0
0
0
0.10912268
0.094769633
0.079570123
0.064017984
0.047917983
0.031599599
0.014134279
-0.002878988
-0.022149159
-0.039896813
-0.05948096
-0.08118544
-0.10099671
0
0
0
0
0
0
0
0
0
0
0
0
0
0
0
0
0
0
0
0
0
0
0
0
0
0
0
0
0
0
0
0
0
0
0
0
0
0
0
0
0
0
0
0
0
0
0
0
0
0
0
0
0
0
0
0
0
0
0
0
0
0
0
0
0
0.11308086
0.10123554
0.088250029
0.074328965
0.059705687
0.044606875
0.028824096
0.012654359
-0.0037081125
-0.021212399
-0.038222918
-0.057411166
-0.075013624
-0.094598289
-0.11601675
0
0
0
0
0
0
0
0
0
0
0
0
0
0
0
0
0
0
0
0
0
0
0
0
0
0
0
0
0
0
0
0
0
0
0
0
0
0
0
0
0
0
0
0
0
0
0
0
0
0
0
0
0
0
0
0
0
0
0
0
0
0
0
0.10887697
0.10054199
0.090794207
0.079429583
0.067242277
0.053709695
0.039620796
0.024672656
0.009485934
-0.0063711623
-0.022610382
-0.039016748
-0.056559862
-0.073567519
-0.092673762
-0.11013095
0
0
0
0
0
0
0
0
0
0
0
0
0
0
0
0
0
0
0
0
0
0
0
0
0
0
0
0
0
0
0
0
0
0
0
0
0
0
0
0
0
0
0
0
0
0
0
0
0
0
0
0
0
0
0
0
0
0
0
0
0
0.099271145
0.096266727
0.091125257
0.084902981
0.077050343
0.067905347
0.05719828
0.045412579
0.032690881
0.019031035
0.0047203744
-0.010362051
-0.025636345
-0.041567508
-0.057876026
-0.074326139
-0.091907977
-0.10891268
0
0
0
0
0
0
0
0
0
0
0
0
0
0
0
0
0
0
0
0
0
0
0
0
0
0
0
0
0
0
0
0
0
0
0
0
0
0
0
0
0
0
0
0
0
0
0
0
0
0
0
0
0
0
0
0
0
0
0
0
0
0.075974663
0.074814627
0.071282635
0.066802035
0.060928989
0.053554317
0.044783259
0.03497882
0.023606623
0.011479427
-0.0018521141
-0.015767573
-0.030181666
-0.045398062
-0.060759684
-0.076764731
-0.093142408
-0.10963616
0
0
0
0
0
0
0
0
0
0
0
0
0
0
0
0
0
0
0
0
0
0
0
0
0
0
0
0
0
0
0
0
0
0
0
0
0
0
0
0
0
0
0
0
0
0
0
0
0
0
0
0
0
0
0
0
0
0
0
0
0
0
0.051004881
0.049896257
0.046498346
0.042568367
0.036712001
0.029890303
0.021537897
0.01208996
0.0013112028
-0.010413746
-0.022725159
-0.036397076
-0.050432211
-0.065262498
-0.080317487
-0.096004808
-0.11196267
0
0
0
0
0
0
0
0
0
0
0
0
0
0
0
0
0
0
0
0
0
0
0
0
0
0
0
0
0
0
0
0
0
0
0
0
0
0
0
0
0
0
0
0
0
0
0
0
0
0
0
0
0
0
0
0
0
0
0
0
0
0
0
0.0260351
0.024977888
0.021714057
0.017993954
0.012435708
0.005916311
-0.0019581296
-0.010981495
-0.02084061
-0.032219701
-0.044285911
-0.05741589
-0.071069161
-0.085335511
-0.10029954
-0.11544168
0
0
0
0
0
0
0
0
0
0
0
0
0
0
0
0
0
0
0
0
0
0
0
0
0
0
0
0
0
0
0
0
0
0
0
0
0
0
0
0
0
0
0
0
0
0
0
0
0
0
0
0
0
0
0
0
0
0
0
0
0
0
0
0
0.0010653185
5.9517988e-05
-0.003070232
-0.0065804595
-0.01191468
-0.018057681
-0.025454156
-0.034027361
-0.04372947
-0.054578953
-0.066242474
-0.078492335
-0.091962346
-0.10587058
-0.12023981
0
0
0
0
0
0
0
0
0
0
0
0
0
0
0
0
0
0
0
0
0
0
0
0
0
0
0
0
0
0
0
0
0
0
0
0
0
0
0
0
0
0
0
0
0
0
0
0
0
0
0
0
0
0
0
0
0
0
0
0
0
0
0
0
0
-0.023904463
-0.024858852
-0.027854521
-0.031154873
-0.036237902
-0.042068505
-0.049103711
-0.057475885
-0.066750146
-0.076937341
-0.088112919
-0.10005309
-0.11270016
0
0
0
0
0
0
0
0
0
0
0
0
0
0
0
0
0
0
0
0
0
0
0
0
0
0
0
0
0
0
0
0
0
0
0
0
0
0
0
0
0
0
0
0
0
0
0
0
0
0
0
0
0
0
0
0
0
0
0
0
0
0
0
0
0
0
0
-0.048874245
-0.049777221
-0.05263881
-0.055729286
-0.060561124
-0.066344798
-0.073077703
-0.080971911
-0.089796012
-0.099551667
-0.11047131
0
0
0
0
0
0
0
0
0
0
0
0
0
0
0
0
0
0
0
0
0
0
0
0
0
0
0
0
0
0
0
0
0
0
0
0
0
0
0
0
0
0
0
0
0
0
0
0
0
0
0
0
0
0
0
0
0
0
0
0
0
0
0
0
0
0
0
0
0
-0.073844026
-0.074695591
-0.077423099
-0.0803037
-0.084872675
-0.09062109
-0.097051695
-0.10446794
0
0
0
0
0
0
0
0
0
0
0
0
0
0
0
0
0
0
0
0
0
0
0
0
0
0
0
0
0
0
0
0
0
0
0
0
0
0
0
0
0
0
0
0
0
0
0
0
0
0
0
0
0
0
0
0
0
0
0
0
0
0
0
0
0
0
0
0
0
0
0
0
0
0
0
0
0
0
0
0
0
0
0
0
0
0
0
0
0
0
0
0
0
0
0
0
0
0
0
0
0
0
0
0
0
0
0
0
0
0
0
0
0
0
0
0
0
0
0
0
0
0
0
0
0
0
0
0
0
0
0
0
0
0
0
0
0
0
0
0
0
0
0
0
0
0
0
0
0
0
0
0
0
0
0
0
0
0
0
0
0
0
0
0
0
0
0
0
0
0
0
0
0
0
0
0
0
0
0
0
0
0
0
0
0
0
0
0
0
0
0
0
0
0
0
0
0
0
0
0
0
0
0
0
0
0
0
0
0
0
0
0
0
0
0
0
0
0
0
0
0
0
0
0
0
0
0
0
0
0
0
0
0
0
0
0
0
0
0
0
0
0
0
0
0
0
0
0
0
0
0
0
0
0
0
0
0
0
0
0
0
0
0
0
0
0
0
0
0
0
0
0
0
0
0
0
0
0
0
0
0
0
0
0
0
0
0
0
0
0
0
0
0
0
0
0
0
0
0
0
0
0
0
0
0
0
0
0
0
0
0
0
0
0
0
0
0
0
0
0
0
0
0
0
0
0
0
0
0
0
0
0
0
0
0
0
0
0
0
0
0
0
0
0
0
0
0
0
0
0
0
0
0
0
0
0
0
0
0
0
0
0
0
0
0
0
0
0
0
0
0
0
0
0
0
0
0
0
0
0
0
0
0
0
0
0
0
0
0
0
0
0
0
0
0
0
0
0
0
0
0
0
0
0
0
0
0
0
0
0
0
0
0
0
0
0
0
0
0
0
0
0
0
0
0
0
0
0
0
0
0
0
0
0
0
0
0
0
0
0
0
0
0
0
0
0
0
0
0
0
0
0
0
0
0
0
0
0
0
0
0
0
0
0
0
0
0
0
0
0
0
0
0
0
0
0
0
0
0
0
0
0
0
0
0
0
0
0
0
0
0
0
0
0
0
0
0
0
0
0
0
0
0
0
0
0
0
0
0
0
0
0
0
0
0
0
0
0
0
0
0
0
0
0
0
0
0
0
0
0
0
0
0
0
0
0
0
0
0
0
0
0
0
0
0
0
0
0
0
0
0
0
0
0
0
0
0
0
0
0
0
0
0
0
0
0
0
0
0
0
0
0
0
0
0
0
0
0
0
0
0
0
0
0
0
0
0
0
0
0
0
0
0
0
0
0
0
0
0
0
0
0
0
0
0
0
0
0
0
0
0
0
0
0
0
0
0
0
0
0
0
0
0
0
0
0
0
0
0
0
0
0
0
0
0
0
0
0
0
0
0
0
0
0
0
0
0
0
0
0
0
0
0
0
0
0
0
0
0
0
0
0
0
0
0
0
0
0
0
0
0
0
0
0
0
0
0
0
0
0
0
0
0
0
0
0
0
0
0
0
0
0
0
0
0
0
0
0
0
0
0
0
0
0
0
0
0
0
0
0
0
0
0
0
0
0
0
0
0
0
0
0
0
0
0
0
0
0
0
0
0
0
0
0
0
0
0
0
0
0
0
0
0
0
0
0
0
0
0
0
0
0
0
0
0
0
0
0
0
0
0
0
0
0
0
0
0
0
0
0
0
0
0
0
0
0
0
0
0
0
0
0
0
0
0
0
0
0
0
0
0
0
0
0
0
0
0
0
0
0
0
0
0
0
0
0
0
0
0
0
0
0
0
0
0
0
0
0
0
0
0
0
0
0
0
0
0
0
0
0
0
0
0
0
0
0
0
0
0
0
0
0
0
0
0
0
0
0
0
0
0
0
0
0
0
0
0
0
0
0
0
0
0
0
0
0
0
0
0
0
0
0
0
0
0
0
0
0
0
0
0
0
0
0
0
0
0
0
0
0
0
0
0
0
0
0
0
0
0
0
0
0
0
0
0
0
0
0
0
0
0
0
0
0
0
0
0
0
0
0
0
0
0
0
0
0
0
0
0
0
0
0
0
0
0
0
0
0
0
0
0
0
0
0
0
0
0
0
0
0
0
0
0
0
0
0
0
0
0
0
0
0
0
0
0
0
0
0
0
0
0
0
0
0
0
0
0
0
0
0
0
0
0
0
0
0
0
0
0
0
0
0
0
0
0
0
0
0
0
0
0
0
0
0
0
0
0
0
0
0
0
0
0
0
0
0
0
0
0
0
0
0
0
0
0
0
0
0
0
0
0
0
0
0
0
0
0
0
0
0
0
0
0
0
0
0
0
0
0
0
0
0
0
0
0
0
0
0
0
0
0
0
0
0
0
0
0
0
0
0
0
0
0
0
0
0
0
0
0
0
0
0
0
0
0
0
0
0
0
0
0
0
0
0
0
0
0
0
0
0
0
0
0
0
0
0
0
0
0
0
0
0
0
0
0
0
0
0
0
0
0
0
0
0
0
0
0
0
0
0
0
0
0
0
0
0
0
0
0
0
0
0
0
0
0
0
0
0
0
0
0
0
0
0
0
0
0
0
0
0
0
0
0
0
0
0
0
0
0
0
0
0
0
0
0
0
0
0
0
0
0
0
0
0
0
0
0
0
0
0
0
0
0
0
0
0
0
0
0
0
0
0
0
0
0
0
0
0
0
0
0
0
0
0
0
0
0
0
0
0
0
0
0
0
0
0
0
0
0
0
0
0
0
0
0
0
0
0
0
0
0
0
0
0
0
0
0
0
0
0
0
0
0
0
0
0
0
0
0
0
0
0
0
0
0
0
0
0
0
0
0
0
0
0
0
0
0
0
0
0
0
0
0
0
0
0
0
0
0
0
0
0
0
0
0
0
0
0
0
0
0
0
0
0
0
0
0
0
0
0
0
0
0
0
0
0
0
0
0
0
0
0
0
0
0
0
0
0
0
0
0
0
0
0
0
0
0
0
0
0
0
0
0
0
0
0
0
0
0
0
0
0
)
;

boundaryField
{
    bottom
    {
        type            calculated;
        value           nonuniform List<scalar> 0();
    }
    top
    {
        type            calculated;
        value           nonuniform List<scalar> 0();
    }
    right
    {
        type            calculated;
        value           nonuniform List<scalar> 0();
    }
    back
    {
        type            wedge;
    }
    front
    {
        type            wedge;
    }
    axis
    {
        type            empty;
    }
    procBoundary2to0
    {
        type            processor;
        value           uniform 0;
    }
    procBoundary2to3
    {
        type            processor;
        value           nonuniform List<scalar> 
80
(
0
0
0
0
0
0
0
0
0
0
0
0
0
0
0
0
0.087005573
0.062005578
0.037005584
0.012005589
-0.012994406
-0.037994401
-0.062994396
0
0
0
0
0
0
0
0
0
0
0
0
0
0
0
0
0
0
0
0
0
0
0
0
0
0
0
0
0
0
0
0
0
0
0
0
0
0
0
0
0
0
0
0
0
0
0
0
0
0
0
0
0
0
0
0
0
)
;
    }
    procBoundary2to4
    {
        type            processor;
        value           uniform 0;
    }
}


// ************************************************************************* //
