/*--------------------------------*- C++ -*----------------------------------*\
| =========                 |                                                 |
| \\      /  F ield         | OpenFOAM: The Open Source CFD Toolbox           |
|  \\    /   O peration     | Version:  2306                                  |
|   \\  /    A nd           | Website:  www.openfoam.com                      |
|    \\/     M anipulation  |                                                 |
\*---------------------------------------------------------------------------*/
FoamFile
{
    version     2.0;
    format      ascii;
    arch        "LSB;label=32;scalar=64";
    class       volScalarField;
    location    "0.08";
    object      K_;
}
// * * * * * * * * * * * * * * * * * * * * * * * * * * * * * * * * * * * * * //

dimensions      [0 -1 0 0 0 0 0];

internalField   nonuniform List<scalar> 
6400
(
0
0
0
0
0
0
0
0
0
0
0
0
0
0
0
0
0
0
0
0
0
0
0
0
0
0
0
0
0
0
0
0
0
0
0
0
0
0
0
0
0
0
0
0
0
0
0
0
0
0
0
0
0
0
0
0
0
0
0
0
0
0
0
0
0
0
0
0
0
0
0
0
0
0
0
0
0
0
0
0
0
0
0
0
0
0
0
0
0
0
0
0
0
0
0
0
0
0
0
0
0
0
0
0
0
0
0
0
0
0
0
0
0
0
0
0
0
0
0
0
0
0
0
0
0
0
0
0
0
0
0
0
0
0
0
0
0
0
0
0
0
0
0
0
0
0
0
0
0
0
0
0
0
0
0
0
0
0
0
0
0
0
0
0
0
0
0
0
0
0
0
0
0
0
0
0
0
0
0
0
0
0
0
0
0
0
0
0
0
0
0
0
0
0
0
0
0
0
0
0
0
0
0
0
0
0
0
0
0
0
0
0
0
0
0
0
0
0
0
0
0
0
0
0
0
0
0
0
0
0
0
0
0
0
0
0
0
0
0
0
0
0
0
0
0
0
0
0
0
0
0
0
0
0
0
0
0
0
0
0
0
0
0
0
0
0
0
0
0
0
0
0
0
0
0
0
0
0
0
0
0
0
0
0
0
0
0
0
0
0
0
0
0
0
0
0
0
0
0
0
0
0
0
0
0
0
0
0
0
0
0
0
0
0
0
0
0
0
0
0
0
0
0
0
0
0
0
0
0
0
0
0
0
0
0
0
0
0
0
0
0
0
0
0
0
0
0
0
0
0
0
0
0
0
0
0
0
0
0
0
0
0
0
0
0
0
0
0
0
0
0
0
0
0
0
0
0
0
0
0
0
0
0
0
0
0
0
0
0
0
0
0
0
0
0
0
0
0
0
0
0
0
0
0
0
0
0
0
0
0
0
0
0
0
0
0
0
0
0
0
0
0
0
0
0
0
0
0
0
0
0
0
0
0
0
0
0
0
0
0
0
0
0
0
0
0
0
0
0
0
0
0
0
0
0
0
0
0
0
0
0
0
0
0
0
0
0
0
0
0
0
0
0
0
0
0
0
0
0
0
0
0
0
0
0
0
0
0
0
0
0
0
0
0
0
0
0
0
0
0
0
0
0
0
0
0
0
0
0
0
0
0
0
0
0
0
0
0
0
0
0
0
0
0
0
0
0
0
0
0
0
0
0
0
0
0
0
0
0
0
0
0
0
0
0
0
0
0
0
0
0
0
0
0
0
0
0
0
0
0
0
0
0
0
0
0
0
0
0
0
0
0
0
0
0
0
0
0
0
0
0
0
0
0
0
0
0
0
0
0
0
0
0
0
0
0
0
0
0
0
0
0
0
0
0
0
0
0
0
0
0
0
0
0
0
0
0
0
0
0
0
0
0
0
0
0
0
0
0
0
0
0
0
0
0
0
0
0
0
0
0
0
0
0
0
0
0
0
0
0
0
0
0
0
0
0
0
0
0
0
0
0
0
0
0
0
0
0
0
0
0
0
0
0
0
0
0
0
0
0
0
0
0
0
0
0
0
0
0
0
0
0
0
0
0
0
0
0
0
0
0
0
0
0
0
0
0
0
0
0
0
0
0
0
0
0
0
0
0
0
0
0
0
0
0
0
0
0
0
0
0
0
0
0
0
0
0
0
0
0
0
0
0
0
0
0
0
0
0
0
0
0
0
0
0
0
0
0
0
0
0
0
0
0
0
0
0
0
0
0
0
0
0
0
0
0
0
0
0
0
0
0
0
0
0
0
0
0
0
0
0
0
0
0
0
0
0
0
0
0
0
0
0
0
0
0
0
0
0
0
0
0
0
0
0
0
0
0
0
0
0
0
0
0
0
0
0
0
0
0
0
0
0
0
0
0
0
0
0
0
0
0
0
0
0
0
0
0
0
0
0
0
0
0
0
0
0
0
0
0
0
0
0
0
0
0
0
0
0
0
0
0
0
0
0
0
0
0
0
0
0
0
0
0
0
0
0
0
0
0
0
0
0
0
0
0
0
0
0
0
0
0
0
0
0
0
0
0
0
0
0
0
0
0
0
0
0
0
0
0
0
0
0
0
0
0
0
0
0
0
0
0
0
0
0
0
0
0
0
0
0
0
0
0
0
0
0
0
0
0
0
0
0
0
0
0
0
0
0
0
0
0
0
0
0
0
0
0
0
0
0
0
0
0
0
0
0
0
0
0
0
0
0
0
0
0
0
0
0
0
0
0
0
0
0
0
0
0
0
0
0
0
0
0
0
0
0
0
0
0
0
0
0
0
0
0
0
0
0
0
0
0
0
0
0
0
0
0
0
0
0
0
0
0
0
0
0
0
0
0
0
0
0
0
0
0
0
0
0
0
0
0
0
0
0
0
0
0
0
0
0
0
0
0
0
0
0
0
0
0
0
0
0
0
0
0
0
0
0
0
0
0
0
0
0
0
0
0
0
0
0
0
0
0
0
0
0
0
0
0
0
0
0
0
0
0
0
0
0
0
0
0
0
0
0
0
0
0
0
0
0
0
0
0
0
0
0
0
0
0
0
0
0
0
0
0
0
0
0
0
0
0
0
0
0
0
0
0
0
0
0
0
0
0
0
0
0
0
0
0
0
0
0
0
0
0
0
0
0
0
0
0
0
0
0
0
0
0
0
0
0
0
0
0
0
0
0
0
0
0
0
0
0
0
0
0
0
0
0
0
0
-41.050557
-41.050557
-41.050557
-41.050557
-41.050557
-41.050557
-41.050557
0
0
0
0
0
0
0
0
0
0
0
0
0
0
0
0
0
0
0
0
0
0
0
0
0
0
0
0
0
0
0
0
0
0
0
0
0
0
0
0
0
0
0
0
0
0
0
0
0
0
0
0
0
0
0
0
0
0
0
0
0
0
0
0
0
0
0
0
0
0
0
0
-21.894142
-17.763816
-41.050557
-41.050557
-41.050557
-41.050557
-41.050557
-41.050557
0
0
0
0
0
-3.1268865
-5.5321909
-5.5321909
-7.7579329
-6.5515842
-6.5515842
-4.6893366
-2.8526133
-1.2985314
-0.16053487
0.49487806
0.83398755
0.93843359
0.88381769
0.71741088
0.49287618
0.27184513
0.1027421
0.0029736204
-0.037778468
-0.041876248
-0.029640841
-0.013747964
-0.00079675751
0.0067947136
0.0096000984
0.0094445028
0.0080167204
0.0063996851
0.0050905584
0.0041791317
0.0035685154
0.0031355289
0.0027948325
0.0025029188
0.0022429659
0.0020101446
0.0018029317
0.001619707
0.0014581794
0.0013157422
0.0011898704
0.0010783264
0.00097920419
0.00089089418
0.00081203174
0.00074145224
0.00067815484
0.00062127818
0.00057007661
0.0005238982
0.00048217149
0.00044440285
0.00041016487
0.00037907808
0.00035080361
0.0003250469
0.00030155524
0.00028010233
0.00026048069
0.00024250553
0.00022602059
0.00021088789
0.00019697841
0.00018417404
0.00017237387
0.00016149096
-21.894142
-31.836201
-41.050557
-41.050557
-41.050557
-41.050557
-41.050557
-41.050557
0
0
0
0
-0.90156039
-1.1657303
-3.1268865
-5.5321909
-7.7579329
-7.7579329
-6.5515842
-4.6893366
-2.8526133
-1.2985314
-0.16053487
0.49487806
0.83398755
0.93843359
0.88381769
0.71741088
0.49287618
0.27184513
0.1027421
0.0029736204
-0.037778468
-0.041876248
-0.029640841
-0.013747964
-0.00079675751
0.0067947136
0.0096000984
0.0094445028
0.0080167204
0.0063996851
0.0050905584
0.0041791317
0.0035685154
0.0031355289
0.0027948325
0.0025029188
0.0022429659
0.0020101446
0.0018029317
0.001619707
0.0014581794
0.0013157422
0.0011898704
0.0010783264
0.00097920419
0.00089089418
0.00081203174
0.00074145224
0.00067815484
0.00062127818
0.00057007661
0.0005238982
0.00048217149
0.00044440285
0.00041016487
0.00037907808
0.00035080361
0.0003250469
0.00030155524
0.00028010233
0.00026048069
0.00024250553
0.00022602059
0.00021088789
0.00019697841
0.00018417404
0.00017237387
0.00016149096
-21.894142
-31.836201
-17.763816
-41.050557
-41.050557
-41.050557
-41.050557
-41.050557
0
-26.998648
-26.998648
-7.0734708
-7.0734708
-0.90156039
-3.1268865
-5.5321909
-5.5321909
-7.7579329
-6.5515842
-4.6893366
-2.8526133
-1.2985314
-0.16053487
0.49487806
0.83398755
0.93843359
0.88381769
0.71741088
0.49287618
0.27184513
0.1027421
0.0029736204
-0.037778468
-0.041876248
-0.029640841
-0.013747964
-0.00079675751
0.0067947136
0.0096000984
0.0094445028
0.0080167204
0.0063996851
0.0050905584
0.0041791317
0.0035685154
0.0031355289
0.0027948325
0.0025029188
0.0022429659
0.0020101446
0.0018029317
0.001619707
0.0014581794
0.0013157422
0.0011898704
0.0010783264
0.00097920419
0.00089089418
0.00081203174
0.00074145224
0.00067815484
0.00062127818
0.00057007661
0.0005238982
0.00048217149
0.00044440285
0.00041016487
0.00037907808
0.00035080361
0.0003250469
0.00030155524
0.00028010233
0.00026048069
0.00024250553
0.00022602059
0.00021088789
0.00019697841
0.00018417404
0.00017237387
0.00016149096
-21.894142
-31.836201
-17.763816
-24.744151
-36.948907
-36.948907
-36.948907
-36.948907
-36.948907
-26.998648
-26.998648
-7.0734708
-7.0734708
-0.90156039
-1.1657303
-3.1268865
-5.5321909
-7.7579329
-6.5515842
-4.6893366
-2.8526133
-1.2985314
-0.16053487
0.49487806
0.83398755
0.93843359
0.88381769
0.71741088
0.49287618
0.27184513
0.1027421
0.0029736204
-0.037778468
-0.041876248
-0.029640841
-0.013747964
-0.00079675751
0.0067947136
0.0096000984
0.0094445028
0.0080167204
0.0063996851
0.0050905584
0.0041791317
0.0035685154
0.0031355289
0.0027948325
0.0025029188
0.0022429659
0.0020101446
0.0018029317
0.001619707
0.0014581794
0.0013157422
0.0011898704
0.0010783264
0.00097920419
0.00089089418
0.00081203174
0.00074145224
0.00067815484
0.00062127818
0.00057007661
0.0005238982
0.00048217149
0.00044440285
0.00041016487
0.00037907808
0.00035080361
0.0003250469
0.00030155524
0.00028010233
0.00026048069
0.00024250553
0.00022602059
0.00021088789
0.00019697841
0.00018417404
0.00017237387
0.00016149096
-39.641882
-54.589684
-67.801535
-26.494047
-36.948907
-36.948907
-36.948907
-36.948907
-26.998648
-26.998648
-26.998648
-26.998648
-7.0734708
-0.65241159
-0.90156039
-1.1657303
-3.1268865
-5.5321909
-6.5515842
-4.6893366
-2.8526133
-1.2985314
-0.16053487
0.49487806
0.83398755
0.93843359
0.88381769
0.71741088
0.49287618
0.27184513
0.1027421
0.0029736204
-0.037778468
-0.041876248
-0.029640841
-0.013747964
-0.00079675751
0.0067947136
0.0096000984
0.0094445028
0.0080167204
0.0063996851
0.0050905584
0.0041791317
0.0035685154
0.0031355289
0.0027948325
0.0025029188
0.0022429659
0.0020101446
0.0018029317
0.001619707
0.0014581794
0.0013157422
0.0011898704
0.0010783264
0.00097920419
0.00089089418
0.00081203174
0.00074145224
0.00067815484
0.00062127818
0.00057007661
0.0005238982
0.00048217149
0.00044440285
0.00041016487
0.00037907808
0.00035080361
0.0003250469
0.00030155524
0.00028010233
0.00026048069
0.00024250553
0.00022602059
0.00021088789
0.00019697841
0.00018417404
0.00017237387
0.00016149096
-45.56342
-45.56342
-44.49421
-37.196721
-37.196721
-37.196721
-36.948907
-36.948907
-26.998648
-26.998648
-26.998648
-26.998648
-7.0734708
1.8186539
-0.65241159
-0.90156039
-1.1657303
-3.1268865
-7.7579329
-4.6893366
-2.8526133
-1.2985314
-0.16053487
0.49487806
0.83398755
0.93843359
0.88381769
0.71741088
0.49287618
0.27184513
0.1027421
0.0029736204
-0.037778468
-0.041876248
-0.029640841
-0.013747964
-0.00079675751
0.0067947136
0.0096000984
0.0094445028
0.0080167204
0.0063996851
0.0050905584
0.0041791317
0.0035685154
0.0031355289
0.0027948325
0.0025029188
0.0022429659
0.0020101446
0.0018029317
0.001619707
0.0014581794
0.0013157422
0.0011898704
0.0010783264
0.00097920419
0.00089089418
0.00081203174
0.00074145224
0.00067815484
0.00062127818
0.00057007661
0.0005238982
0.00048217149
0.00044440285
0.00041016487
0.00037907808
0.00035080361
0.0003250469
0.00030155524
0.00028010233
0.00026048069
0.00024250553
0.00022602059
0.00021088789
0.00019697841
0.00018417404
0.00017237387
0.00016149096
-45.56342
-45.56342
-44.49421
-44.49421
-37.196721
-37.196721
-37.196721
-26.998648
-26.998648
-26.998648
-26.998648
-26.998648
-25.374419
-1.3454412
-1.0681246
-0.65241159
-0.90156039
-1.1657303
-7.7579329
-4.6893366
-2.8526133
-1.2985314
-0.16053487
0.49487806
0.83398755
0.93843359
0.88381769
0.71741088
0.49287618
0.27184513
0.1027421
0.0029736204
-0.037778468
-0.041876248
-0.029640841
-0.013747964
-0.00079675751
0.0067947136
0.0096000984
0.0094445028
0.0080167204
0.0063996851
0.0050905584
0.0041791317
0.0035685154
0.0031355289
0.0027948325
0.0025029188
0.0022429659
0.0020101446
0.0018029317
0.001619707
0.0014581794
0.0013157422
0.0011898704
0.0010783264
0.00097920419
0.00089089418
0.00081203174
0.00074145224
0.00067815484
0.00062127818
0.00057007661
0.0005238982
0.00048217149
0.00044440285
0.00041016487
0.00037907808
0.00035080361
0.0003250469
0.00030155524
0.00028010233
0.00026048069
0.00024250553
0.00022602059
0.00021088789
0.00019697841
0.00018417404
0.00017237387
0.00016149096
-45.56342
-45.56342
-44.49421
-44.49421
-37.196721
-37.196721
-37.196721
0
-26.998648
-19.387164
-19.387164
-19.387164
-11.382176
-2.1015417
-2.1015417
-2.1015417
-1.0681246
-1.1657303
-3.1268865
-4.6893366
0
0
0
0
0
0
0
0
0
0
0
0
0
0
0
0
0
0
0
0
0
0
0
0
0
0
0
0
0
0
0
0
0
0
0
0
0
0
0
0
0
0
0
0
0
0
0
0
0
0
0
0
0
0
0
0
0
0
0
0
-45.56342
-45.56342
-44.49421
-44.49421
-44.49421
-37.196721
-37.196721
0
-19.387164
-19.387164
-19.387164
-19.387164
-0.094556026
-0.094556026
-0.094556026
-2.1015417
-2.1015417
-2.1015417
-1.1657303
0
0
0
0
0
0
0
0
0
0
0
0
0
0
0
0
0
0
0
0
0
0
0
0
0
0
0
0
0
0
0
0
0
0
0
0
0
0
0
0
0
0
0
0
0
0
0
0
0
0
0
0
0
0
0
0
0
0
0
0
0
0
0
0
0
0
0
0
0
-19.387164
-1.2714939
-1.2714939
-1.2714939
-1.2714939
2.175021
2.175021
-0.094556026
-0.094556026
-2.1015417
0
0
0
0
0
0
0
0
0
0
0
0
0
0
0
0
0
0
0
0
0
0
0
0
0
0
0
0
0
0
0
0
0
0
0
0
0
0
0
0
0
0
0
0
0
0
0
0
0
0
0
0
0
0
0
0
0
0
0
0
0
0
0
0
0
0
0
0
0
0
-6.4650466
-6.4650466
-6.4650466
-6.4650466
-6.4650466
-6.4650466
-6.4650466
-7.1993714
-4.4571851
-0.77022105
2.0802589
0
0
0
0
0
0
0
0
0
0
0
0
0
0
0
0
0
0
0
0
0
0
0
0
0
0
0
0
0
0
0
0
0
0
0
0
0
0
0
0
0
0
0
0
0
0
0
0
0
0
0
0
0
0
0
0
0
0
0
0
0
0
0
0
0
0
0
0
0
0
-7.5446775
-7.5446775
-7.5446775
-7.5446775
-7.1993714
-4.4571851
-2.6195071
-0.77022105
2.0802589
2.0802589
3.2644148
0
0
0
0
0
0
0
0
0
0
0
0
0
0
0
0
0
0
0
0
0
0
0
0
0
0
0
0
0
0
0
0
0
0
0
0
0
0
0
0
0
0
0
0
0
0
0
0
0
0
0
0
0
0
0
0
0
0
0
0
0
0
0
0
0
0
0
0
0
-7.5446775
-7.5446775
-7.1993714
-7.1993714
-4.4571851
-2.6195071
-0.77022105
0.62742212
2.0802589
3.2644148
4.054379
4.054379
0
0
0
0
0
0
0
0
0
0
0
0
0
0
0
0
0
0
0
0
0
0
0
0
0
0
0
0
0
0
0
0
0
0
0
0
0
0
0
0
0
0
0
0
0
0
0
0
0
0
0
0
0
0
0
0
0
0
0
0
0
0
0
0
0
0
0
0
-7.1993714
-7.1993714
-4.4571851
-4.4571851
-2.6195071
-0.77022105
0.62742212
2.0802589
3.2644148
4.054379
4.054379
5.3998948
0
0
0
0
0
0
0
0
0
0
0
0
0
0
0
0
0
0
0
0
0
0
0
0
0
0
0
0
0
0
0
0
0
0
0
0
0
0
0
0
0
0
0
0
0
0
0
0
0
0
0
0
0
0
0
0
0
0
0
0
0
0
0
0
0
0
0
0
-4.4571851
-4.4571851
-4.4571851
-2.6195071
-0.77022105
0.62742212
2.0802589
3.2644148
4.054379
4.6705807
5.3998948
5.3998948
5.731467
0
0
0
0
0
0
0
0
0
0
0
0
0
0
0
0
0
0
0
0
0
0
0
0
0
0
0
0
0
0
0
0
0
0
0
0
0
0
0
0
0
0
0
0
0
0
0
0
0
0
0
0
0
0
0
0
0
0
0
0
0
0
0
0
0
0
0
0
-2.6195071
-2.6195071
-0.77022105
0.62742212
2.0802589
3.2644148
4.054379
4.6705807
5.3998948
5.3998948
5.731467
5.6523161
0
0
0
0
0
0
0
0
0
0
0
0
0
0
0
0
0
0
0
0
0
0
0
0
0
0
0
0
0
0
0
0
0
0
0
0
0
0
0
0
0
0
0
0
0
0
0
0
0
0
0
0
0
0
0
0
0
0
0
0
0
0
0
0
0
0
0
0
0
0.62742212
0.62742212
0.62742212
3.2644148
4.054379
4.6705807
5.3998948
5.731467
5.731467
5.6523161
5.4297601
5.4297601
0
0
0
0
0
0
0
0
0
0
0
0
0
0
0
0
0
0
0
0
0
0
0
0
0
0
0
0
0
0
0
0
0
0
0
0
0
0
0
0
0
0
0
0
0
0
0
0
0
0
0
0
0
0
0
0
0
0
0
0
0
0
0
0
0
0
0
0
0
0.62742212
3.2644148
4.054379
4.6705807
5.3998948
5.731467
5.6523161
5.6523161
5.4297601
5.4297601
5.3884339
0
0
0
0
0
0
0
0
0
0
0
0
0
0
0
0
0
0
0
0
0
0
0
0
0
0
0
0
0
0
0
0
0
0
0
0
0
0
0
0
0
0
0
0
0
0
0
0
0
0
0
0
0
0
0
0
0
0
0
0
0
0
0
0
0
0
0
0
0
0
4.6705807
4.6705807
5.731467
5.6523161
5.6523161
5.4297601
5.4297601
5.3884339
5.3884339
5.2524813
0
0
0
0
0
0
0
0
0
0
0
0
0
0
0
0
0
0
0
0
0
0
0
0
0
0
0
0
0
0
0
0
0
0
0
0
0
0
0
0
0
0
0
0
0
0
0
0
0
0
0
0
0
0
0
0
0
0
0
0
0
0
0
0
0
0
0
0
0
0
0
5.6523161
5.6523161
5.4297601
5.3884339
5.3884339
5.2524813
5.2524813
4.9238803
4.9238803
0
0
0
0
0
0
0
0
0
0
0
0
0
0
0
0
0
0
0
0
0
0
0
0
0
0
0
0
0
0
0
0
0
0
0
0
0
0
0
0
0
0
0
0
0
0
0
0
0
0
0
0
0
0
0
0
0
0
0
0
0
0
0
0
0
0
0
0
0
0
0
5.4297601
5.3884339
5.2524813
5.2524813
4.9238803
4.9238803
4.9238803
4.9238803
4.5310282
0
0
0
0
0
0
0
0
0
0
0
0
0
0
0
0
0
0
0
0
0
0
0
0
0
0
0
0
0
0
0
0
0
0
0
0
0
0
0
0
0
0
0
0
0
0
0
0
0
0
0
0
0
0
0
0
0
0
0
0
0
0
0
0
0
0
0
0
0
0
0
0
4.9238803
4.9238803
4.5310282
4.5310282
4.5310282
4.5310282
4.5310282
4.5310282
0
0
0
0
0
0
0
0
0
0
0
0
0
0
0
0
0
0
0
0
0
0
0
0
0
0
0
0
0
0
0
0
0
0
0
0
0
0
0
0
0
0
0
0
0
0
0
0
0
0
0
0
0
0
0
0
0
0
0
0
0
0
0
0
0
0
0
0
0
0
0
0
4.5310282
4.5310282
4.2295951
4.2295951
4.2295951
4.2295951
4.2295951
4.2295951
0
0
0
0
0
0
0
0
0
0
0
0
0
0
0
0
0
0
0
0
0
0
0
0
0
0
0
0
0
0
0
0
0
0
0
0
0
0
0
0
0
0
0
0
0
0
0
0
0
0
0
0
0
0
0
0
0
0
0
0
0
0
0
0
0
0
0
0
0
0
0
0
0
4.0715293
4.0715293
4.0715293
4.0715293
4.0715293
4.0715293
4.0715293
0
0
0
0
0
0
0
0
0
0
0
0
0
0
0
0
0
0
0
0
0
0
0
0
0
0
0
0
0
0
0
0
0
0
0
0
0
0
0
0
0
0
0
0
0
0
0
0
0
0
0
0
0
0
0
0
0
0
0
0
0
0
0
0
0
0
0
0
0
0
0
0
0
3.9973232
3.9973232
3.9973232
3.9973232
3.9973232
3.9973232
3.9973232
0
0
0
0
0
0
0
0
0
0
0
0
0
0
0
0
0
0
0
0
0
0
0
0
0
0
0
0
0
0
0
0
0
0
0
0
0
0
0
0
0
0
0
0
0
0
0
0
0
0
0
0
0
0
0
0
0
0
0
0
0
0
0
0
0
0
0
0
0
0
0
0
0
3.9776899
3.9776899
3.9776899
3.9776899
3.9776899
3.9776899
3.9776899
0
0
0
0
0
0
0
0
0
0
0
0
0
0
0
0
0
0
0
0
0
0
0
0
0
0
0
0
0
0
0
0
0
0
0
0
0
0
0
0
0
0
0
0
0
0
0
0
0
0
0
0
0
0
0
0
0
0
0
0
0
0
0
0
0
0
0
0
0
0
0
0
0
3.9813706
3.9813706
3.9813706
3.9813706
3.9813706
3.9813706
3.9813706
0
0
0
0
0
0
0
0
0
0
0
0
0
0
0
0
0
0
0
0
0
0
0
0
0
0
0
0
0
0
0
0
0
0
0
0
0
0
0
0
0
0
0
0
0
0
0
0
0
0
0
0
0
0
0
0
0
0
0
0
0
0
0
0
0
0
0
0
0
0
0
0
4.0214734
3.9958059
3.9958059
3.9958059
3.9958059
3.9958059
3.9958059
3.9958059
0
0
0
0
0
0
0
0
0
0
0
0
0
0
0
0
0
0
0
0
0
0
0
0
0
0
0
0
0
0
0
0
0
0
0
0
0
0
0
0
0
0
0
0
0
0
0
0
0
0
0
0
0
0
0
0
0
0
0
0
0
0
0
0
0
0
0
0
0
0
0
0
4.0362492
4.0362492
4.0214734
4.0214734
4.0214734
4.0214734
4.0214734
4.0214734
0
0
0
0
0
0
0
0
0
0
0
0
0
0
0
0
0
0
0
0
0
0
0
0
0
0
0
0
0
0
0
0
0
0
0
0
0
0
0
0
0
0
0
0
0
0
0
0
0
0
0
0
0
0
0
0
0
0
0
0
0
0
0
0
0
0
0
0
0
0
0
0
4.0260329
4.0260329
4.0362492
4.0362492
4.0362492
4.0362492
4.0362492
4.0214734
0
0
0
0
0
0
0
0
0
0
0
0
0
0
0
0
0
0
0
0
0
0
0
0
0
0
0
0
0
0
0
0
0
0
0
0
0
0
0
0
0
0
0
0
0
0
0
0
0
0
0
0
0
0
0
0
0
0
0
0
0
0
0
0
0
0
0
0
0
0
0
4.0500703
4.0269831
4.0269831
4.0222158
4.0222158
4.0260329
4.0260329
4.0362492
4.0362492
0
0
0
0
0
0
0
0
0
0
0
0
0
0
0
0
0
0
0
0
0
0
0
0
0
0
0
0
0
0
0
0
0
0
0
0
0
0
0
0
0
0
0
0
0
0
0
0
0
0
0
0
0
0
0
0
0
0
0
0
0
0
0
0
0
0
0
0
0
0
0
4.0337151
4.0500703
4.0500703
4.0269831
4.0269831
4.0211673
4.0211673
4.0211673
4.0260329
0
0
0
0
0
0
0
0
0
0
0
0
0
0
0
0
0
0
0
0
0
0
0
0
0
0
0
0
0
0
0
0
0
0
0
0
0
0
0
0
0
0
0
0
0
0
0
0
0
0
0
0
0
0
0
0
0
0
0
0
0
0
0
0
0
0
0
0
0
0
4.0376854
4.0376854
4.0198861
4.0337151
4.0500703
4.0500703
4.0500703
4.0269831
4.0269831
4.0211673
0
0
0
0
0
0
0
0
0
0
0
0
0
0
0
0
0
0
0
0
0
0
0
0
0
0
0
0
0
0
0
0
0
0
0
0
0
0
0
0
0
0
0
0
0
0
0
0
0
0
0
0
0
0
0
0
0
0
0
0
0
0
0
0
0
0
0
0
0
4.0222739
4.0181678
4.0385574
4.0376854
4.0198861
4.0198861
4.0337151
4.0337151
4.0500703
4.0500703
4.0500703
0
0
0
0
0
0
0
0
0
0
0
0
0
0
0
0
0
0
0
0
0
0
0
0
0
0
0
0
0
0
0
0
0
0
0
0
0
0
0
0
0
0
0
0
0
0
0
0
0
0
0
0
0
0
0
0
0
0
0
0
0
0
0
0
0
0
0
0
0
4.0304418
4.0222739
4.0181678
4.0385574
4.0385574
4.0376854
4.0198861
4.0198861
4.0337151
4.0337151
4.0500703
0
0
0
0
0
0
0
0
0
0
0
0
0
0
0
0
0
0
0
0
0
0
0
0
0
0
0
0
0
0
0
0
0
0
0
0
0
0
0
0
0
0
0
0
0
0
0
0
0
0
0
0
0
0
0
0
0
0
0
0
0
0
0
0
0
0
0
0
4.0159865
4.013124
4.013124
4.0222739
4.0222739
4.0181678
4.0385574
4.0376854
4.0376854
4.0198861
4.0198861
0
0
0
0
0
0
0
0
0
0
0
0
0
0
0
0
0
0
0
0
0
0
0
0
0
0
0
0
0
0
0
0
0
0
0
0
0
0
0
0
0
0
0
0
0
0
0
0
0
0
0
0
0
0
0
0
0
0
0
0
0
0
0
0
0
0
0
0
4.0212335
4.006843
4.0159865
4.0132171
4.013124
4.0304418
4.0222739
4.0181678
4.0181678
4.0385574
4.0376854
4.0376854
0
0
0
0
0
0
0
0
0
0
0
0
0
0
0
0
0
0
0
0
0
0
0
0
0
0
0
0
0
0
0
0
0
0
0
0
0
0
0
0
0
0
0
0
0
0
0
0
0
0
0
0
0
0
0
0
0
0
0
0
0
0
0
0
0
0
4.021727
4.0298885
4.0071848
4.0212335
4.006843
4.0159865
4.0132171
4.013124
4.0304418
4.0222739
4.0222739
4.0181678
4.0385574
0
0
0
0
0
0
0
0
0
0
0
0
0
0
0
0
0
0
0
0
0
0
0
0
0
0
0
0
0
0
0
0
0
0
0
0
0
0
0
0
0
0
0
0
0
0
0
0
0
0
0
0
0
0
0
0
0
0
0
0
0
0
0
0
0
0
4.0234565
4.0083907
4.021727
4.0071848
4.0126196
4.0212335
4.006843
4.0159865
4.0132171
4.013124
4.0304418
4.0304418
4.0222739
4.0181678
0
0
0
0
0
0
0
0
0
0
0
0
0
0
0
0
0
0
0
0
0
0
0
0
0
0
0
0
0
0
0
0
0
0
0
0
0
0
0
0
0
0
0
0
0
0
0
0
0
0
0
0
0
0
0
0
0
0
0
0
0
0
0
0
4.0078485
4.0124413
4.0234565
4.0271605
4.0083907
4.021727
4.0071848
4.0126196
4.0212335
4.006843
4.0159865
4.0132171
4.013124
4.013124
4.0304418
0
0
0
0
0
0
0
0
0
0
0
0
0
0
0
0
0
0
0
0
0
0
0
0
0
0
0
0
0
0
0
0
0
0
0
0
0
0
0
0
0
0
0
0
0
0
0
0
0
0
0
0
0
0
0
0
0
0
0
0
0
0
0
4.0202023
4.0240488
4.0050227
4.0078485
4.0037671
4.0234565
4.0271605
4.021727
4.0298885
4.0071848
4.0126196
4.0212335
4.006843
4.0159865
4.0132171
4.0132171
0
0
0
0
0
0
0
0
0
0
0
0
0
0
0
0
0
0
0
0
0
0
0
0
0
0
0
0
0
0
0
0
0
0
0
0
0
0
0
0
0
0
0
0
0
0
0
0
0
0
0
0
0
0
0
0
0
0
0
0
0
4.0113811
4.0128833
3.9980561
4.0202023
4.0240488
4.0050227
4.0078485
4.0124413
4.0037671
4.0271605
4.0083907
4.021727
4.0298885
4.0071848
4.0126196
4.0212335
4.006843
4.0159865
4.0132171
0
0
0
0
0
0
0
0
0
0
0
0
0
0
0
0
0
0
0
0
0
0
0
0
0
0
0
0
0
0
0
0
0
0
0
0
0
0
0
0
0
0
0
0
0
0
0
0
0
0
0
0
0
0
0
0
0
0
0
0
0
4.0113811
4.0128833
3.9980561
3.9992225
4.0202023
4.0134108
4.0050227
4.0078485
4.0037671
4.0234565
4.0271605
4.0083907
4.021727
4.0298885
4.0071848
4.0126196
4.0212335
4.006843
0
0
0
0
0
0
0
0
0
0
0
0
0
0
0
0
0
0
0
0
0
0
0
0
0
0
0
0
0
0
0
0
0
0
0
0
0
0
0
0
0
0
0
0
0
0
0
0
0
0
0
0
0
0
0
0
0
0
0
0
0
0
4.0113811
4.0128833
3.9980561
3.9992225
4.0202023
4.0240488
4.0050227
4.0078485
4.0124413
4.0037671
4.0234565
4.0083907
4.021727
4.0298885
4.0071848
4.0126196
4.0126196
0
0
0
0
0
0
0
0
0
0
0
0
0
0
0
0
0
0
0
0
0
0
0
0
0
0
0
0
0
0
0
0
0
0
0
0
0
0
0
0
0
0
0
0
0
0
0
0
0
0
0
0
0
0
0
0
0
0
0
0
0
0
0
4.0113811
4.0128833
3.9980561
3.9992225
4.0202023
4.0240488
4.0134108
4.0078485
4.0124413
4.0037671
4.0234565
4.0271605
4.0083907
4.021727
4.0298885
0
0
0
0
0
0
0
0
0
0
0
0
0
0
0
0
0
0
0
0
0
0
0
0
0
0
0
0
0
0
0
0
0
0
0
0
0
0
0
0
0
0
0
0
0
0
0
0
0
0
0
0
0
0
0
0
0
0
0
0
0
0
0
0
0
4.0113811
4.0128833
3.9980561
3.9992225
4.0202023
4.0240488
4.0134108
4.0050227
4.0078485
4.0124413
4.0037671
4.0234565
4.0271605
4.0083907
0
0
0
0
0
0
0
0
0
0
0
0
0
0
0
0
0
0
0
0
0
0
0
0
0
0
0
0
0
0
0
0
0
0
0
0
0
0
0
0
0
0
0
0
0
0
0
0
0
0
0
0
0
0
0
0
0
0
0
0
0
0
0
0
0
0
4.0113811
4.0128833
3.9980561
3.9992225
4.0202023
4.0202023
4.0134108
4.0050227
4.0078485
4.0124413
4.0037671
4.0234565
0
0
0
0
0
0
0
0
0
0
0
0
0
0
0
0
0
0
0
0
0
0
0
0
0
0
0
0
0
0
0
0
0
0
0
0
0
0
0
0
0
0
0
0
0
0
0
0
0
0
0
0
0
0
0
0
0
0
0
0
0
0
0
0
0
0
0
0
4.0113811
4.0128833
3.9980561
3.9992225
3.9992225
4.0202023
4.0240488
4.0050227
4.0078485
4.0078485
0
0
0
0
0
0
0
0
0
0
0
0
0
0
0
0
0
0
0
0
0
0
0
0
0
0
0
0
0
0
0
0
0
0
0
0
0
0
0
0
0
0
0
0
0
0
0
0
0
0
0
0
0
0
0
0
0
0
0
0
0
0
0
0
0
0
0
0
0
0
0
0
0
0
0
0
0
0
0
0
0
0
0
0
0
0
0
0
0
0
0
0
0
0
0
0
0
0
0
0
0
0
0
0
0
0
0
0
0
0
0
0
0
0
0
0
0
0
0
0
0
0
0
0
0
0
0
0
0
0
0
0
0
0
0
0
0
0
0
0
0
0
0
0
0
0
0
0
0
0
0
0
0
0
0
0
0
0
0
0
0
0
0
0
0
0
0
0
0
0
0
0
0
0
0
0
0
0
0
0
0
0
0
0
0
0
0
0
0
0
0
0
0
0
0
0
0
0
0
0
0
0
0
0
0
0
0
0
0
0
0
0
0
0
0
0
0
0
0
0
0
0
0
0
0
0
0
0
0
0
0
0
0
0
0
0
0
0
0
0
0
0
0
0
0
0
0
0
0
0
0
0
0
0
0
0
0
0
0
0
0
0
0
0
0
0
0
0
0
0
0
0
0
0
0
0
0
0
0
0
0
0
0
0
0
0
0
0
0
0
0
0
0
0
0
0
0
0
0
0
0
0
0
0
0
0
0
0
0
0
0
0
0
0
0
0
0
0
0
0
0
0
0
0
0
0
0
0
0
0
0
0
0
0
0
0
0
0
0
0
0
0
0
0
0
0
0
0
0
0
0
0
0
0
0
0
0
0
0
0
0
0
0
0
0
0
0
0
0
0
0
0
0
0
0
0
0
0
0
0
0
0
0
0
0
0
0
0
0
0
0
0
0
0
0
0
0
0
0
0
0
0
0
0
0
0
0
0
0
0
0
0
0
0
0
0
0
0
0
0
0
0
0
0
0
0
0
0
0
0
0
0
0
0
0
0
0
0
0
0
0
0
0
0
0
0
0
0
0
0
0
0
0
0
0
0
0
0
0
0
0
0
0
0
0
0
0
0
0
0
0
0
0
0
0
0
0
0
0
0
0
0
0
0
0
0
0
0
0
0
0
0
0
0
0
0
0
0
0
0
0
0
0
0
0
0
0
0
0
0
0
0
0
0
0
0
0
0
0
0
0
0
0
0
0
0
0
0
0
0
0
0
0
0
0
0
0
0
0
0
0
0
0
0
0
0
0
0
0
0
0
0
0
0
0
0
0
0
0
0
0
0
0
0
0
0
0
0
0
0
0
0
0
0
0
0
0
0
0
0
0
0
0
0
0
0
0
0
0
0
0
0
0
0
0
0
0
0
0
0
0
0
0
0
0
0
0
0
0
0
0
0
0
0
0
0
0
0
0
0
0
0
0
0
0
0
0
0
0
0
0
0
0
0
0
0
0
0
0
0
0
0
0
0
0
0
0
0
0
0
0
0
0
0
0
0
0
0
0
0
0
0
0
0
0
0
0
0
0
0
0
0
0
0
0
0
0
0
0
0
0
0
0
0
0
0
0
0
0
0
0
0
0
0
0
0
0
0
0
0
0
0
0
0
0
0
0
0
0
0
0
0
0
0
0
0
0
0
0
0
0
0
0
0
0
0
0
0
0
0
0
0
0
0
0
0
0
0
0
0
0
0
0
0
0
0
0
0
0
0
0
0
0
0
0
0
0
0
0
0
0
0
0
0
0
0
0
0
0
0
0
0
0
0
0
0
0
0
0
0
0
0
0
0
0
0
0
0
0
0
0
0
0
0
0
0
0
0
0
0
0
0
0
0
0
0
0
0
0
0
0
0
0
0
0
0
0
0
0
0
0
0
0
0
0
0
0
0
0
0
0
0
0
0
0
0
0
0
0
0
0
0
0
0
0
0
0
0
0
0
0
0
0
0
0
0
0
0
0
0
0
0
0
0
0
0
0
0
0
0
0
0
0
0
0
0
0
0
0
0
0
0
0
0
0
0
0
0
0
0
0
0
0
0
0
0
0
0
0
0
0
0
0
0
0
0
0
0
0
0
0
0
0
0
0
0
0
0
0
0
0
0
0
0
0
0
0
0
0
0
0
0
0
0
0
0
0
0
0
0
0
0
0
0
0
0
0
0
0
0
0
0
0
0
0
0
0
0
0
0
0
0
0
0
0
0
0
0
0
0
0
0
0
0
0
0
0
0
0
0
0
0
0
0
0
0
0
0
0
0
0
0
0
0
0
0
0
0
0
0
0
0
0
0
0
0
0
0
0
0
0
0
0
0
0
0
0
0
0
0
0
0
0
0
0
0
0
0
0
0
0
0
0
0
0
0
0
0
0
0
0
0
0
0
0
0
0
0
0
0
0
0
0
0
0
0
0
0
0
0
0
0
0
0
0
0
0
0
0
0
0
0
0
0
0
0
0
0
0
0
0
0
0
0
0
0
0
0
0
0
0
0
0
0
0
0
0
0
0
0
0
0
0
0
0
0
0
0
0
0
0
0
0
0
0
0
0
0
0
0
0
0
0
0
0
0
0
0
0
0
0
0
0
0
0
0
0
0
0
0
0
0
0
0
0
0
0
0
0
0
0
0
0
0
0
0
0
0
0
0
0
0
0
0
0
0
0
0
0
0
0
0
0
0
0
0
0
0
0
0
0
0
0
0
0
0
0
0
0
0
0
0
0
0
0
0
0
0
0
0
0
0
0
0
0
0
0
0
0
0
0
0
0
0
0
0
0
0
0
0
0
0
0
0
0
0
0
0
0
0
0
0
0
0
0
0
0
0
0
0
0
0
0
0
0
0
0
0
0
0
0
0
0
0
0
0
0
0
0
0
0
0
0
0
0
0
0
0
0
0
0
0
0
0
0
0
0
0
0
0
0
0
0
0
0
0
0
0
0
0
0
0
0
0
0
0
0
0
0
0
0
0
0
0
0
0
0
0
0
0
0
0
0
0
0
0
0
0
0
0
0
0
0
0
0
0
0
0
0
0
0
0
0
0
0
0
0
0
0
0
0
0
0
0
0
0
0
0
0
0
)
;

boundaryField
{
    bottom
    {
        type            zeroGradient;
    }
    top
    {
        type            zeroGradient;
    }
    right
    {
        type            zeroGradient;
    }
    back
    {
        type            wedge;
    }
    front
    {
        type            wedge;
    }
    axis
    {
        type            empty;
    }
    procBoundary2to0
    {
        type            processor;
        value           uniform 0;
    }
    procBoundary2to3
    {
        type            processor;
        value           nonuniform List<scalar> 
80
(
0
0
0
0
0
0
0
0
0
0
0
0
0
0
0
0
0.00015144474
0.00015144474
0.00015144474
0.00015144474
0.00015144474
0.00015144474
0.00015144474
0
0
0
0
0
0
0
0
0
0
0
0
0
0
0
0
0
0
0
0
0
0
0
0
0
0
0
0
0
0
0
0
0
0
0
0
0
0
0
0
0
0
0
0
0
0
0
0
0
0
0
0
0
0
0
0
0
)
;
    }
    procBoundary2to4
    {
        type            processor;
        value           uniform 0;
    }
}


// ************************************************************************* //
