/*--------------------------------*- C++ -*----------------------------------*\
| =========                 |                                                 |
| \\      /  F ield         | OpenFOAM: The Open Source CFD Toolbox           |
|  \\    /   O peration     | Version:  2106                                  |
|   \\  /    A nd           | Website:  www.openfoam.com                      |
|    \\/     M anipulation  |                                                 |
\*---------------------------------------------------------------------------*/
FoamFile
{
    version     2.0;
    format      ascii;
    arch        "LSB;label=32;scalar=64";
    class       volScalarField;
    location    "0.038";
    object      p;
}
// * * * * * * * * * * * * * * * * * * * * * * * * * * * * * * * * * * * * * //

dimensions      [1 -1 -2 0 0 0 0];

internalField   nonuniform List<scalar> 
4096
(
-0.34777218
-0.3444658
-0.33788361
-0.32808647
-0.31516505
-0.29923905
-0.28045617
-0.25899092
-0.23504309
-0.20883605
-0.1806149
-0.15064423
-0.11920574
-0.086596339
-0.053128878
-0.019116205
0.015119293
0.049241073
0.082923096
0.11583942
0.14766923
0.17810079
0.20683456
0.23358627
0.25808997
0.28010089
0.29939823
0.3157876
0.32910335
0.33921048
0.34600629
0.34942159
0.34942159
0.34600629
0.33921048
0.32910335
0.3157876
0.29939823
0.28010089
0.25808997
0.23358627
0.20683456
0.17810079
0.14766923
0.11583942
0.082923097
0.049241074
0.015119294
-0.019116205
-0.053128877
-0.086596338
-0.11920574
-0.15064423
-0.1806149
-0.20883605
-0.23504309
-0.25899092
-0.28045617
-0.29923904
-0.31516505
-0.32808647
-0.33788361
-0.3444658
-0.34777218
-0.34870254
-0.34538683
-0.33878613
-0.32896157
-0.31600422
-0.30003427
-0.28120004
-0.25967669
-0.23566471
-0.20938823
-0.1810931
-0.15104471
-0.11952571
-0.08683382
-0.053279963
-0.019180223
0.015138527
0.04934536
0.08311131
0.11610935
0.14801803
0.17852491
0.20732974
0.23414759
0.25871185
0.28077716
0.30012216
0.316552
0.32990062
0.34003269
0.34684527
0.350269
0.350269
0.34684527
0.34003269
0.32990062
0.316552
0.30012216
0.28077716
0.25871185
0.23414759
0.20732974
0.17852491
0.14801803
0.11610935
0.083111311
0.04934536
0.015138527
-0.019180223
-0.053279962
-0.086833819
-0.11952571
-0.15104471
-0.1810931
-0.20938823
-0.23566471
-0.25967669
-0.28120004
-0.30003427
-0.31600422
-0.32896157
-0.33878613
-0.34538683
-0.34870254
-0.35356351
-0.35020147
-0.34350857
-0.33354692
-0.32040902
-0.3042169
-0.28512114
-0.26329952
-0.23895548
-0.21231637
-0.18363151
-0.15317
-0.1212184
-0.08807833
-0.054063898
-0.019497509
0.015290353
0.049965575
0.084194186
0.11764468
0.14999134
0.1809175
0.21011881
0.23730635
0.26220976
0.28458019
0.30419307
0.32085074
0.33438466
0.34465752
0.35156482
0.35503617
0.35503617
0.35156482
0.34465752
0.33438466
0.32085074
0.30419307
0.28458019
0.26220976
0.23730635
0.21011881
0.1809175
0.14999134
0.11764468
0.084194187
0.049965576
0.015290354
-0.019497508
-0.054063897
-0.088078329
-0.1212184
-0.15316999
-0.18363151
-0.21231637
-0.23895548
-0.26329952
-0.28512114
-0.3042169
-0.32040902
-0.33354692
-0.34350857
-0.35020147
-0.35356351
-0.36200712
-0.35856494
-0.35171257
-0.34151374
-0.32806331
-0.31148645
-0.29193754
-0.26959879
-0.24467863
-0.21740996
-0.18804804
-0.15686832
-0.12416405
-0.09024376
-0.05542853
-0.020048802
0.015557793
0.051049806
0.086085457
0.12032558
0.1534369
0.18509533
0.21498927
0.24282286
0.26831912
0.29122305
0.31130447
0.32836066
0.34221881
0.35273803
0.35981111
0.36336582
0.36336582
0.35981111
0.35273803
0.34221881
0.32836066
0.31130447
0.29122305
0.26831912
0.24282286
0.21498927
0.18509533
0.1534369
0.12032558
0.086085459
0.051049807
0.015557794
-0.020048801
-0.055428529
-0.090243759
-0.12416405
-0.15686832
-0.18804804
-0.21740996
-0.24467863
-0.26959878
-0.29193754
-0.31148645
-0.32806331
-0.34151374
-0.35171257
-0.35856494
-0.36200712
-0.37391921
-0.37036409
-0.36328699
-0.35275389
-0.338863
-0.32174385
-0.30155616
-0.27848836
-0.25275593
-0.2245995
-0.19428271
-0.16208996
-0.12832387
-0.093302749
-0.057357753
-0.020829897
0.015932693
0.052577971
0.088753342
0.12410886
0.15830055
0.19099381
0.2218668
0.25061378
0.27694843
0.30060697
0.32135121
0.33897132
0.3532883
0.36415621
0.37146394
0.37513664
0.37513664
0.37146394
0.36415621
0.3532883
0.33897132
0.32135121
0.30060697
0.27694843
0.25061378
0.2218668
0.19099381
0.15830055
0.12410886
0.088753344
0.052577973
0.015932695
-0.020829895
-0.057357752
-0.093302747
-0.12832387
-0.16208995
-0.19428271
-0.2245995
-0.25275593
-0.27848836
-0.30155616
-0.32174385
-0.338863
-0.35275389
-0.36328699
-0.37036409
-0.37391921
-0.38942014
-0.38571811
-0.37834869
-0.36738079
-0.35291697
-0.33509247
-0.31407394
-0.29005791
-0.26326902
-0.23395795
-0.20239924
-0.16888886
-0.13374166
-0.097288618
-0.059874003
-0.021852354
0.016414503
0.054560684
0.092219597
0.12902729
0.16462588
0.19866708
0.23081566
0.260753
0.28818051
0.31282296
0.33443163
0.3527873
0.36770288
0.37902575
0.3866397
0.39046638
0.39046638
0.3866397
0.37902575
0.36770288
0.3527873
0.33443163
0.31282296
0.28818052
0.260753
0.23081566
0.19866708
0.16462588
0.12902729
0.092219598
0.054560686
0.016414504
-0.021852353
-0.059874001
-0.097288617
-0.13374166
-0.16888886
-0.20239924
-0.23395795
-0.26326902
-0.29005791
-0.31407394
-0.33509247
-0.35291697
-0.36738079
-0.37834869
-0.38571811
-0.38942014
-0.40867417
-0.40478968
-0.39705717
-0.38554925
-0.3703739
-0.35167348
-0.32962329
-0.30442995
-0.27632946
-0.24558504
-0.21248473
-0.17733886
-0.14047739
-0.102247
-0.063008171
-0.023132105
0.017002438
0.057012424
0.096513952
0.13512573
0.17247263
0.20818934
0.24192399
0.27334188
0.30212908
0.327996
0.35068075
0.36995231
0.3856134
0.39750299
0.40549841
0.40951693
0.40951693
0.40549841
0.39750299
0.3856134
0.36995232
0.35068076
0.327996
0.30212908
0.27334188
0.24192399
0.20818934
0.17247264
0.13512573
0.096513954
0.057012425
0.01700244
-0.023132104
-0.06300817
-0.102247
-0.14047739
-0.17733886
-0.21248472
-0.24558504
-0.27632946
-0.30442995
-0.32962328
-0.35167348
-0.3703739
-0.38554925
-0.39705717
-0.40478968
-0.40867417
-0.43186937
-0.427765
-0.419595
-0.40743643
-0.3914039
-0.37164837
-0.34835566
-0.3217446
-0.29206493
-0.25959497
-0.22463904
-0.18752475
-0.14860015
-0.10823077
-0.066796514
-0.024688467
0.01769434
0.059948329
0.10166887
0.14245388
0.18190749
0.21964388
0.25529111
0.28849499
0.31892302
0.34626813
0.37025235
0.39063027
0.40719212
0.4197666
0.42822309
0.43247351
0.43247351
0.42822309
0.4197666
0.40719212
0.39063027
0.37025235
0.34626813
0.31892302
0.28849499
0.25529111
0.21964388
0.18190749
0.14245388
0.10166887
0.059948329
0.017694341
-0.024688466
-0.066796513
-0.10823077
-0.14860015
-0.18752475
-0.22463904
-0.25959497
-0.29206493
-0.3217446
-0.34835565
-0.37164837
-0.3914039
-0.40743643
-0.419595
-0.427765
-0.43186937
-0.45923063
-0.45486676
-0.44618046
-0.43325413
-0.41621027
-0.39521012
-0.37045201
-0.34216928
-0.31062796
-0.27612424
-0.23898162
-0.19954805
-0.15819287
-0.11530367
-0.071283057
-0.026545394
0.018486602
0.063385328
0.10772189
0.15106979
0.19300882
0.23312898
0.27103455
0.30634829
0.33871556
0.36780844
0.39332975
0.4150168
0.43264486
0.44603021
0.4550327
0.45955776
0.45955776
0.4550327
0.44603021
0.43264486
0.4150168
0.39332975
0.36780844
0.33871556
0.30634829
0.27103455
0.23312898
0.19300882
0.15106979
0.10772189
0.063385329
0.018486603
-0.026545394
-0.071283057
-0.11530367
-0.15819287
-0.19954805
-0.23898162
-0.27612424
-0.31062796
-0.34216928
-0.37045201
-0.39521012
-0.41621027
-0.43325413
-0.44618046
-0.45486676
-0.45923063
-0.49102465
-0.48635901
-0.47707236
-0.46325341
-0.44503397
-0.4225874
-0.39612672
-0.3659023
-0.33219926
-0.29533459
-0.25565412
-0.21352938
-0.16935429
-0.12354189
-0.076520921
-0.028732472
0.019373532
0.067341868
0.11471571
0.16104044
0.20586764
0.24875926
0.28929191
0.32706135
0.36168697
0.39281631
0.42012948
0.44334333
0.46221532
0.476547
0.48618684
0.49103253
0.49103253
0.48618684
0.476547
0.46221532
0.44334333
0.42012948
0.39281631
0.36168697
0.32706135
0.28929191
0.24875926
0.20586764
0.16104044
0.11471571
0.067341869
0.019373532
-0.028732472
-0.076520921
-0.12354189
-0.16935429
-0.21352938
-0.25565412
-0.29533458
-0.33219926
-0.3659023
-0.39612672
-0.4225874
-0.44503397
-0.46325341
-0.47707236
-0.48635901
-0.49102465
-0.52756257
-0.52254977
-0.51257254
-0.497727
-0.47815585
-0.45404664
-0.42562954
-0.39317471
-0.35698937
-0.31741458
-0.27482186
-0.22960975
-0.18220026
-0.13303537
-0.08257351
-0.031286051
0.020346262
0.071836908
0.12269735
0.17244094
0.22058705
0.26666544
0.31022081
0.35081768
0.38804524
0.42152236
0.45090254
0.47587855
0.4961869
0.51161169
0.52198793
0.52720415
0.52720415
0.52198793
0.51161169
0.4961869
0.47587855
0.45090254
0.42152236
0.38804524
0.35081768
0.31022081
0.26666544
0.22058705
0.17244094
0.12269735
0.071836908
0.020346262
-0.03128605
-0.08257351
-0.13303537
-0.18220026
-0.22960975
-0.27482186
-0.31741458
-0.35698937
-0.39317471
-0.42562954
-0.45404664
-0.47815585
-0.497727
-0.51257254
-0.52254977
-0.52756257
-0.56920351
-0.56379451
-0.55302927
-0.53701255
-0.51589979
-0.48989502
-0.45924831
-0.42425274
-0.385241
-0.34258174
-0.29667583
-0.24795249
-0.19686551
-0.14388949
-0.089516172
-0.034250846
0.02139124
0.076888515
0.13171685
0.18535352
0.23728147
0.28699382
0.33399882
0.37782505
0.41802678
0.45418962
0.48593599
0.51293052
0.53488506
0.55156319
0.56278404
0.56842531
0.56842531
0.56278404
0.55156319
0.53488506
0.51293052
0.48593599
0.45418962
0.41802678
0.37782505
0.33399882
0.28699382
0.23728147
0.18535352
0.13171685
0.076888515
0.021391241
-0.034250846
-0.089516171
-0.14388949
-0.19686551
-0.24795249
-0.29667583
-0.34258174
-0.385241
-0.42425274
-0.45924831
-0.48989502
-0.51589979
-0.53701255
-0.55302927
-0.56379451
-0.56920351
-0.61635916
-0.61050071
-0.59884167
-0.58149693
-0.5586367
-0.53048418
-0.49731249
-0.45944112
-0.41723201
-0.37108534
-0.32143528
-0.26874571
-0.21350607
-0.15622738
-0.097438428
-0.03768211
0.022488138
0.082511902
0.14182551
0.199866
0.2560754
0.30990552
0.36082313
0.40831566
0.45189724
0.49111489
0.52555491
0.55484901
0.57868016
0.5967878
0.60897235
0.61509871
0.61509871
0.60897235
0.5967878
0.57868016
0.55484901
0.52555491
0.49111489
0.45189723
0.40831566
0.36082313
0.30990552
0.2560754
0.199866
0.14182551
0.082511902
0.022488139
-0.037682109
-0.097438428
-0.15622738
-0.21350607
-0.26874571
-0.32143528
-0.37108534
-0.41723201
-0.45944112
-0.49731249
-0.53048418
-0.5586367
-0.58149693
-0.59884167
-0.61050071
-0.61635916
-0.66949938
-0.66313333
-0.65046507
-0.63162124
-0.60678931
-0.57621474
-0.54019731
-0.49908693
-0.45327905
-0.40320976
-0.3493509
-0.29220529
-0.23230214
-0.1701928
-0.10644686
-0.041648489
0.023607034
0.088716705
0.15307336
0.21606949
0.2771016
0.33557505
0.39090968
0.44254601
0.48995194
0.53262993
0.57012425
0.60202813
0.62799064
0.64772283
0.66100303
0.66768105
0.66768105
0.66100303
0.64772283
0.62799064
0.60202813
0.57012425
0.53262993
0.48995194
0.442546
0.39090968
0.33557505
0.2771016
0.21606949
0.15307336
0.088716705
0.023607034
-0.041648489
-0.10644686
-0.1701928
-0.23230214
-0.29220529
-0.3493509
-0.40320976
-0.45327905
-0.49908693
-0.54019731
-0.57621474
-0.60678932
-0.63162124
-0.65046507
-0.66313333
-0.66949938
-0.72915899
-0.72222152
-0.70841742
-0.68788708
-0.66083811
-0.62754181
-0.58832886
-0.54358425
-0.49374182
-0.43927848
-0.38070863
-0.31857862
-0.25346175
-0.18595375
-0.11666873
-0.046235704
0.024704718
0.095503337
0.1655056
0.23405519
0.30049817
0.36418804
0.42449164
0.48079602
0.53251602
0.57910248
0.6200507
0.6549089
0.68328629
0.70486043
0.71938356
0.72668758
0.72668758
0.71938356
0.70486043
0.68328629
0.6549089
0.6200507
0.57910248
0.53251602
0.48079602
0.42449164
0.36418804
0.30049817
0.23405519
0.1655056
0.095503337
0.024704718
-0.046235704
-0.11666873
-0.18595375
-0.25346175
-0.31857862
-0.38070863
-0.43927849
-0.49374182
-0.54358425
-0.58832886
-0.62754181
-0.66083811
-0.68788708
-0.70841742
-0.72222152
-0.72915899
-0.79594596
-0.7883667
-0.77328719
-0.75086401
-0.72132826
-0.68498143
-0.64219007
-0.59337967
-0.5390281
-0.47965877
-0.415834
-0.34814872
-0.27722491
-0.20370671
-0.12825639
-0.051551086
0.025720036
0.10285829
0.17915809
0.25391002
0.32640473
0.39593797
0.46181688
0.52336759
0.57994389
0.63093676
0.67578432
0.71398194
0.74509181
0.76875186
0.78468337
0.792697
0.792697
0.78468337
0.76875186
0.7450918
0.71398194
0.67578432
0.63093676
0.57994389
0.52336759
0.46181688
0.39593797
0.32640473
0.25391002
0.17915808
0.10285829
0.025720035
-0.051551087
-0.12825639
-0.20370671
-0.27722492
-0.34814872
-0.415834
-0.47965877
-0.5390281
-0.59337967
-0.64219007
-0.68498143
-0.72132826
-0.75086401
-0.7732872
-0.7883667
-0.79594596
-0.87055161
-0.86225249
-0.84574297
-0.82119858
-0.78887812
-0.74911838
-0.70232773
-0.64897861
-0.58959953
-0.52476689
-0.45509705
-0.38123908
-0.30386837
-0.22368152
-0.14139233
-0.057728944
0.026568259
0.11074833
0.19405143
0.27571101
0.35495722
0.43102173
0.50314449
0.57058214
0.6326181
0.68857368
0.73782001
0.77979008
0.81399046
0.84001199
0.85753903
0.86635688
0.86635688
0.85753902
0.84001199
0.81399046
0.77979008
0.73782
0.68857368
0.6326181
0.57058214
0.50314449
0.43102173
0.35495722
0.27571101
0.19405142
0.11074833
0.026568258
-0.057728946
-0.14139233
-0.22368152
-0.30386838
-0.38123908
-0.45509706
-0.52476689
-0.58959953
-0.64897861
-0.70232773
-0.74911838
-0.78887812
-0.82119858
-0.84574297
-0.86225249
-0.87055161
-0.95376284
-0.94465681
-0.92654494
-0.89962527
-0.86418923
-0.82061523
-0.7693606
-0.71095244
-0.6459778
-0.57507365
-0.49891743
-0.4182184
-0.33371042
-0.24614642
-0.15629465
-0.064936479
0.027134698
0.11911377
0.21018412
0.29951853
0.38628153
0.46963398
0.54874017
0.62277736
0.69094751
0.75249054
0.80669867
0.85293108
0.89062809
0.91932428
0.93865988
0.94838977
0.94838977
0.93865988
0.91932428
0.89062808
0.85293108
0.80669867
0.75249054
0.69094751
0.62277736
0.54874017
0.46963398
0.38628153
0.29951852
0.21018411
0.11911376
0.027134697
-0.06493648
-0.15629465
-0.24614642
-0.33371042
-0.4182184
-0.49891743
-0.57507365
-0.6459778
-0.71095245
-0.7693606
-0.82061523
-0.86418923
-0.89962527
-0.92654494
-0.94465682
-0.95376284
-1.046477
-1.0364663
-1.0165588
-0.98697925
-0.94805798
-0.90022261
-0.84398824
-0.77994601
-0.70875095
-0.63110969
-0.54776887
-0.45950478
-0.36711502
-0.2714125
-0.1732221
-0.073379552
0.027268148
0.12786116
0.22752483
0.32536842
0.42048604
0.51196045
0.59887071
0.68030308
0.75536488
0.82320043
0.88300858
0.93406056
0.97571748
1.0074464
1.0288346
1.0396001
1.0396001
1.0288346
1.0074464
0.97571748
0.93406056
0.88300858
0.82320043
0.75536488
0.68030308
0.59887071
0.51196045
0.42048604
0.32536842
0.22752482
0.12786116
0.027268147
-0.073379553
-0.1732221
-0.2714125
-0.36711502
-0.45950478
-0.54776887
-0.63110969
-0.70875095
-0.77994601
-0.84398824
-0.90022261
-0.94805798
-0.98697926
-1.0165588
-1.0364663
-1.046477
-1.1497194
-1.1386934
-1.1167717
-1.0842112
-1.0413886
-0.98879036
-0.92700016
-0.85668472
-0.77857866
-0.69346922
-0.60218188
-0.50556779
-0.40449384
-0.29983613
-0.19247728
-0.083307013
0.026775346
0.1368567
0.24600487
0.35326416
0.45765385
0.55817089
0.65379816
0.74351717
0.82632464
0.90125207
0.96738713
1.0238958
1.070044
1.1052174
1.1289389
1.1408824
1.1408824
1.1289389
1.1052174
1.070044
1.0238958
0.96738714
0.90125207
0.82632464
0.74351717
0.65379816
0.55817089
0.45765385
0.35326416
0.24600487
0.1368567
0.026775345
-0.083307013
-0.19247728
-0.29983613
-0.40449384
-0.50556779
-0.60218188
-0.69346922
-0.77857866
-0.85668472
-0.92700016
-0.98879036
-1.0413886
-1.0842112
-1.1167717
-1.1386934
-1.1497194
-1.2646634
-1.2524956
-1.2283103
-1.1924031
-1.1452068
-1.0872785
-1.0192838
-0.94197973
-0.85619474
-0.76281022
-0.66274225
-0.55692599
-0.44630356
-0.33181677
-0.2144056
-0.095011239
0.025418548
0.14592188
0.26551245
0.38317019
0.49783611
0.60841304
0.713775
0.81278233
0.90430187
0.98723108
1.0605246
1.1232217
1.1744733
1.2135666
1.2399465
1.253233
1.253233
1.2399465
1.2135666
1.1744733
1.1232217
1.0605246
0.98723108
0.90430187
0.81278233
0.713775
0.60841304
0.49783611
0.38317019
0.26551245
0.14592188
0.025418548
-0.095011239
-0.2144056
-0.33181677
-0.44630356
-0.55692599
-0.66274225
-0.76281022
-0.85619474
-0.94197973
-1.0192838
-1.0872785
-1.1452068
-1.1924031
-1.2283103
-1.2524956
-1.2646634
-1.3926515
-1.379196
-1.3524594
-1.3127848
-1.2606727
-1.1967659
-1.1218295
-1.0367285
-0.94240377
-0.83984772
-0.73008168
-0.61413588
-0.49303429
-0.36778604
-0.2393859
-0.10882109
0.022919819
0.15483511
0.28589186
0.41500948
0.5410489
0.6628098
0.77904252
0.88846646
0.9897949
1.0817651
1.1631718
1.232901
1.289964
1.3335283
1.3629439
1.3777652
1.3777652
1.3629439
1.3335283
1.289964
1.232901
1.1631718
1.0817651
0.9897949
0.88846646
0.77904252
0.6628098
0.5410489
0.41500948
0.28589186
0.15483511
0.022919818
-0.10882109
-0.2393859
-0.36778604
-0.49303429
-0.61413588
-0.73008168
-0.83984772
-0.94240377
-1.0367285
-1.1218295
-1.1967659
-1.2606727
-1.3127848
-1.3524594
-1.379196
-1.3926515
-1.5352172
-1.5203033
-1.4906796
-1.4467469
-1.3890893
-1.3184543
-1.235728
-1.1419069
-1.0380675
-0.9253351
-0.80485504
-0.67776667
-0.54518352
-0.40818235
-0.2678071
-0.12508148
0.018977878
0.16334476
0.30695272
0.44866929
0.58727755
0.72146355
0.84983623
0.97094984
1.083335
1.1855365
1.2761554
1.353892
1.4175877
1.4662639
1.4991548
1.5157343
1.5157343
1.4991548
1.4662639
1.4175877
1.353892
1.2761554
1.1855365
1.083335
0.97094984
0.84983623
0.72146355
0.58727755
0.44866929
0.30695272
0.16334476
0.018977878
-0.12508148
-0.2678071
-0.40818235
-0.54518352
-0.67776667
-0.80485504
-0.9253351
-1.0380675
-1.1419069
-1.235728
-1.3184543
-1.3890893
-1.4467469
-1.4906796
-1.5203033
-1.5352172
-1.6941022
-1.6775276
-1.644619
-1.5958491
-1.5319045
-1.453662
-1.3621568
-1.2585469
-1.1440745
-1.0200266
-0.88769709
-0.74835346
-0.60320889
-0.45340501
-0.30002433
-0.14411268
0.013303371
0.17119704
0.32849069
0.48401735
0.63649211
0.78447178
0.9264025
1.0606439
1.1855078
1.2993064
1.4004058
1.4872797
1.5585626
1.613097
1.6499761
1.6685752
1.6685752
1.6499761
1.613097
1.5585626
1.4872797
1.4004058
1.2993064
1.1855078
1.0606439
0.9264025
0.78447178
0.63649211
0.48401735
0.32849069
0.17119704
0.01330337
-0.14411268
-0.30002433
-0.45340501
-0.60320889
-0.74835346
-0.88769709
-1.0200266
-1.1440745
-1.2585469
-1.3621568
-1.453662
-1.5319045
-1.5958491
-1.644619
-1.6775276
-1.6941022
-1.8712663
-1.8527879
-1.8161173
-1.7618159
-1.6906986
-1.6038024
-1.5023477
-1.3876931
-1.261286
-1.1246129
-0.97915053
-0.82632167
-0.66745325
-0.50373966
-0.33628594
-0.1661456
0.0056665983
0.17816126
0.35030346
0.52092905
0.68867805
0.85195853
1.0090317
1.1580269
1.2969921
1.4239573
1.5370022
1.6343242
1.7143044
1.7755676
1.8170339
1.8379583
1.8379583
1.8170339
1.7755676
1.7143044
1.6343242
1.5370022
1.4239573
1.2969921
1.1580269
1.0090317
0.85195853
0.68867805
0.52092905
0.35030346
0.17816126
0.0056665971
-0.1661456
-0.33628595
-0.50373966
-0.66745325
-0.82632167
-0.97915053
-1.1246129
-1.261286
-1.3876931
-1.5023477
-1.6038024
-1.6906986
-1.7618159
-1.8161173
-1.8527879
-1.8712663
-2.0688895
-2.048211
-2.0071975
-1.9465218
-1.8671582
-1.7703451
-1.6575341
-1.5303354
-1.3904535
-1.2396252
-1.0795577
-0.91186756
-0.73801107
-0.55921673
-0.37660395
-0.19122798
-0.0040413185
0.18410225
0.37228444
0.55938116
0.74390141
0.92413078
1.0981141
1.2637023
1.4186222
1.5605592
1.6872437
1.7965349
1.8865048
1.9555117
2.002265
2.0258725
2.0258725
2.002265
1.9555117
1.8865048
1.7965349
1.6872437
1.5605592
1.4186222
1.2637023
1.0981141
0.92413078
0.74390141
0.55938115
0.37228444
0.18410224
-0.0040413193
-0.19122798
-0.37660396
-0.55921673
-0.73801107
-0.91186756
-1.0795577
-1.2396252
-1.3904535
-1.5303354
-1.6575341
-1.7703451
-1.8671582
-1.9465218
-2.0071975
-2.048211
-2.0688895
-2.2893795
-2.2661358
-2.2200636
-2.1519759
-2.0630474
-1.95477
-1.8288862
-1.6873238
-1.5321125
-1.365307
-1.1889055
-1.0047583
-0.81444439
-0.61931641
-0.42051568
-0.21898171
-0.015519382
0.1892759
0.39465897
0.59953829
0.80238667
1.0013583
1.1942234
1.3784879
1.5514833
1.7104723
1.8527581
1.9757864
2.0772512
2.1551857
2.208044
2.2347546
2.2347546
2.208044
2.1551857
2.0772512
1.9757864
1.8527581
1.7104723
1.5514833
1.3784879
1.1942234
1.0013583
0.80238667
0.59953829
0.39465897
0.1892759
-0.015519382
-0.21898171
-0.42051568
-0.61931641
-0.81444439
-1.0047583
-1.1889055
-1.365307
-1.5321125
-1.6873238
-1.8288862
-1.95477
-2.0630474
-2.1519759
-2.2200636
-2.2661358
-2.2893795
-2.5353736
-2.5091091
-2.4570862
-2.3802964
-2.2801648
-2.1585055
-2.0174271
-1.8592619
-1.6864522
-1.5014572
-1.306641
-1.1041378
-0.89582745
-0.68323998
-0.46734387
-0.24877257
-0.028195259
0.19411934
0.41769963
0.64166287
0.8645247
1.0842265
1.2981917
1.5035065
1.6970142
1.8754592
2.0356231
2.1744458
2.2891609
2.377406
2.4373297
2.4676452
2.4676452
2.4373297
2.3774059
2.2891609
2.1744458
2.0356231
1.8754592
1.6970142
1.5035065
1.2981917
1.0842265
0.8645247
0.64166287
0.41769963
0.19411934
-0.028195259
-0.24877256
-0.46734387
-0.68323998
-0.89582745
-1.1041378
-1.306641
-1.5014572
-1.6864522
-1.8592619
-2.0174271
-2.1585055
-2.2801648
-2.3802964
-2.4570862
-2.5091091
-2.5353736
-2.8095497
-2.7796962
-2.720611
-2.6335131
-2.5201408
-2.3827194
-2.2238174
-2.0462845
-1.8530889
-1.6472078
-1.4314966
-1.2085402
-0.98064251
-0.74930798
-0.51533936
-0.27907888
-0.040978302
0.19935934
0.4419428
0.68631705
0.93094653
1.1735505
1.4110994
1.6401628
1.8569749
2.0576451
2.2383203
2.3953216
2.5253256
2.6254887
2.6936061
2.7281464
2.7281464
2.6936061
2.6254887
2.5253256
2.3953216
2.2383203
2.0576451
1.8569749
1.6401628
1.4110994
1.1735505
0.93094653
0.68631705
0.4419428
0.19935934
-0.040978302
-0.27907888
-0.51533936
-0.74930798
-0.98064251
-1.2085402
-1.4314966
-1.6472078
-1.8530889
-2.0462845
-2.2238174
-2.3827194
-2.5201408
-2.6335131
-2.720611
-2.7796962
-2.8095497
-3.1143322
-3.0801938
-3.0126769
-2.9132908
-2.7841672
-2.6280538
-2.4480992
-2.24781
-2.0308306
-1.8008121
-1.5612842
-1.3153949
-1.0659337
-0.81446622
-0.56168876
-0.30748308
-0.051972605
0.20638646
0.46840011
0.73426935
1.0024055
1.2702471
1.5341356
1.7899903
2.0332777
2.2593341
2.4635357
2.6414551
2.7890847
2.9030006
2.9805786
3.0200509
3.0200509
2.9805786
2.9030006
2.7890847
2.6414551
2.4635357
2.2593341
2.0332777
1.7899903
1.5341356
1.2702471
1.0024055
0.73426935
0.46840011
0.20638646
-0.051972604
-0.30748308
-0.56168876
-0.81446622
-1.0659337
-1.3153949
-1.5612842
-1.8008121
-2.0308306
-2.24781
-2.4480992
-2.6280538
-2.7841672
-2.9132908
-3.0126769
-3.0801938
-3.1143322
-3.4541859
-3.4148835
-3.3371823
-3.2229737
-3.0748731
-2.8963117
-2.6911559
-2.4637589
-2.2186281
-1.9602773
-1.6931602
-1.4211476
-1.1479828
-0.87548443
-0.60322428
-0.33041585
-0.058465368
0.21666917
0.49783017
0.78614699
1.0797168
1.3756147
1.6691646
1.955501
2.2290984
2.4843626
2.7157336
2.9179208
3.0859783
3.2158229
3.3042258
3.3489609
3.3489609
3.3042258
3.2158229
3.0859783
2.9179208
2.7157336
2.4843626
2.2290984
1.955501
1.6691646
1.3756147
1.0797168
0.78614699
0.49783017
0.21666917
-0.058465367
-0.33041585
-0.60322428
-0.87548443
-1.1479828
-1.4211476
-1.6931602
-1.9602773
-2.2186281
-2.4637589
-2.6911559
-2.8963117
-3.0748731
-3.2229737
-3.3371823
-3.4148835
-3.4541859
-3.8104567
-3.7653902
-3.6763523
-3.5458362
-3.3766078
-3.1732572
-2.9400258
-2.6825338
-2.4060981
-2.116118
-1.81864
-1.5174785
-1.2192879
-0.9260147
-0.64170583
-0.3488354
-0.059724453
0.23034793
0.52828798
0.84125952
1.1631497
1.4919277
1.8199554
2.1423831
2.4518915
2.7419081
3.0057726
3.2366982
3.4295531
3.5786974
3.6805001
3.7317743
3.7317743
3.6805001
3.5786974
3.4295531
3.2366982
3.0057726
2.7419081
2.4518915
2.1423831
1.8199554
1.4919277
1.1631497
0.84125953
0.52828799
0.23034793
-0.059724452
-0.3488354
-0.64170583
-0.9260147
-1.2192879
-1.5174785
-1.81864
-2.116118
-2.4060981
-2.6825338
-2.9400258
-3.1732572
-3.3766078
-3.5458362
-3.6763523
-3.7653902
-3.8104567
3.7387017
3.6873805
3.5854804
3.436217
3.2432662
3.0119803
2.7477509
2.4573499
2.1474116
1.8245103
1.4959648
1.1666318
0.84413657
0.53052851
0.23196715
-0.058612454
-0.3486653
-0.64230274
-0.92743593
-1.2214652
-1.5203985
-1.8222931
-2.120468
-2.4111068
-2.6881512
-2.9461974
-3.1799126
-3.3836806
-3.5532715
-3.6840675
-3.7732871
-3.8184464
-3.8184464
-3.7732871
-3.6840675
-3.5532715
-3.3836806
-3.1799126
-2.9461974
-2.6881512
-2.4111068
-2.120468
-1.8222931
-1.5203985
-1.2214652
-0.92743593
-0.64230274
-0.3486653
-0.058612453
0.23196715
0.53052851
0.84413657
1.1666318
1.4959648
1.8245103
2.1474116
2.4573499
2.7477509
3.0119803
3.2432662
3.436217
3.5854804
3.6873805
3.7387017
3.3560158
3.3112264
3.2227159
3.0927008
2.9243468
2.7219458
2.4902512
2.2345949
1.9605528
1.6737232
1.3796331
1.0831536
0.78896378
0.49998049
0.21813281
-0.057783252
-0.33040875
-0.60395748
-0.87697549
-1.1502436
-1.4241555
-1.6968922
-1.9647012
-2.2237035
-2.4694371
-2.6973805
-2.9030198
-3.0819999
-3.2304441
-3.3449194
-3.4228003
-3.4621931
-3.4621931
-3.4228003
-3.3449194
-3.2304441
-3.0819999
-2.9030198
-2.6973805
-2.4694371
-2.2237035
-1.9647012
-1.6968922
-1.4241555
-1.1502436
-0.87697549
-0.60395748
-0.33040875
-0.057783251
0.21813281
0.49998049
0.78896378
1.0831536
1.3796331
1.6737232
1.9605528
2.2345949
2.4902512
2.7219458
2.9243468
3.0927008
3.2227159
3.3112264
3.3560158
3.0272879
2.9877558
2.9100583
2.7959577
2.648077
2.4698749
2.2653294
2.0388664
1.7951168
1.5387491
1.2743
1.0058544
0.73707362
0.47052163
0.2077937
-0.051309465
-0.30756
-0.56252205
-0.81606689
-1.0682998
-1.3185116
-1.5651275
-1.8053494
-2.0360207
-2.2536037
-2.4544398
-2.6348782
-2.7914077
-2.9208721
-3.0205202
-3.088214
-3.1224416
-3.1224416
-3.088214
-3.0205202
-2.9208721
-2.7914077
-2.6348782
-2.4544398
-2.2536037
-2.0360207
-1.8053494
-1.5651275
-1.3185116
-1.0682998
-0.81606689
-0.56252205
-0.30756
-0.051309465
0.2077937
0.47052163
0.73707362
1.0058544
1.2743
1.5387491
1.7951168
2.0388664
2.2653294
2.4698749
2.648077
2.7959577
2.9100583
2.9877558
3.0272879
2.7356278
2.7010237
2.6327787
2.5324232
2.4021626
2.2448542
2.0638113
1.8627134
1.6454171
1.4158169
1.1776825
0.93444854
0.68914841
0.44406707
0.20074689
-0.040351981
-0.27922138
-0.51626221
-0.75101519
-0.9831282
-1.2117883
-1.4354828
-1.6518985
-1.8584414
-2.0522483
-2.2303347
-2.3897257
-2.527566
-2.6412813
-2.7286415
-2.7879039
-2.8178466
-2.8178466
-2.7879039
-2.7286415
-2.6412813
-2.527566
-2.3897257
-2.2303347
-2.0522483
-1.8584414
-1.6518985
-1.4354828
-1.2117883
-0.9831282
-0.75101519
-0.51626221
-0.27922138
-0.04035198
0.20074689
0.44406707
0.68914841
0.93444854
1.1776825
1.4158169
1.6454171
1.8627134
2.0638113
2.2448542
2.4021626
2.5324232
2.6327787
2.7010237
2.7356278
2.4754391
2.4450559
2.3849967
2.2965488
2.1815645
2.0424133
1.8818582
1.7029608
1.5089427
1.3030632
1.0884829
0.86812046
0.64455701
0.41985641
0.19550925
-0.027594709
-0.24897236
-0.46835282
-0.68505871
-0.89844803
-1.1075433
-1.3108047
-1.5063428
-1.6920157
-1.8654512
-2.0241825
-2.1657606
-2.2878472
-2.388328
-2.4653843
-2.5175869
-2.543942
-2.543942
-2.5175869
-2.4653843
-2.388328
-2.2878472
-2.1657606
-2.0241825
-1.8654512
-1.6920157
-1.5063428
-1.3108047
-1.1075433
-0.89844803
-0.68505871
-0.46835282
-0.24897236
-0.027594708
0.19550925
0.41985641
0.64455702
0.86812046
1.0884829
1.3030632
1.5089427
1.7029608
1.8818582
2.0424133
2.1815645
2.2965488
2.3849967
2.4450559
2.4754391
2.2429339
2.2161511
2.1631487
2.0849989
1.9832491
1.8598698
1.7171673
1.5576978
1.3841616
1.1992997
1.0057851
0.8061166
0.60252958
0.39687501
0.19068814
-0.01493271
-0.21923345
-0.42161249
-0.62125714
-0.81721941
-1.0083482
-1.193281
-1.3704302
-1.5379374
-1.6937958
-1.8359432
-1.9623428
-2.0710607
-2.1603488
-2.2287105
-2.2749675
-2.2983043
-2.2983043
-2.2749675
-2.2287105
-2.1603488
-2.0710607
-1.9623428
-1.8359432
-1.6937958
-1.5379374
-1.3704302
-1.193281
-1.0083482
-0.81721941
-0.62125714
-0.42161249
-0.21923345
-0.014932709
0.19068814
0.39687501
0.60252958
0.8061166
1.0057851
1.1992997
1.3841616
1.5576978
1.7171673
1.8598698
1.9832491
2.0849989
2.1631487
2.2161511
2.2429339
2.0345148
2.0108302
1.9639229
1.8946863
1.8044125
1.6947458
1.5676162
1.4251669
1.2696712
1.1034478
0.92877472
0.74780625
0.56250339
0.37458748
0.18555745
-0.0034565533
-0.19152722
-0.37779277
-0.56129227
-0.74096121
-0.91567054
-1.0841824
-1.2450317
-1.3965927
-1.5371498
-1.6649586
-1.778307
-1.8755787
-1.9553163
-2.0162769
-2.0574823
-2.0782574
-2.0782574
-2.0574823
-2.0162769
-1.9553163
-1.8755787
-1.778307
-1.6649586
-1.5371498
-1.3965927
-1.2450317
-1.0841824
-0.91567054
-0.74096121
-0.56129227
-0.37779277
-0.19152722
-0.0034565524
0.18555745
0.37458748
0.56250339
0.74780625
0.92877472
1.1034478
1.2696712
1.4251669
1.5676162
1.6947458
1.8044125
1.8946863
1.9639229
2.0108302
2.0345149
1.8471466
1.8261393
1.7845079
1.7229984
1.6426925
1.5449678
1.4314457
1.3039321
1.1643511
1.0146773
0.85686801
0.69279973
0.52421774
0.35272149
0.17967773
0.0062591206
-0.16649047
-0.33757295
-0.50596442
-0.67060177
-0.83037014
-0.98406545
-1.1303513
-1.2677957
-1.3949132
-1.510209
-1.6122284
-1.699606
-1.7711158
-1.8257158
-1.8625877
-1.8811674
-1.8811674
-1.8625877
-1.8257158
-1.7711158
-1.699606
-1.6122284
-1.510209
-1.3949132
-1.2677957
-1.1303513
-0.98406545
-0.83037014
-0.67060177
-0.50596442
-0.33757295
-0.16649047
0.0062591212
0.17967773
0.35272149
0.52421774
0.69279973
0.85686801
1.0146773
1.1643511
1.3039321
1.4314457
1.5449678
1.6426925
1.7229984
1.7845079
1.8261393
1.8471466
1.6783983
1.65971
1.6226531
1.5678535
1.4962201
1.4089126
1.3072999
1.1929117
1.0673864
0.9324167
0.78969671
0.64087315
0.48750696
0.33104906
0.17279233
0.013912713
-0.14450287
-0.30141815
-0.45579674
-0.6065827
-0.75268324
-0.89294655
-1.0261494
-1.1510149
-1.2662398
-1.3705286
-1.4626313
-1.541383
-1.6057425
-1.6548281
-1.6879492
-1.7046307
-1.7046307
-1.6879492
-1.6548281
-1.6057425
-1.541383
-1.4626313
-1.3705286
-1.2662398
-1.1510149
-1.0261494
-0.89294655
-0.75268324
-0.6065827
-0.45579674
-0.30141815
-0.14450287
0.013912714
0.17279233
0.33104906
0.48750696
0.64087315
0.78969671
0.93241671
1.0673864
1.1929117
1.3072999
1.4089126
1.4962201
1.5678535
1.6226531
1.65971
1.6783983
1.5262876
1.5096116
1.4765286
1.4275659
1.3634914
1.2852865
1.1941133
1.0912755
0.97817708
0.85627871
0.72705612
0.59196209
0.45239538
0.30967828
0.16503659
0.019612266
-0.12551831
-0.26931867
-0.41076164
-0.54881273
-0.68241714
-0.81048733
-0.93189924
-1.0455033
-1.1501447
-1.2446889
-1.3280514
-1.3992283
-1.4573273
-1.5015956
-1.5314454
-1.5464729
-1.5464729
-1.5314454
-1.5015956
-1.4573273
-1.3992283
-1.3280514
-1.2446889
-1.1501447
-1.0455033
-0.93189924
-0.81048733
-0.68241714
-0.54881273
-0.41076164
-0.26931867
-0.12551831
0.019612267
0.16503659
0.30967828
0.45239538
0.59196209
0.72705612
0.85627871
0.97817708
1.0912755
1.1941133
1.2852865
1.3634914
1.4275659
1.4765286
1.5096116
1.5262876
1.3891515
1.3742257
1.3446016
1.3007266
1.2432529
1.1730162
1.091009
0.99834973
0.89624927
0.78597649
0.66882502
0.54608321
0.41900911
0.28881212
0.156641
0.023586582
-0.1093075
-0.24102844
-0.37057634
-0.49695241
-0.61915032
-0.73614947
-0.84691469
-0.95040494
-1.0455887
-1.131464
-1.2070812
-1.2715678
-1.324152
-1.3641856
-1.3911638
-1.4047408
-1.4047408
-1.3911638
-1.3641856
-1.324152
-1.2715678
-1.2070812
-1.131464
-1.0455887
-0.95040494
-0.84691469
-0.73614947
-0.61915032
-0.49695241
-0.37057634
-0.24102844
-0.1093075
0.023586582
0.156641
0.28881212
0.41900911
0.54608321
0.66882502
0.78597649
0.89624928
0.99834973
1.091009
1.1730162
1.2432529
1.3007266
1.3446016
1.3742257
1.3891515
1.2655635
1.2521632
1.2255566
1.1861254
1.1344272
1.0711782
0.99723197
0.91355426
0.82119641
0.72126783
0.61490934
0.50326905
0.38748216
0.26865576
0.14785942
0.026124302
-0.095551653
-0.21619458
-0.33484448
-0.45054773
-0.56235195
-0.66930305
-0.77044693
-0.86483691
-0.95154603
-1.0296828
-1.0984094
-1.1569608
-1.2046643
-1.2409571
-1.2654019
-1.2777002
-1.2777002
-1.2654019
-1.2409571
-1.2046643
-1.1569608
-1.0984094
-1.0296828
-0.95154603
-0.86483691
-0.77044693
-0.66930305
-0.56235195
-0.45054773
-0.33484448
-0.21619458
-0.095551653
0.026124303
0.14785942
0.26865576
0.38748216
0.50326905
0.61490934
0.72126783
0.82119641
0.91355426
0.99723197
1.0711782
1.1344272
1.1861254
1.2255566
1.2521632
1.2655635
1.1542778
1.1422101
1.1182412
1.0826992
1.036064
0.9789537
0.91210723
0.83636432
0.75264393
0.66192215
0.56521071
0.4635374
0.35792948
0.24940087
0.13894382
0.027526145
-0.083907336
-0.19443053
-0.30313084
-0.40910515
-0.51145748
-0.60929851
-0.70174853
-0.78794403
-0.86704789
-0.93826203
-1.000842
-1.0541123
-1.0974819
-1.1304581
-1.1526596
-1.1638263
-1.1638263
-1.1526596
-1.1304581
-1.0974819
-1.0541123
-1.000842
-0.93826203
-0.86704789
-0.78794403
-0.70174853
-0.60929851
-0.51145747
-0.40910515
-0.30313084
-0.19443053
-0.083907335
0.027526145
0.13894382
0.24940087
0.35792948
0.4635374
0.56521071
0.66192215
0.75264393
0.83636432
0.91210723
0.9789537
1.036064
1.0826992
1.1182412
1.1422101
1.1542778
1.0541914
1.0432902
1.0216315
0.98949951
0.94731017
0.89560067
0.83501524
0.766289
0.6902305
0.60770378
0.51961091
0.42687588
0.33043078
0.23120477
0.13011639
0.028069611
-0.074047129
-0.17535985
-0.27500715
-0.3721388
-0.46591547
-0.55551003
-0.64011103
-0.71892893
-0.79120458
-0.85621973
-0.91330881
-0.96187137
-1.0013843
-1.0314134
-1.0516235
-1.0617863
-1.0617863
-1.0516235
-1.0314134
-1.0013843
-0.96187136
-0.91330881
-0.85621973
-0.79120458
-0.71892893
-0.64011103
-0.55551003
-0.46591547
-0.3721388
-0.27500715
-0.17535985
-0.074047129
0.028069611
0.13011639
0.23120477
0.33043078
0.42687588
0.51961091
0.60770378
0.6902305
0.766289
0.83501524
0.89560067
0.94731017
0.98949951
1.0216315
1.0432902
1.0541914
0.96432043
0.95444172
0.93480967
0.90567181
0.86739149
0.82043889
0.76537963
0.70286163
0.63360087
0.55836674
0.47796765
0.39323766
0.30502479
0.21418128
0.12155649
0.027992147
-0.06568009
-0.15863968
-0.25007757
-0.33919662
-0.42521295
-0.50735825
-0.58488372
-0.6570658
-0.7232136
-0.78267766
-0.83485962
-0.87922238
-0.91530002
-0.94270716
-0.96114702
-0.97041794
-0.97041794
-0.96114702
-0.94270716
-0.91530002
-0.87922238
-0.83485962
-0.78267766
-0.7232136
-0.6570658
-0.58488371
-0.50735825
-0.42521295
-0.33919662
-0.25007756
-0.15863968
-0.06568009
0.027992147
0.12155649
0.21418128
0.30502479
0.39323766
0.47796765
0.55836674
0.63360087
0.70286163
0.76537963
0.82043889
0.86739149
0.90567181
0.93480967
0.95444172
0.96432043
0.88378353
0.87480226
0.85694972
0.83044331
0.79560265
0.75284225
0.70266218
0.64563733
0.58240572
0.51365638
0.44011739
0.36254465
0.28171177
0.19840154
0.11339909
0.027486879
-0.058558778
-0.14397007
-0.22798954
-0.30987192
-0.3888864
-0.46431972
-0.53548034
-0.60170378
-0.66235913
-0.71685657
-0.7646554
-0.80527243
-0.83829011
-0.86336411
-0.88022994
-0.88870818
-0.88870818
-0.88022994
-0.86336411
-0.83829011
-0.80527243
-0.7646554
-0.71685657
-0.66235913
-0.60170378
-0.53548034
-0.46431972
-0.3888864
-0.30987192
-0.22798954
-0.14397007
-0.058558778
0.027486878
0.11339909
0.19840154
0.28171177
0.36254465
0.44011739
0.51365638
0.58240572
0.64563733
0.70266218
0.75284225
0.79560265
0.83044331
0.85694972
0.87480226
0.88378353
0.81179142
0.80359805
0.78730857
0.76311532
0.73130151
0.6922352
0.64636157
0.5941941
0.53630485
0.47331434
0.40588154
0.33469423
0.26046025
0.18389984
0.10573914
0.026705083
-0.052478677
-0.131095
-0.20843606
-0.28380608
-0.35652427
-0.4259284
-0.49137904
-0.55226453
-0.60800689
-0.65806819
-0.70195748
-0.73923766
-0.76953232
-0.79253189
-0.80799911
-0.81577327
-0.81577327
-0.80799911
-0.79253189
-0.76953232
-0.73923766
-0.70195748
-0.65806819
-0.60800689
-0.55226453
-0.49137904
-0.4259284
-0.35652427
-0.28380608
-0.20843607
-0.131095
-0.052478677
0.026705083
0.10573914
0.18389984
0.26046025
0.33469422
0.40588154
0.47331434
0.53630485
0.5941941
0.64636157
0.6922352
0.73130151
0.76311532
0.78730857
0.80359805
0.81179142
0.74763843
0.74013644
0.72521909
0.70305783
0.67390546
0.6380911
0.59601383
0.54813529
0.49497153
0.43708454
0.37507363
0.3095672
0.24121502
0.17068122
0.098638279
0.025761796
-0.047273828
-0.11979917
-0.1911532
-0.26068654
-0.32776495
-0.39177305
-0.45211855
-0.50823703
-0.55959714
-0.6057063
-0.64611655
-0.68043042
-0.7083066
-0.72946507
-0.74369166
-0.75084148
-0.75084148
-0.74369166
-0.72946507
-0.7083066
-0.68043042
-0.64611655
-0.6057063
-0.55959714
-0.50823703
-0.45211855
-0.39177305
-0.32776495
-0.26068654
-0.1911532
-0.11979917
-0.047273829
0.025761796
0.098638279
0.17068122
0.24121502
0.3095672
0.37507363
0.43708454
0.49497153
0.54813529
0.59601383
0.6380911
0.67390546
0.70305783
0.72521909
0.74013644
0.74763843
0.69069571
0.68379942
0.67008458
0.64970517
0.6228885
0.58993101
0.55119292
0.507092
0.45809667
0.40471875
0.34750609
0.28703533
0.22390503
0.15872933
0.092132227
0.024742456
-0.042810977
-0.10990286
-0.17591557
-0.24024267
-0.30229262
-0.36149268
-0.41729304
-0.46917128
-0.51663722
-0.55923785
-0.59656246
-0.62824769
-0.65398227
-0.67351143
-0.68664058
-0.69323828
-0.69323828
-0.68664058
-0.67351143
-0.65398227
-0.62824769
-0.59656246
-0.55923785
-0.51663722
-0.46917128
-0.41729303
-0.36149268
-0.30229262
-0.24024267
-0.17591557
-0.10990286
-0.042810977
0.024742457
0.092132227
0.15872933
0.22390503
0.28703533
0.34750609
0.40471875
0.45809667
0.507092
0.55119292
0.58993101
0.6228885
0.64970517
0.67008458
0.68379942
0.69069571
0.64040506
0.63403783
0.62137368
0.60255194
0.57777854
0.54732243
0.51151103
0.47072496
0.42539208
0.37598126
0.32299593
0.26696773
0.20845027
0.14801336
0.086237588
0.023709375
-0.03898357
-0.10125643
-0.16253124
-0.22224077
-0.27983226
-0.33477142
-0.38654639
-0.43467205
-0.47869435
-0.51819481
-0.55279502
-0.58216096
-0.60600716
-0.62410035
-0.63626265
-0.64237403
-0.64237403
-0.63626265
-0.62410035
-0.60600716
-0.58216096
-0.55279502
-0.51819481
-0.47869435
-0.43467205
-0.38654639
-0.33477142
-0.27983226
-0.22224077
-0.16253124
-0.10125643
-0.038983569
0.023709376
0.086237588
0.14801336
0.20845027
0.26696773
0.32299593
0.37598126
0.42539208
0.47072496
0.51151103
0.54732243
0.57777854
0.60255193
0.62137368
0.63403783
0.64040506
0.59627425
0.59036699
0.57861657
0.56115005
0.53815541
0.50987848
0.47661905
0.43872624
0.39659347
0.35065286
0.30136966
0.24923648
0.19476771
0.13849414
0.080957863
0.022707489
-0.035706351
-0.093735224
-0.15083697
-0.20647963
-0.26014529
-0.31133396
-0.3595675
-0.4043936
-0.44538988
-0.48216786
-0.51437703
-0.54170865
-0.5638993
-0.5807341
-0.59204936
-0.59773476
-0.59773476
-0.59204936
-0.5807341
-0.5638993
-0.54170865
-0.51437703
-0.48216786
-0.44538988
-0.4043936
-0.3595675
-0.31133396
-0.26014529
-0.20647963
-0.15083697
-0.093735224
-0.035706352
0.022707489
0.080957863
0.13849414
0.19476771
0.24923648
0.30136966
0.35065286
0.39659347
0.43872624
0.47661905
0.50987848
0.53815541
0.56115005
0.57861657
0.59036699
0.59627424
0.55787542
0.55236534
0.54140405
0.52510839
0.50365131
0.47725925
0.44620873
0.41082235
0.37146429
0.32853545
0.28246836
0.23372204
0.1827769
0.1301297
0.076288737
0.021769268
-0.03291092
-0.087235701
-0.14069474
-0.19278744
-0.24302674
-0.29094298
-0.33608762
-0.37803707
-0.41639641
-0.45080316
-0.48093079
-0.50649221
-0.52724283
-0.5429834
-0.55356232
-0.55887747
-0.55887747
-0.55356232
-0.5429834
-0.52724283
-0.50649221
-0.48093079
-0.45080316
-0.41639641
-0.37803707
-0.33608762
-0.29094298
-0.24302674
-0.19278744
-0.14069474
-0.087235702
-0.03291092
0.021769268
0.076288737
0.1301297
0.1827769
0.23372204
0.28246836
0.32853545
0.37146429
0.41082235
0.44620873
0.47725925
0.50365131
0.52510839
0.54140406
0.55236534
0.55787542
0.52483366
0.51966321
0.50937686
0.49408293
0.47394186
0.44916391
0.42000616
0.38676896
0.34979191
0.30944948
0.26614645
0.2203132
0.17240095
0.12287714
0.072220792
0.020918147
-0.030541659
-0.081670697
-0.13198647
-0.18101583
-0.22829869
-0.2733918
-0.31587234
-0.35534153
-0.39142815
-0.42379193
-0.45212687
-0.47616426
-0.49567549
-0.51047454
-0.52041999
-0.52541665
-0.52541665
-0.52041999
-0.51047454
-0.49567549
-0.47616426
-0.45212687
-0.42379193
-0.39142815
-0.35534153
-0.31587234
-0.2733918
-0.22829869
-0.18101583
-0.13198647
-0.081670697
-0.030541659
0.020918147
0.072220792
0.12287714
0.17240095
0.2203132
0.26614645
0.30944948
0.34979191
0.38676896
0.42000616
0.44916391
0.47394186
0.49408293
0.50937687
0.51966321
0.52483366
0.4967823
0.49189875
0.48218266
0.4677353
0.44870678
0.42529399
0.3977379
0.36632035
0.33136045
0.29321057
0.25225218
0.20889149
0.16355502
0.11668523
0.068736155
0.020169201
-0.028551079
-0.076960836
-0.12460149
-0.17102352
-0.21579007
-0.25848055
-0.29869418
-0.33605335
-0.370207
-0.40083371
-0.42764479
-0.45038704
-0.46884528
-0.48284455
-0.49225198
-0.49697817
-0.49697817
-0.49225198
-0.48284455
-0.46884528
-0.45038704
-0.42764479
-0.40083371
-0.370207
-0.33605335
-0.29869418
-0.25848055
-0.21579007
-0.17102353
-0.12460149
-0.076960836
-0.028551079
0.020169201
0.068736155
0.11668523
0.16355502
0.20889149
0.25225218
0.29321057
0.33136045
0.36632035
0.3977379
0.42529399
0.44870678
0.4677353
0.48218266
0.49189875
0.4967823
0.47343929
0.46879364
0.45955043
0.44580523
0.42769974
0.40541994
0.37919364
0.34928754
0.31600394
0.27967703
0.24066903
0.1993661
0.1561742
0.11151496
0.065821518
0.019534472
-0.026902229
-0.073044683
-0.1184543
-0.16270149
-0.20536893
-0.24605513
-0.2843778
-0.3199771
-0.35251878
-0.38169715
-0.40723789
-0.42890065
-0.44648137
-0.45981424
-0.46877342
-0.47327427
-0.47327427
-0.46877342
-0.45981424
-0.44648137
-0.42890066
-0.40723789
-0.38169715
-0.35251878
-0.3199771
-0.2843778
-0.24605513
-0.20536893
-0.16270149
-0.1184543
-0.073044683
-0.026902229
0.019534472
0.065821517
0.11151496
0.1561742
0.1993661
0.24066903
0.27967703
0.31600394
0.34928754
0.37919364
0.40541994
0.42769974
0.44580523
0.45955043
0.46879364
0.47343929
0.45508548
0.45062676
0.44175517
0.42856181
0.41118185
0.38979275
0.36461207
0.3358947
0.30392975
0.26903719
0.23156411
0.19188089
0.15037728
0.10745842
0.063540931
0.019048987
-0.025589639
-0.069946507
-0.11359871
-0.15613239
-0.19714575
-0.23625245
-0.27308489
-0.30729729
-0.33856868
-0.36660576
-0.39114556
-0.41195782
-0.4288472
-0.44165508
-0.45026114
-0.45458449
-0.45458449
-0.45026114
-0.44165508
-0.4288472
-0.41195782
-0.39114556
-0.36660576
-0.33856868
-0.30729729
-0.27308489
-0.23625245
-0.19714575
-0.15613239
-0.11359871
-0.069946508
-0.02558964
0.019048986
0.06354093
0.10745842
0.15037728
0.19188089
0.23156411
0.26903719
0.30392975
0.3358947
0.36461207
0.38979275
0.41118185
0.42856181
0.44175517
0.45062676
0.45508548
0.44159634
0.43727555
0.42867813
0.41589191
0.39904718
0.37831514
0.35390572
0.32606506
0.29507257
0.26123765
0.22489618
0.18640687
0.14614741
0.10451068
0.061900921
0.01872996
-0.024586278
-0.067629305
-0.10998827
-0.1512609
-0.19105693
-0.22900127
-0.26473715
-0.29792914
-0.32826604
-0.35546364
-0.37926726
-0.39945406
-0.41583506
-0.42825692
-0.43660334
-0.44079618
-0.44079618
-0.43660334
-0.42825692
-0.41583506
-0.39945406
-0.37926726
-0.35546364
-0.32826604
-0.29792914
-0.26473715
-0.22900127
-0.19105693
-0.1512609
-0.10998827
-0.067629306
-0.024586279
0.01872996
0.061900921
0.10451068
0.14614741
0.18640687
0.22489618
0.26123765
0.29507257
0.32606506
0.35390572
0.37831513
0.39904718
0.41589191
0.42867813
0.43727555
0.44159634
0.42719868
0.42302313
0.41471456
0.40235747
0.38607733
0.36603898
0.3424447
0.31553173
0.28556952
0.25285657
0.2177171
0.18049745
0.14156235
0.10129118
0.060074416
0.018309921
-0.02360049
-0.065242793
-0.10622006
-0.14614363
-0.18463638
-0.22133589
-0.25589738
-0.28799671
-0.31733322
-0.34363245
-0.36664856
-0.38616652
-0.40200408
-0.4140134
-0.42208242
-0.42613584
-0.42613584
-0.42208242
-0.4140134
-0.40200408
-0.38616652
-0.36664856
-0.34363245
-0.31733322
-0.28799671
-0.25589738
-0.22133589
-0.18463639
-0.14614363
-0.10622006
-0.065242794
-0.023600491
0.01830992
0.060074416
0.10129118
0.14156235
0.18049745
0.2177171
0.25285657
0.28556952
0.31553173
0.3424447
0.36603898
0.38607733
0.40235747
0.41471456
0.42302314
0.42719868
0.41179719
0.40777446
0.39976987
0.3878647
0.37217961
0.35287318
0.33013999
0.30420831
0.27533743
0.24381458
0.20995171
0.17408184
0.13655526
0.097735872
0.057998499
0.017726319
-0.022692946
-0.062842912
-0.10234074
-0.14081243
-0.17789647
-0.21324578
-0.24652997
-0.27743816
-0.30568202
-0.33099839
-0.35315169
-0.371936
-0.38717688
-0.39873292
-0.40649697
-0.41039706
-0.41039706
-0.40649697
-0.39873292
-0.38717688
-0.371936
-0.35315169
-0.33099839
-0.30568202
-0.27743816
-0.24652997
-0.21324578
-0.17789647
-0.14081243
-0.10234074
-0.062842912
-0.022692947
0.017726319
0.057998499
0.097735872
0.13655526
0.17408184
0.20995172
0.24381458
0.27533743
0.30420831
0.33013999
0.35287318
0.37217961
0.3878647
0.39976987
0.40777446
0.41179719
0.5229943
0.51789608
0.50775107
0.49266148
0.47277916
0.44830384
0.41948082
0.38659824
0.34998383
0.31000134
0.26704671
0.22154397
0.17394153
0.12470941
0.074336172
0.023313654
-0.027903782
-0.07880767
-0.12894832
-0.17784268
-0.225015
-0.27001187
-0.31240454
-0.35179065
-0.38779723
-0.42008389
-0.44834576
-0.47231624
-0.49176935
-0.5065218
-0.51643462
-0.52141448
-0.52141448
-0.51643462
-0.5065218
-0.49176935
-0.47231624
-0.44834576
-0.42008389
-0.38779723
-0.35179065
-0.31240454
-0.27001187
-0.225015
-0.17784268
-0.12894832
-0.07880767
-0.027903782
0.023313654
0.074336172
0.12470941
0.17394153
0.22154397
0.26704671
0.31000134
0.34998383
0.38659824
0.41948082
0.44830384
0.47277916
0.49266148
0.50775107
0.51789608
0.5229943
0.078221291
0.077450593
0.075917288
0.073637439
0.07063483
0.066940595
0.062592731
0.057635471
0.052118508
0.046096022
0.039625506
0.032766078
0.025574645
0.018096712
0.010353563
0.0023458174
-0.00589554
-0.013818066
-0.021393023
-0.028627027
-0.03550802
-0.042001903
-0.04806565
-0.053655653
-0.058730992
-0.063254474
-0.06719316
-0.070518677
-0.073207371
-0.075240356
-0.076603504
-0.077287423
-0.077287423
-0.076603504
-0.075240356
-0.073207371
-0.070518677
-0.06719316
-0.063254474
-0.058730992
-0.053655653
-0.04806565
-0.042001903
-0.03550802
-0.028627027
-0.021393023
-0.013818066
-0.00589554
0.0023458173
0.010353563
0.018096712
0.025574645
0.032766078
0.039625506
0.046096022
0.052118508
0.057635471
0.062592731
0.066940595
0.07063483
0.073637439
0.075917288
0.077450592
0.078221291
1.208678
1.1969039
1.1734744
1.1386251
1.0927062
1.0361784
0.96960784
0.89365975
0.80909144
0.71674438
0.61753577
0.51244914
0.40252399
0.2888566
0.17265152
0.055299462
-0.062069041
-0.17920918
-0.29499896
-0.4080634
-0.51722044
-0.6214035
-0.71960752
-0.81088745
-0.89436701
-0.96924658
-1.03481
-1.0904309
-1.1355782
-1.1698211
-1.1928327
-1.2043937
-1.2043937
-1.1928327
-1.1698211
-1.1355782
-1.0904309
-1.03481
-0.96924657
-0.89436701
-0.81088745
-0.71960752
-0.6214035
-0.51722044
-0.4080634
-0.29499896
-0.17920918
-0.062069041
0.055299463
0.17265152
0.2888566
0.40252399
0.51244914
0.61753577
0.71674438
0.80909144
0.89365975
0.96960784
1.0361784
1.0927062
1.1386251
1.1734744
1.1969039
1.208678
)
;

boundaryField
{
    leftWall
    {
        type            cyclic;
    }
    rightWall
    {
        type            cyclic;
    }
    lowerWall
    {
        type            calculated;
        value           nonuniform List<scalar> 
64
(
-0.34777218
-0.3444658
-0.33788361
-0.32808647
-0.31516505
-0.29923905
-0.28045617
-0.25899092
-0.23504309
-0.20883605
-0.1806149
-0.15064423
-0.11920574
-0.086596339
-0.053128878
-0.019116205
0.015119293
0.049241073
0.082923096
0.11583942
0.14766923
0.17810079
0.20683456
0.23358627
0.25808997
0.28010089
0.29939823
0.3157876
0.32910335
0.33921048
0.34600629
0.34942159
0.34942159
0.34600629
0.33921048
0.32910335
0.3157876
0.29939823
0.28010089
0.25808997
0.23358627
0.20683456
0.17810079
0.14766923
0.11583942
0.082923097
0.049241074
0.015119294
-0.019116205
-0.053128877
-0.086596338
-0.11920574
-0.15064423
-0.1806149
-0.20883605
-0.23504309
-0.25899092
-0.28045617
-0.29923904
-0.31516505
-0.32808647
-0.33788361
-0.3444658
-0.34777218
)
;
    }
    atmosphere
    {
        type            calculated;
        value           nonuniform List<scalar> 
64
(
0
0
0
0
0
0
0
0
0
0
0
0
0
0
0
0
-0.0024926287
-0.0024437098
-0.0023490089
-0.0022121086
-0.0020382905
-0.0018342534
-0.0016078419
-0.0013677462
-0.0011231702
-0.0008834796
-0.00065784429
-0.00045488932
-0.00028236732
-0.00014686457
-5.3551712e-05
-5.9882816e-06
-5.9882815e-06
-5.3551712e-05
-0.00014686457
-0.00028236732
-0.00045488932
-0.00065784429
-0.0008834796
-0.0011231702
-0.0013677462
-0.0016078419
-0.0018342534
-0.0020382905
-0.0022121086
-0.0023490089
-0.0024437098
-0.0024926287
0
0
0
0
0
0
0
0
0
0
0
0
0
0
0
0
)
;
    }
    defaultFaces
    {
        type            empty;
    }
}


// ************************************************************************* //
