/*--------------------------------*- C++ -*----------------------------------*\
| =========                 |                                                 |
| \\      /  F ield         | OpenFOAM: The Open Source CFD Toolbox           |
|  \\    /   O peration     | Version:  2106                                  |
|   \\  /    A nd           | Website:  www.openfoam.com                      |
|    \\/     M anipulation  |                                                 |
\*---------------------------------------------------------------------------*/
FoamFile
{
    version     2.0;
    format      ascii;
    arch        "LSB;label=32;scalar=64";
    class       volScalarField;
    location    "0.011";
    object      p_rgh;
}
// * * * * * * * * * * * * * * * * * * * * * * * * * * * * * * * * * * * * * //

dimensions      [1 -1 -2 0 0 0 0];

internalField   nonuniform List<scalar> 
4096
(
-21.828072
-21.61807
-21.200072
-20.578077
-19.758031
-18.747783
-17.55701
-16.197124
-14.681173
-13.023713
-11.240675
-9.34921
-7.367528
-5.3147182
-3.2105669
-1.0753658
1.0702912
3.2057225
5.3103207
7.3637754
9.3462958
11.23877
13.022957
14.681669
16.19893
17.560133
18.752176
19.763589
20.584645
21.207445
21.626002
21.836291
21.836291
21.626002
21.207445
20.584645
19.763589
18.752176
17.560133
16.19893
14.681669
13.022957
11.23877
9.3462958
7.3637754
5.3103207
3.2057225
1.0702912
-1.0753658
-3.2105669
-5.3147182
-7.367528
-9.34921
-11.240675
-13.023713
-14.681173
-16.197124
-17.55701
-18.747783
-19.758031
-20.578077
-21.200072
-21.61807
-21.828072
-22.043028
-21.830957
-21.40884
-20.780714
-19.952586
-18.93238
-17.729866
-16.35657
-14.825667
-13.151858
-11.351229
-9.4411039
-7.4398713
-5.3668122
-3.2419103
-1.0856584
1.0811416
3.2375906
5.362884
7.4365145
9.4384878
11.349504
13.151147
14.826061
16.358119
17.732577
18.93621
19.957446
20.786465
21.4153
21.837911
22.050236
22.050236
21.837911
21.4153
20.786465
19.957446
18.93621
17.732577
16.358119
14.826061
13.151147
11.349504
9.4384878
7.4365145
5.362884
3.2375906
1.0811416
-1.0856584
-3.2419103
-5.3668122
-7.4398713
-9.4411039
-11.351229
-13.151858
-14.825667
-16.35657
-17.729866
-18.93238
-19.952586
-20.780714
-21.40884
-21.830957
-22.043028
-22.467273
-22.251132
-21.820915
-21.180731
-20.3367
-19.296894
-18.071267
-16.671562
-15.111205
-13.405175
-11.569869
-9.6229438
-7.5831454
-5.4701298
-3.3042711
-1.1064626
1.1020879
3.3000691
5.4662712
7.5797924
9.6202487
11.567969
13.404184
15.11121
16.672616
18.073378
19.30003
20.34078
21.185631
21.82647
22.257144
22.473519
22.473519
22.257144
21.82647
21.185631
20.34078
19.30003
18.073378
16.672616
15.11121
13.404184
11.567969
9.6202487
7.5797923
5.4662712
3.3000691
1.1020879
-1.1064626
-3.3042711
-5.4701298
-7.5831454
-9.6229438
-11.569869
-13.405175
-15.111205
-16.671562
-18.071267
-19.296894
-20.3367
-21.180731
-21.820915
-22.251132
-22.467273
-23.1064
-22.884136
-22.441728
-21.783399
-20.915433
-19.846126
-18.585706
-17.146242
-15.541533
-13.786981
-11.899448
-9.8970913
-7.7991957
-5.6259822
-3.3984132
-1.137986
1.1334785
3.3940517
5.6219118
7.7955581
9.8940232
11.897076
13.785416
15.540861
17.146521
18.586957
19.848325
20.918514
21.78725
22.446198
22.889038
23.111525
23.111525
22.889038
22.446198
21.78725
20.918514
19.848325
18.586957
17.146521
15.540861
13.785416
11.897076
9.8940231
7.7955581
5.6219118
3.3940517
1.1334785
-1.137986
-3.3984132
-5.6259822
-7.7991957
-9.8970913
-11.899448
-13.786981
-15.541533
-17.146242
-18.585706
-19.846126
-20.915433
-21.783399
-22.441728
-22.884136
-23.1064
-23.967097
-23.736593
-23.277781
-22.595032
-21.694856
-20.585843
-19.27859
-17.785602
-16.121183
-14.3013
-12.343439
-10.266435
-8.0902947
-5.8360027
-3.5253139
-1.1805407
1.1756687
3.5205542
5.8314695
8.0861049
10.262707
12.340291
14.298841
16.119505
17.784774
19.278645
20.586776
21.696616
22.597523
23.280864
23.740092
23.97081
23.97081
23.740092
23.280864
22.597523
21.696616
20.586776
19.278645
17.784774
16.119505
14.298841
12.340291
10.262707
8.0861049
5.8314695
3.5205542
1.1756687
-1.1805407
-3.5253139
-5.8360027
-8.0902947
-10.266435
-12.343439
-14.3013
-16.121183
-17.785602
-19.27859
-20.585843
-21.694856
-22.595032
-23.277781
-23.736593
-23.967097
-25.057556
-24.816622
-24.337044
-23.62338
-22.682423
-21.523136
-20.156577
-18.595804
-16.855755
-14.953113
-12.906153
-10.734569
-8.459283
-6.1022469
-3.6862225
-1.2345569
1.2290507
3.6807853
6.0969541
8.4542207
10.729836
12.901858
14.949367
16.852663
18.593452
20.155022
21.522394
22.682465
23.624125
24.338365
24.818353
25.059499
25.059499
24.818353
24.338365
23.624125
22.682464
21.522394
20.155022
18.593452
16.852663
14.949367
12.901858
10.729836
8.4542207
6.096954
3.6807853
1.2290507
-1.234557
-3.6862225
-6.1022469
-8.459283
-10.734569
-12.906153
-14.953113
-16.855755
-18.595804
-20.156577
-21.523136
-22.682423
-23.62338
-24.337044
-24.816622
-25.057556
-26.388169
-26.13452
-25.629627
-24.878275
-23.887596
-22.667005
-21.228122
-19.584672
-17.752364
-15.748753
-13.593075
-11.306069
-8.9097775
-6.4273347
-3.8827339
-1.3005885
1.2941161
3.8762739
6.4209123
8.9034403
11.299892
13.58716
15.74322
17.747337
19.580266
21.224426
22.664067
23.885412
24.876786
25.628716
26.134025
26.387891
26.387891
26.134025
25.628716
24.876786
23.885412
22.664067
21.224426
19.580266
17.747337
15.74322
13.58716
11.299892
8.9034402
6.4209123
3.8762739
1.2941161
-1.3005885
-3.8827339
-6.4273348
-8.9097775
-11.306069
-13.593075
-15.748753
-17.752364
-19.584672
-21.228122
-22.667005
-23.887596
-24.878275
-25.629627
-26.13452
-26.388169
-27.971659
-27.702899
-27.167916
-26.371763
-25.321971
-24.028488
-22.503596
-20.761808
-18.819748
-16.696
-14.410943
-11.986559
-9.4462277
-6.814491
-4.1168134
-1.3793217
1.3714623
4.1088911
6.8064644
9.4380951
11.978368
14.40279
16.688022
18.812102
20.754653
22.497067
24.022676
25.316907
26.36741
27.164169
27.699594
27.968587
27.968587
27.699594
27.164169
26.36741
25.316907
24.022676
22.497067
20.754653
18.812102
16.688022
14.40279
11.978368
9.4380951
6.8064644
4.1088911
1.3714623
-1.3793217
-4.1168134
-6.814491
-9.4462277
-11.986559
-14.410943
-16.696
-18.819748
-20.761808
-22.503596
-24.028488
-25.321971
-26.371763
-27.167916
-27.702899
-27.971659
-29.823171
-29.536768
-28.966653
-28.118187
-26.999363
-25.62074
-23.995367
-22.138672
-20.068338
-17.804148
-15.367813
-12.782771
-10.073961
-7.2675807
-4.3908217
-1.4715886
1.4617909
4.3808585
7.2573219
10.06334
12.771804
15.356596
17.792845
20.05716
22.127842
23.985087
25.61116
26.99056
28.110153
28.959289
29.529901
29.816567
29.816567
29.529901
28.959289
28.110153
26.99056
25.61116
23.985087
22.127842
20.05716
17.792845
15.356596
12.771804
10.06334
7.2573219
4.3808585
1.4617909
-1.4715886
-4.3908217
-7.2675807
-10.073961
-12.782771
-15.367813
-17.804148
-20.068338
-22.138672
-23.995367
-25.62074
-26.999363
-28.118187
-28.966653
-29.536768
-29.823171
-31.960401
-31.653671
-31.043076
-30.134326
-28.935936
-27.459164
-25.717929
-23.728701
-21.510376
-19.084114
-16.473158
-13.702621
-10.79925
-7.7911606
-4.7075482
-1.5783834
1.5659081
4.6947663
7.7778209
10.785202
13.68784
16.457748
19.06829
21.494428
23.712945
25.702663
27.444623
28.922258
30.121534
31.031075
31.642264
31.949311
31.949311
31.642264
31.031075
30.121534
28.922258
27.444623
25.702663
23.712945
21.494428
19.06829
16.457748
13.68784
10.785202
7.7778209
4.6947663
1.5659081
-1.5783834
-4.7075482
-7.7911606
-10.79925
-13.702621
-16.473158
-19.084114
-21.510376
-23.728701
-25.717929
-27.459164
-28.935936
-30.134326
-31.043076
-31.653671
-31.960401
-34.40377
-34.073855
-33.417084
-32.439557
-31.150374
-29.561575
-27.688056
-25.547464
-23.160063
-20.548574
-17.737984
-14.75532
-11.629401
-8.3905446
-5.0702547
-1.7008828
1.6847273
5.0535956
8.3729636
11.610634
14.735297
17.71683
20.526584
23.137646
25.525077
27.666134
29.540469
31.130303
32.420582
33.399106
34.056631
34.386952
34.386952
34.056631
33.399106
32.420582
31.130303
29.540469
27.666134
25.525077
23.137646
20.526584
17.716829
14.735297
11.610634
8.3729636
5.0535956
1.6847272
-1.7008828
-5.0702547
-8.3905446
-11.629401
-14.75532
-17.737984
-20.548574
-23.160063
-25.547464
-27.688056
-29.561575
-31.150374
-32.439557
-33.417084
-34.073855
-34.40377
-37.176616
-36.820463
-36.111433
-35.056053
-33.66407
-31.948389
-29.924994
-27.612841
-25.033725
-22.21212
-19.174978
-15.951498
-12.572855
-9.0718815
-5.4827256
-1.8404689
1.8192717
5.460746
9.0484679
12.547591
15.924259
19.145934
22.181692
25.002505
27.58149
29.894144
31.918551
33.63557
35.028997
36.085703
36.795742
37.152438
37.152438
36.795742
36.085703
35.028997
33.63557
31.918551
29.894144
27.58149
25.002505
22.181692
19.145934
15.924259
12.547591
9.0484679
5.460746
1.8192717
-1.840469
-5.4827256
-9.0718815
-12.572855
-15.951498
-19.174978
-22.21212
-25.033725
-27.612841
-29.924994
-31.948389
-33.66407
-35.056053
-36.111433
-36.820464
-37.176616
-40.305414
-39.919758
-39.151954
-38.008999
-36.501346
-34.642846
-32.450677
-29.945238
-27.150021
-24.09145
-20.798681
-17.303354
-13.639311
-9.8422473
-5.9493273
-1.9987553
1.9706811
5.9200706
9.8108266
13.605102
17.266172
20.758778
24.049447
27.106781
29.901721
32.407795
34.601334
36.461673
37.971323
39.116114
39.885316
40.271725
40.271725
39.885316
39.116114
37.971323
36.461673
34.601334
32.407795
29.901721
27.106781
24.049447
20.758778
17.266172
13.605102
9.8108266
5.9200706
1.9706811
-1.9987553
-5.9493273
-9.8422473
-13.639311
-17.303354
-20.798681
-24.09145
-27.150021
-29.945238
-32.450677
-34.642846
-36.501346
-38.008999
-39.151954
-39.919758
-40.305414
-43.820021
-43.401362
-42.567803
-41.326846
-39.689704
-37.671255
-35.289971
-32.567826
-29.530176
-26.205597
-22.625691
-18.824835
-14.839875
-10.709753
-6.4750746
-2.1776117
2.1402247
6.4359232
10.667383
14.793376
18.773958
22.570834
26.147691
29.470491
32.507759
35.23083
37.614086
39.635166
41.275151
42.518715
43.354254
43.773978
43.773978
43.354254
42.518715
41.275151
39.635166
37.614086
35.23083
32.507759
29.470491
26.147691
22.570834
18.773958
14.793376
10.667383
6.4359232
2.1402247
-2.1776117
-6.4750746
-10.709754
-14.839875
-18.824835
-22.625691
-26.205597
-29.530176
-32.567827
-35.289971
-37.671255
-39.689704
-41.326846
-42.567803
-43.401362
-43.820021
-47.753948
-47.298535
-46.391734
-45.041583
-43.260106
-41.063277
-38.470959
-35.506827
-32.198257
-28.576182
-24.674904
-20.531845
-16.187227
-11.683669
-7.0657014
-2.3791822
2.329331
7.0132262
11.626429
16.123916
20.462156
24.599485
28.496441
32.116075
35.424232
38.389824
40.985076
43.185749
44.971337
46.325234
47.234869
47.691804
47.691804
47.234869
46.325234
44.971337
43.185749
40.985076
38.389824
35.424232
32.116075
28.496441
24.599485
20.462156
16.123916
11.626429
7.0132262
2.3293309
-2.3791823
-7.0657015
-11.683669
-16.187227
-20.531845
-24.674904
-28.576182
-32.198257
-35.506827
-38.470959
-41.063277
-43.260106
-45.041583
-46.391734
-47.298535
-47.753948
-52.144655
-51.648468
-50.660398
-49.189042
-47.24728
-44.852239
-42.025258
-38.791823
-35.181481
-31.227719
-26.967792
-22.44249
-17.695817
-12.774558
-7.7277282
-2.6058862
2.5396451
7.6575741
12.697339
17.609681
22.347094
26.864202
31.118086
35.068591
38.67862
41.914412
44.745812
47.146508
49.094243
50.570999
51.563136
52.061501
52.061501
51.563136
50.570999
49.094243
47.146508
44.745812
41.914412
38.67862
35.068591
31.118086
26.864202
22.347094
17.609681
12.697339
7.6575741
2.5396451
-2.6058862
-7.7277282
-12.774558
-17.695817
-22.44249
-26.967792
-31.227719
-35.181481
-38.791823
-42.025258
-44.852239
-47.24728
-49.189042
-50.660398
-51.648468
-52.144655
-57.033859
-56.492595
-55.414656
-53.809221
-51.690048
-49.075469
-45.988359
-42.456109
-38.510567
-34.187951
-29.528717
-24.577356
-19.382087
-13.994417
-8.4685142
-2.8603809
2.7731406
8.3753965
13.890767
19.265291
24.447102
29.38677
34.037607
38.355958
42.3015
45.837539
48.931301
51.554189
53.682021
55.295221
56.378976
56.923347
56.923347
56.378976
55.295221
53.682021
51.554189
48.931301
45.837539
42.3015
38.355958
34.037607
29.38677
24.447102
19.265291
13.890767
8.3753965
2.7731406
-2.8603809
-8.4685142
-13.994417
-19.382087
-24.577356
-29.528717
-34.187951
-38.510567
-42.456109
-45.988359
-49.075469
-51.690048
-53.809221
-55.414656
-56.492595
-57.033859
-62.467843
-61.876902
-60.6999
-58.946602
-56.631663
-53.774638
-50.399984
-46.537059
-42.220108
-37.488229
-32.385296
-26.959825
-21.264717
-15.356824
-9.2962754
-3.1454574
3.0323199
9.1742169
15.218927
21.107319
26.782799
32.191567
37.282864
42.009235
46.326838
50.195764
53.580358
56.449514
58.776928
60.541319
61.726583
62.321925
62.321925
61.726583
60.541319
58.776928
56.449514
53.580358
50.195764
46.326838
42.009235
37.282864
32.191567
26.782799
21.107319
15.218927
9.1742169
3.0323199
-3.1454574
-9.2962755
-15.356824
-21.264717
-26.959825
-32.385296
-37.488229
-42.220108
-46.537059
-50.399984
-53.774638
-56.631663
-58.946602
-60.6999
-61.876902
-62.467843
-68.497745
-67.852224
-66.566348
-64.650464
-62.120122
-58.996101
-55.304446
-51.076506
-46.348972
-41.163912
-35.568791
-29.616435
-23.36489
-16.877061
-10.220036
-3.4638178
3.3205635
10.063062
16.69601
23.154684
29.377464
35.305917
40.884936
46.062969
50.792341
55.029619
58.735981
61.877556
64.425716
66.357304
67.654815
68.306514
68.306514
67.654815
66.357304
64.425716
61.877556
58.735981
55.029619
50.792341
46.062969
40.884936
35.305917
29.377464
23.154684
16.69601
10.063062
3.3205635
-3.4638178
-10.220036
-16.877061
-23.36489
-29.616435
-35.568791
-41.163912
-46.348972
-51.076506
-55.304446
-58.996101
-62.120122
-64.650464
-66.566348
-67.852224
-68.497745
-75.179802
-74.474486
-73.069298
-70.975149
-68.208457
-64.791197
-60.750975
-56.1211
-50.940694
-45.254805
-39.114558
-32.57729
-25.706617
-18.572249
-11.249488
-3.8176646
3.6427139
11.053099
18.338793
25.429202
32.257523
38.760535
44.878552
50.555625
55.739898
60.384062
64.445804
67.888209
70.680092
72.796252
74.217656
74.931553
74.931553
74.217656
72.796252
70.680092
67.888209
64.445804
60.384062
55.739898
50.555625
44.878552
38.760535
32.257523
25.429202
18.338793
11.053099
3.6427139
-3.8176646
-11.249488
-18.572249
-25.706617
-32.57729
-39.114558
-45.254805
-50.940694
-56.1211
-60.750975
-64.791197
-68.208457
-70.975149
-73.069298
-74.474486
-75.179802
-82.57552
-81.804884
-80.269312
-77.980248
-74.954933
-71.216481
-66.793985
-61.722631
-56.043864
-49.805603
-43.062548
-35.876576
-28.317168
-20.4616
-12.394838
-4.2080574
4.0060012
12.158593
20.167485
27.956302
35.453166
42.590079
49.302616
55.530107
61.216114
66.309034
70.762677
74.536764
77.597305
79.916875
81.47479
82.257212
82.257212
81.47479
79.916875
77.597305
74.536764
70.762677
66.309034
61.216114
55.530107
49.302616
42.590079
35.453166
27.956302
20.167485
12.158593
4.0060012
-4.2080574
-12.394838
-20.4616
-28.317168
-35.876576
-43.062548
-49.805603
-56.043864
-61.722631
-66.793985
-71.216481
-74.954933
-77.980248
-80.269312
-81.804884
-82.575519
-90.751744
-89.909953
-88.232296
-85.7307
-82.423167
-78.333865
-73.493264
-67.938277
-61.712474
-54.866369
-47.457911
-39.553207
-31.22754
-22.566479
-13.666467
-4.6339811
4.4214685
13.398394
22.206949
30.76595
38.999071
46.833783
54.200815
61.034396
67.272984
72.860152
77.745369
81.884623
85.240853
87.784226
89.492298
90.350082
90.350082
89.492298
87.784226
85.240853
81.884623
77.745369
72.860152
67.272984
61.034396
54.200815
46.833783
38.999071
30.76595
22.206949
13.398394
4.4214685
-4.6339811
-13.666467
-22.566479
-31.22754
-39.553207
-47.457911
-54.866369
-61.712474
-67.938277
-73.493264
-78.333865
-82.423167
-85.730701
-88.232296
-89.909953
-90.751744
-99.780639
-98.861554
-97.029486
-94.296787
-90.682138
-86.210656
-80.914055
-74.830782
-68.006235
-60.493057
-52.351768
-43.651839
-34.473573
-24.910724
-15.073546
-5.0898256
4.9067322
14.798475
24.488852
33.893894
42.935203
51.536107
59.622275
67.122254
73.968661
80.099537
85.459428
90.000165
93.681334
96.470535
98.343474
99.283982
99.283982
98.343474
96.470535
93.681334
90.000165
85.459428
80.099537
73.968661
67.122254
59.622275
51.536107
42.935203
33.893894
24.488852
14.798475
4.9067321
-5.0898256
-15.073546
-24.910724
-34.473573
-43.651839
-52.351768
-60.493057
-68.006235
-74.830782
-80.914055
-86.210656
-90.682138
-94.296787
-97.029486
-98.861554
-99.780639
-109.73959
-108.7368
-106.73738
-103.75407
-99.806131
-94.919518
-89.127066
-82.468555
-74.990879
-66.748167
-57.802412
-48.224748
-38.098362
-27.523352
-16.625277
-5.56376
5.4884392
16.393299
27.05214
37.382805
47.307493
56.747243
65.622129
73.85395
81.368317
88.096761
93.978162
98.959726
102.99741
106.05614
108.10973
109.14085
109.14085
108.10973
106.05614
102.99741
98.959726
93.978162
88.096761
81.368317
73.85395
65.622129
56.747243
47.307493
37.382805
27.05214
16.393299
5.4884392
-5.56376
-16.625277
-27.523352
-38.098362
-48.224748
-57.802412
-66.748167
-74.990879
-82.468555
-89.127066
-94.919518
-99.806131
-103.75407
-106.73738
-108.7368
-109.73959
-120.71105
-119.61796
-117.43771
-114.18335
-109.8747
-104.53844
-98.20845
-90.925727
-82.738426
-73.701455
-63.876778
-53.334275
-42.155566
-30.441394
-18.330595
-6.0325729
6.2097211
18.231502
29.944797
41.28119
52.167482
62.523055
72.261786
81.296846
89.544979
96.929823
103.38367
108.84862
113.27679
116.63041
118.88149
120.01161
120.01161
118.88149
116.63041
113.27679
108.84862
103.38367
96.929823
89.544979
81.296846
72.261786
62.523055
52.167482
41.28119
29.944797
18.231502
6.209721
-6.0325729
-18.330595
-30.441394
-42.155566
-53.334275
-63.876778
-73.701455
-82.738426
-90.925727
-98.20845
-104.53844
-109.8747
-114.18335
-117.43771
-119.61796
-120.71105
-132.78274
-131.59272
-129.21762
-125.67089
-120.97289
-115.1509
-108.23994
-100.28227
-91.327481
-81.430808
-70.652641
-59.057256
-46.716272
-33.716588
-20.198222
-6.4522076
7.1414469
20.383421
33.228324
45.644088
57.570343
68.923849
79.60859
89.525729
98.58026
106.68609
113.76784
119.76211
124.6171
128.29256
130.75889
131.99683
131.99683
130.75889
128.29256
124.6171
119.76211
113.76784
106.68609
98.58026
89.525729
79.60859
68.923849
57.570343
45.644088
33.228324
20.383421
7.1414469
-6.4522076
-20.198222
-33.716588
-46.716272
-59.057256
-70.652641
-81.430808
-91.327481
-100.28227
-108.23994
-115.1509
-120.97289
-125.67089
-129.21762
-131.59272
-132.78274
-146.05058
-144.75562
-142.17074
-138.30936
-133.19219
-126.84672
-119.30951
-110.62439
-100.84356
-90.023064
-78.22148
-65.492251
-51.883008
-37.434091
-22.245078
-6.7413088
8.4021145
22.947477
36.974932
50.530167
63.572928
76.012566
87.735006
98.622987
108.56512
117.46334
125.2334
131.80636
137.12673
141.15234
143.85244
145.20739
145.20739
143.85244
141.15234
137.12673
131.80636
125.2334
117.46334
108.56512
98.622987
87.735006
76.012566
63.572928
50.530167
36.974932
22.947477
8.4021145
-6.7413088
-22.245078
-37.434091
-51.883008
-65.492251
-78.22148
-90.023064
-100.84356
-110.62439
-119.30951
-126.84672
-133.19219
-138.30936
-142.17074
-144.75562
-146.05058
-160.61634
-159.2082
-156.39878
-152.19967
-146.63255
-139.72381
-131.51273
-122.04496
-111.37867
-99.573218
-86.689913
-72.768378
-57.818006
-41.769457
-24.529751
-6.7328909
10.211498
26.065309
41.262415
55.988711
70.223109
83.849267
96.716482
108.67856
119.60064
129.3709
137.89495
145.0994
150.92551
155.33058
158.28335
159.76463
159.76463
158.28335
155.33058
150.92551
145.0994
137.89495
129.3709
119.60064
108.67856
96.716482
83.849267
70.223109
55.988711
41.262415
26.065309
10.211498
-6.7328909
-24.529751
-41.769457
-57.818006
-72.768378
-86.689913
-99.573218
-111.37867
-122.04496
-131.51273
-139.72381
-146.63255
-152.19967
-156.39878
-159.2082
-160.61634
-176.58511
-175.05649
-172.00966
-167.44844
-161.40057
-153.88628
-144.9507
-134.64018
-123.02614
-110.17658
-96.170435
-81.040123
-64.772725
-47.124629
-27.22503
-6.0918155
12.785871
29.9104
46.130149
62.026547
77.542811
92.483117
106.62758
119.78816
131.79659
142.52802
151.8767
159.76833
166.14135
170.95541
174.17916
175.79478
175.79478
174.17916
170.95541
166.14135
159.76833
151.8767
142.52802
131.79659
119.78816
106.62758
92.483117
77.542811
62.026547
46.130149
29.9104
12.785871
-6.0918155
-27.22503
-47.124629
-64.772725
-81.040123
-96.170435
-110.17658
-123.02614
-134.64018
-144.9507
-153.88628
-161.40057
-167.44844
-172.00966
-175.05649
-176.58511
-194.05556
-192.40109
-189.09905
-184.15579
-177.59527
-169.43361
-159.7201
-148.50221
-135.87194
-121.91682
-106.76181
-90.461509
-73.050327
-53.940553
-30.35412
-4.0873745
17.774766
34.838423
51.489975
68.556537
85.509992
101.94373
117.53697
132.04706
145.2643
157.05439
167.30197
175.93709
182.89754
188.14877
191.65979
193.41934
193.41934
191.65979
188.14877
182.89754
175.93709
167.30197
157.05439
145.2643
132.04706
117.53697
101.94373
85.509992
68.556537
51.489975
34.838423
17.774766
-4.0873745
-30.35412
-53.940553
-73.050327
-90.461509
-106.76181
-121.91682
-135.87194
-148.50221
-159.7201
-169.43361
-177.59527
-184.15579
-189.09905
-192.40109
-194.05556
-213.13267
-211.35179
-207.79691
-202.45546
-195.36131
-186.50706
-175.96684
-163.76121
-150.0366
-134.88415
-118.55507
-101.12529
-82.657725
-61.497231
-33.814825
-0.70580098
21.748992
39.398791
56.745691
75.340032
94.032458
112.24854
129.53098
145.58146
160.14709
173.10144
184.32276
193.75713
201.34275
207.05873
210.87656
212.78886
212.78886
210.87656
207.05873
201.34275
193.75713
184.32276
173.10144
160.14709
145.58146
129.53098
112.24854
94.032458
75.340032
56.745691
39.398791
21.748992
-0.70580099
-33.814825
-61.497231
-82.657725
-101.12529
-118.55507
-134.88415
-150.0366
-163.76121
-175.96684
-186.50706
-195.36131
-202.45546
-207.79691
-211.35179
-213.13267
-92.421968
-92.482593
-92.520488
-92.50131
-92.197516
-91.540315
-90.216967
-88.132117
-85.001171
-80.787737
-75.587029
-70.023061
-67.179584
-68.490325
-70.164498
-14.665164
46.332359
52.535976
65.023144
82.936226
103.10484
123.54764
142.8619
160.75382
176.8159
191.08209
203.33942
213.65027
221.88524
228.10021
232.23139
234.31044
234.31044
232.23139
228.10021
221.88524
213.65027
203.33942
191.08209
176.8159
160.75382
142.8619
123.54764
103.10484
82.936226
65.023144
52.535976
46.332359
-14.665164
-70.164498
-68.490325
-67.179584
-70.023061
-75.587029
-80.787737
-85.001171
-88.132117
-90.216967
-91.540315
-92.197516
-92.50131
-92.520488
-92.482593
-92.421968
233.98455
231.90905
227.78396
221.57879
213.35695
203.06202
190.82387
176.57942
160.5424
142.67827
123.39621
102.99285
82.85917
64.987813
52.551951
46.359558
-14.700727
-70.210635
-68.482433
-67.098317
-69.914008
-75.441782
-80.609571
-84.792189
-87.896169
-89.956795
-91.259643
-91.899495
-92.189695
-92.198681
-92.153804
-92.08982
-92.08982
-92.153804
-92.198681
-92.189695
-91.899495
-91.259643
-89.956795
-87.896169
-84.792189
-80.609571
-75.441782
-69.914008
-67.098317
-68.482433
-70.210635
-14.700727
46.359558
52.551951
64.987813
82.85917
102.99285
123.39621
142.67827
160.5424
176.57942
190.82387
203.06202
213.35695
221.57879
227.78396
231.90905
233.98455
212.45807
210.54922
206.73785
201.03178
193.45936
184.04127
172.83932
159.90727
145.36692
129.34469
112.09386
93.912796
75.256006
56.702631
39.395022
21.76725
-0.72289911
-33.825574
-61.465287
-82.584451
-101.01346
-118.4073
-134.70324
-149.82492
-163.52187
-175.70271
-186.22162
-195.05789
-202.138
-207.46924
-211.01673
-212.79423
-212.79423
-211.01673
-207.46924
-202.138
-195.05789
-186.22162
-175.70271
-163.52187
-149.82492
-134.70324
-118.4073
-101.01346
-82.584451
-61.465287
-33.825574
-0.72289912
21.76725
39.395022
56.702631
75.256006
93.912796
112.09386
129.34469
145.36692
159.90727
172.83932
184.04127
193.45936
201.03178
206.73785
210.54922
212.45807
193.08012
191.32401
187.8198
182.57875
175.63178
167.0133
156.78547
145.0181
131.82646
117.34465
101.78232
85.381681
68.461563
51.429307
34.805729
17.754199
-4.0881299
-30.336683
-53.89315
-72.965842
-90.341079
-106.60692
-121.72952
-135.65444
-148.25721
-159.45046
-169.14248
-177.28597
-183.83208
-188.76653
-192.06106
-193.71173
-193.71173
-192.06106
-188.76653
-183.83208
-177.28597
-169.14248
-159.45046
-148.25721
-135.65444
-121.72952
-106.60692
-90.341079
-72.965842
-53.89315
-30.336683
-4.0881299
17.754199
34.805729
51.429307
68.461563
85.381681
101.78232
117.34465
131.82646
145.0181
156.78547
167.0133
175.63178
182.57875
187.8198
191.32401
193.08012
175.44369
173.83167
170.61496
165.8114
159.45226
151.57775
142.24933
131.54113
119.55872
106.42664
92.312913
77.404839
61.921167
46.056839
29.866008
12.767193
-6.0843434
-27.195019
-47.064962
-64.676806
-80.909736
-96.006522
-109.98063
-122.80018
-134.38667
-144.67245
-153.5862
-161.08166
-167.11296
-171.67097
-174.7078
-176.2321
-176.2321
-174.7078
-171.67097
-167.11296
-161.08166
-153.5862
-144.67245
-134.38667
-122.80018
-109.98063
-96.006522
-80.909736
-64.676806
-47.064962
-27.195019
-6.0843435
12.767193
29.866008
46.056839
61.921167
77.404839
92.312913
106.42664
119.55872
131.54113
142.24933
151.57775
159.45226
165.8114
170.61496
173.83167
175.44369
159.39826
157.92066
154.9752
150.58104
144.76931
137.58259
129.07948
119.33315
108.43775
96.504763
83.668658
70.075014
55.873665
41.180158
26.014463
10.190778
-6.7233346
-24.490391
-41.697837
-57.711716
-72.627608
-86.515486
-99.366574
-111.14177
-121.78022
-131.22293
-139.412
-146.30204
-151.85425
-156.04413
-158.84583
-160.25
-160.25
-158.84583
-156.04413
-151.85425
-146.30204
-139.412
-131.22293
-121.78022
-111.14177
-99.366574
-86.515486
-72.627608
-57.711716
-41.697837
-24.490391
-6.7233346
10.190778
26.014463
41.180158
55.873665
70.075014
83.668658
96.504763
108.43775
119.33315
129.07948
137.58259
144.76931
150.58104
154.9752
157.92066
159.39826
144.82203
143.47093
140.77848
136.76427
131.45892
124.90447
117.15622
108.28286
98.368398
87.510509
75.820168
63.4141
50.405734
36.885123
22.891925
8.3804377
-6.729117
-22.19886
-37.353053
-51.766402
-65.340296
-78.035083
-89.803728
-100.59329
-110.34565
-119.00513
-126.51985
-132.84629
-137.94826
-141.79865
-144.37589
-145.66694
-145.66694
-144.37589
-141.79865
-137.94826
-132.84629
-126.51985
-119.00513
-110.34565
-100.59329
-89.803728
-78.035083
-65.340296
-51.766402
-37.353053
-22.19886
-6.729117
8.3804377
22.891925
36.885123
50.405734
63.4141
75.820168
87.510509
98.368398
108.28286
117.15622
124.90447
131.45892
136.76427
140.77848
143.47093
144.82203
131.58869
130.3548
127.89653
124.23307
119.39388
113.41908
106.36023
98.280489
89.254944
79.369319
68.718203
57.399947
45.510049
33.131262
20.323542
7.1188025
-6.4375565
-20.146184
-33.627013
-46.58918
-58.893214
-70.452774
-81.196766
-91.061391
-99.986691
-107.91781
-114.80549
-120.60778
-125.2899
-128.82475
-131.19184
-132.37781
-132.37781
-131.19184
-128.82475
-125.2899
-120.60778
-114.80549
-107.91781
-99.986691
-91.061391
-81.196766
-70.452774
-58.893214
-46.58918
-33.627013
-20.146184
-6.4375565
7.1188025
20.323542
33.131261
45.510049
57.399947
68.718203
79.369319
89.254944
98.280489
106.36023
113.41908
119.39388
124.23307
127.89653
130.3548
131.58869
119.5767
118.45088
116.20835
112.86745
108.45602
103.01168
96.582068
89.224831
81.007357
72.005641
62.302532
51.98441
41.136927
29.84025
18.167223
6.1860029
-6.0156082
-18.27297
-30.343296
-42.017459
-53.157051
-63.661808
-73.450586
-82.453955
-90.610369
-97.865295
-104.17091
-109.48651
-113.77844
-117.02017
-119.19194
-120.28077
-120.28077
-119.19194
-117.02017
-113.77844
-109.48651
-104.17091
-97.865295
-90.610369
-82.453955
-73.450586
-63.661808
-53.157051
-42.017459
-30.343296
-18.27297
-6.0156082
6.1860029
18.167223
29.84025
41.136927
51.98441
62.302532
72.005641
81.007356
89.224831
96.582068
103.01168
108.45602
112.86745
116.20835
118.45088
119.5767
108.67498
107.64844
105.60397
102.5588
98.538964
93.579364
87.723797
81.024777
73.543092
65.346842
56.510001
47.110333
37.227333
26.939524
16.324304
5.4634986
-5.544501
-16.561931
-27.416312
-37.94839
-48.03301
-57.570519
-66.478184
-74.68531
-82.130315
-88.759441
-94.526127
-99.390877
-103.32109
-106.29098
-108.28138
-109.27964
-109.27964
-108.28138
-106.29098
-103.32109
-99.390877
-94.526127
-88.759441
-82.130315
-74.68531
-66.478184
-57.570519
-48.03301
-37.94839
-27.416312
-16.561931
-5.544501
5.4634986
16.324304
26.939524
37.227333
47.110333
56.510001
65.346842
73.543092
81.024777
87.723797
93.579364
98.538964
102.5588
105.60397
107.64844
108.67498
98.782672
97.847077
95.983913
93.209247
89.547219
85.030028
79.697835
73.598511
66.787167
59.325376
51.280102
42.722357
33.726025
24.367333
14.724239
4.8803198
-5.0682408
-15.004154
-24.794086
-34.310637
-43.44402
-52.100917
-60.201475
-67.676659
-74.466363
-80.518317
-85.787462
-90.235641
-93.831377
-96.549739
-98.372177
-99.286423
-99.286423
-98.372177
-96.549739
-93.831377
-90.235641
-85.787462
-80.518317
-74.466363
-67.676659
-60.201475
-52.100917
-43.44402
-34.310637
-24.794086
-15.004154
-5.0682408
4.8803198
14.724239
24.367333
33.726025
42.722357
51.280102
59.325376
66.787167
73.598511
79.697835
85.030028
89.547219
93.209247
95.983913
97.847077
98.782672
89.808558
88.956065
87.258521
84.730802
81.39519
77.2813
72.425925
66.87276
60.671977
53.879599
46.556731
38.768688
30.584267
22.07552
13.318305
4.3933502
-4.6099389
-13.590519
-22.439335
-31.05032
-39.327518
-47.185843
-54.550474
-61.35575
-67.544142
-73.065524
-77.876673
-81.940976
-85.228215
-87.71442
-89.381736
-90.218332
-90.218332
-89.381736
-87.71442
-85.228215
-81.940976
-77.876673
-73.065524
-67.544142
-61.35575
-54.550474
-47.185843
-39.327518
-31.05032
-22.439335
-13.590519
-4.6099389
4.3933502
13.318305
22.07552
30.584267
38.768688
46.556731
53.879599
60.671977
66.87276
72.425925
77.2813
81.39519
84.730802
87.258521
88.956065
89.808558
81.670336
80.893635
79.347103
77.044459
74.006213
70.259557
65.838194
60.782068
55.136984
48.954119
42.289452
35.203166
27.75918
20.024979
12.071924
3.9758798
-4.1814261
-12.311751
-20.322861
-28.124101
-35.63099
-42.766762
-49.462428
-55.656581
-61.294963
-66.330058
-70.720786
-74.432276
-77.435703
-79.708165
-81.23258
-81.997611
-81.997611
-81.23258
-79.708165
-77.435703
-74.432276
-70.720786
-66.330058
-61.294963
-55.656581
-49.462428
-42.766762
-35.63099
-28.124101
-20.322861
-12.311751
-4.1814261
3.9758798
12.071924
20.024979
27.75918
35.203166
42.289452
48.954119
55.136984
60.782068
65.838194
70.259557
74.006213
77.044459
79.347103
80.893635
81.670336
74.293775
73.586083
72.177026
70.079227
67.31153
63.898888
59.872177
55.267953
50.12812
44.49953
38.433548
31.9856
25.214828
18.183895
10.959034
3.6102731
-3.788259
-11.158579
-18.420745
-25.495991
-32.309565
-38.792299
-44.881104
-50.519144
-55.655762
-60.246338
-64.252138
-67.640187
-70.383167
-72.459331
-73.852432
-74.551675
-74.551675
-73.852432
-72.459331
-70.383167
-67.640187
-64.252138
-60.246338
-55.655762
-50.519144
-44.881104
-38.792299
-32.309565
-25.495991
-18.420745
-11.158579
-3.788259
3.6102731
10.959034
18.183895
25.214828
31.9856
38.433548
44.49953
50.12812
55.267953
59.872177
63.898888
67.31153
70.079227
72.177026
73.586083
74.293775
67.611812
66.966862
65.682778
63.771159
61.249308
58.140111
54.471867
50.278059
45.597067
40.471835
34.949509
29.081075
22.921051
16.52726
9.9606978
3.2854602
-3.4314157
-10.120514
-16.711431
-23.134782
-29.324086
-35.217029
-40.756132
-45.889108
-50.568996
-54.754188
-58.408407
-61.500664
-64.005223
-65.90155
-67.174284
-67.813203
-67.813203
-67.174284
-65.90155
-64.005223
-61.500664
-58.408407
-54.754188
-50.568996
-45.889108
-40.756132
-35.217029
-29.324086
-23.134782
-16.711431
-10.120514
-3.4314157
3.2854602
9.9606978
16.52726
22.921051
29.081075
34.949509
40.471835
45.597067
50.278059
54.471867
58.140111
61.249308
63.771159
65.682778
66.966862
67.611812
61.563742
60.975755
59.805126
58.062503
55.763767
52.929913
49.586883
45.765368
41.500544
36.831792
31.80238
26.45915
20.852219
15.034719
9.062562
2.9941859
-3.1097996
-9.1872513
-15.17555
-21.01299
-26.640109
-32.000698
-37.042475
-41.71751
-45.98247
-49.798758
-53.132575
-55.954956
-58.241774
-59.973744
-61.136414
-61.720155
-61.720155
-61.136414
-59.973744
-58.241774
-55.954956
-53.132575
-49.798758
-45.98247
-41.71751
-37.042475
-32.000698
-26.640109
-21.01299
-15.17555
-9.1872513
-3.1097996
2.9941859
9.062562
15.034719
20.852219
26.45915
31.80238
36.831792
41.500544
45.765368
49.586883
52.929913
55.763767
58.062503
59.805126
60.975755
61.563742
56.094522
55.558181
54.490408
52.900978
50.804467
48.220135
45.171778
41.687538
37.799673
33.544302
28.961125
24.093129
18.986303
13.689345
8.2533721
2.7315851
-2.8211649
-8.3489915
-13.795814
-19.106378
-24.227247
-29.107621
-33.699954
-37.960394
-41.849077
-45.330329
-48.372788
-50.94949
-53.037918
-54.620036
-55.682306
-56.215698
-56.215698
-55.682306
-54.620036
-53.037918
-50.94949
-48.372788
-45.330329
-41.849077
-37.960394
-33.699954
-29.107621
-24.227247
-19.106378
-13.795814
-8.3489915
-2.821165
2.7315851
8.2533721
13.689345
18.986303
24.093129
28.961125
33.544302
37.799673
41.687538
45.171778
48.220135
50.804467
52.900978
54.490408
55.558181
56.094522
51.154195
50.664613
49.689953
48.239195
46.325717
43.967198
41.185472
38.006357
34.459448
30.577878
26.398067
21.959441
17.304154
12.476782
7.5240091
2.4942563
-2.5627598
-7.5965918
-12.556754
-17.393512
-22.058654
-26.506167
-30.692791
-34.578431
-38.126481
-41.304047
-44.082115
-46.435663
-48.343749
-49.789563
-50.76047
-51.248034
-51.248034
-50.76047
-49.789563
-48.343749
-46.435663
-44.082115
-41.304047
-38.126481
-34.578431
-30.692791
-26.506167
-22.058654
-17.393512
-12.556754
-7.5965918
-2.5627598
2.4942563
7.5240091
12.476782
17.304154
21.959441
26.398067
30.577878
34.459448
38.006357
41.185472
43.967198
46.325717
48.239195
49.689953
50.664613
51.154195
46.697417
46.250099
45.359604
44.034177
42.286109
40.131632
37.590795
34.687296
31.448299
27.90421
24.088441
20.037149
15.788953
11.384645
6.8668524
2.2796774
-2.3317358
-6.9217033
-11.444588
-15.855437
-20.110603
-24.168318
-27.989173
-31.536511
-34.776742
-37.679583
-40.21824
-42.369551
-44.114083
-45.436215
-46.324187
-46.77014
-46.77014
-46.324187
-45.436215
-44.114083
-42.369551
-40.21824
-37.679583
-34.776742
-31.536511
-27.989173
-24.168318
-20.110603
-15.855437
-11.444588
-6.9217033
-2.3317358
2.2796774
6.8668524
11.384645
15.788953
20.037149
24.088441
27.90421
31.448299
34.687296
37.590795
40.131632
42.286109
44.034177
45.359604
46.250099
46.697417
42.683023
42.273843
41.459289
40.246943
38.648099
36.677676
34.354095
31.699127
28.737722
25.497797
22.01002
18.307555
14.425799
10.402084
6.2753653
2.0858564
-2.1253676
-6.3168128
-10.44708
-14.475392
-18.362115
-22.069243
-25.560824
-28.803322
-31.765918
-34.420747
-36.743097
-38.711553
-40.308119
-41.518302
-42.331181
-42.73945
-42.73945
-42.331181
-41.518302
-40.308119
-38.711553
-36.743097
-34.420747
-31.765918
-28.803322
-25.560824
-22.069243
-18.362115
-14.475392
-10.44708
-6.3168128
-2.1253676
2.0858564
6.2753653
10.402084
14.425799
18.307555
22.01002
25.497797
28.737722
31.699127
34.354095
36.677676
38.648099
40.246943
41.459289
42.273843
42.683023
39.073702
38.698867
37.9527
36.842177
35.377689
33.572963
31.444939
29.01364
26.301999
23.335676
20.14284
16.753934
13.201425
9.5195155
5.7438428
1.911138
-1.9411469
-5.7752147
-9.5533899
-13.238562
-16.794635
-20.186943
-23.382629
-26.350977
-29.063693
-31.495139
-33.622526
-35.426071
-36.889121
-37.998247
-38.743319
-39.117554
-39.117554
-38.743319
-37.998247
-36.889121
-35.426071
-33.622526
-31.495139
-29.063693
-26.350977
-23.382629
-20.186943
-16.794635
-13.238562
-9.5533899
-5.7752147
-1.9411469
1.911138
5.7438428
9.5195155
13.201425
16.753934
20.14284
23.335676
26.301999
29.01364
31.444939
33.572963
35.377689
36.842177
37.9527
38.698867
39.073702
35.836294
35.492311
34.807574
33.788509
32.444691
30.788762
28.836326
26.605819
24.118351
21.397532
18.46927
15.361548
12.104181
8.7285502
5.2673171
1.7541081
-1.7768401
-5.2910404
-8.7540747
-12.132053
-15.392004
-18.502229
-21.432638
-24.155052
-26.643464
-28.874265
-30.826435
-32.481695
-33.824638
-34.842824
-35.526861
-35.870456
-35.870456
-35.526861
-34.842824
-33.824638
-32.481695
-30.826435
-28.874265
-26.643464
-24.155052
-21.432638
-18.502229
-15.392004
-12.132053
-8.7540747
-5.2910404
-1.7768401
1.7541081
5.267317
8.7285502
12.104181
15.361548
18.46927
21.397532
24.118351
26.605819
28.836326
30.788762
32.444691
33.788509
34.807574
35.492311
35.836294
32.943186
32.626805
31.997023
31.059773
29.823893
28.301052
26.505646
24.454684
22.167634
19.666261
16.974436
14.117929
11.124173
8.0220239
4.8414882
1.6134391
-1.6307363
-4.8596246
-8.0415045
-11.145347
-14.140957
-16.999272
-19.69267
-22.19524
-24.48304
-26.534297
-28.329599
-29.852046
-31.087373
-32.024052
-32.653373
-32.969498
-32.969498
-32.653373
-32.024052
-31.087373
-29.852046
-28.329599
-26.534297
-24.48304
-22.19524
-19.69267
-16.999273
-14.140957
-11.145347
-8.0415045
-4.8596246
-1.6307363
1.6134391
4.8414882
8.0220239
11.124173
14.117929
16.974436
19.666261
22.167634
24.454684
26.505646
28.301052
29.823893
31.059773
31.997023
32.626805
32.943186
30.364943
30.07315
29.492323
28.627958
27.488239
26.083967
24.428468
22.537477
20.428997
18.123146
15.641977
13.009281
10.250368
7.3918525
4.4614173
1.4874158
-1.5018694
-4.4769355
-7.4083449
-10.267911
-13.027923
-15.661645
-18.143644
-20.450042
-22.558743
-24.449635
-26.104765
-27.508484
-28.647575
-29.511346
-30.091714
-30.383258
-30.383258
-30.091714
-29.511346
-28.647575
-27.508484
-26.104765
-24.449635
-22.558743
-20.450042
-18.143644
-15.661645
-13.027923
-10.267911
-7.4083449
-4.4769355
-1.5018694
1.4874158
4.4614173
7.3918525
10.250368
13.009281
15.641977
18.123146
20.428997
22.537477
24.428468
26.083967
27.488239
28.627958
29.492323
30.07315
30.364943
28.024583
27.755155
27.218857
26.420783
25.36852
24.072075
22.543789
20.798229
18.852055
16.723874
14.434073
12.004634
9.4589385
6.8215696
4.1181547
1.3746475
-1.3875755
-4.1309799
-6.8346231
-9.4725643
-12.018973
-14.449111
-16.739486
-18.868038
-20.814342
-22.559794
-24.087769
-25.383767
-26.435527
-27.233127
-27.76906
-28.03829
-28.03829
-27.76906
-27.233127
-26.435527
-25.383767
-24.087769
-22.559794
-20.814342
-18.868038
-16.739486
-14.449111
-12.018973
-9.4725643
-6.8346232
-4.1309799
-1.3875755
1.3746475
4.1181547
6.8215696
9.4589385
12.004634
14.434073
16.723874
18.852055
20.798229
22.543789
24.072075
25.36852
26.420783
27.218857
27.755155
28.024583
25.704601
25.458589
24.968833
24.239854
23.278397
22.093387
20.695866
19.098912
17.317537
15.368566
13.27049
11.043306
8.708314
6.287827
3.8048511
1.2845805
-1.2362762
-3.758515
-6.2461578
-8.6731982
-11.016328
-13.252995
-15.361593
-17.321766
-19.114622
-20.722909
-22.13118
-23.325931
-24.295723
-25.031286
-25.525595
-25.773934
-25.773934
-25.525595
-25.031286
-24.295723
-23.325931
-22.13118
-20.722909
-19.114622
-17.321766
-15.361593
-13.252995
-11.016328
-8.6731982
-6.2461578
-3.758515
-1.2362763
1.2845805
3.8048511
6.287827
8.708314
11.043306
13.27049
15.368566
17.317537
19.098912
20.695866
22.093387
23.278397
24.239854
24.968833
25.458589
25.704601
26.149871
25.895676
25.389863
24.637549
23.646325
22.426156
20.989257
19.349945
17.524475
15.530861
13.388684
11.118892
8.7436086
6.2859945
3.7699037
1.2171838
-1.3602491
-3.9077565
-6.4138816
-8.8573907
-11.214778
-13.463301
-15.581427
-17.548973
-19.347279
-20.95937
-22.370102
-23.566287
-24.536791
-25.272619
-25.766971
-26.015289
-26.015289
-25.766971
-25.272619
-24.536791
-23.566287
-22.370102
-20.95937
-19.347279
-17.548973
-15.581427
-13.463301
-11.214778
-8.8573907
-6.4138816
-3.9077565
-1.3602491
1.2171838
3.7699037
6.2859945
8.7436085
11.118892
13.388684
15.530861
17.524475
19.349945
20.989257
22.426156
23.646325
24.637549
25.389863
25.895676
26.149871
17.202601
17.042303
16.722944
16.247013
15.618265
14.841741
13.923792
12.872088
11.695613
10.404645
9.0107085
7.526513
5.965843
4.343417
2.6750931
0.98044311
-0.71178897
-2.4183398
-4.1074142
-5.7588696
-7.3562645
-8.8838855
-10.326598
-11.67004
-12.900787
-14.006489
-14.976003
-15.799517
-16.46866
-16.976608
-17.318163
-17.489821
-17.489821
-17.318163
-16.976608
-16.46866
-15.799517
-14.976003
-14.006489
-12.900787
-11.67004
-10.326598
-8.8838855
-7.3562645
-5.7588696
-4.1074142
-2.4183398
-0.71178897
0.98044311
2.6750931
4.343417
5.965843
7.526513
9.0107085
10.404645
11.695613
12.872088
13.923792
14.841741
15.618265
16.247013
16.722944
17.042303
17.202601
33.546641
33.216643
32.560196
31.584337
30.299471
28.719209
26.86015
24.741643
22.385511
19.815778
17.058361
14.140781
11.091858
7.9414002
4.7194056
1.453019
-1.837975
-5.0884172
-8.2822916
-11.392926
-14.391024
-17.248177
-19.937497
-22.433817
-24.713904
-26.756664
-28.543321
-30.057559
-31.285635
-32.216464
-32.841684
-33.155696
-33.155696
-32.841684
-32.216464
-31.285635
-30.057559
-28.543321
-26.756664
-24.713904
-22.433817
-19.937497
-17.248177
-14.391024
-11.392926
-8.2822916
-5.0884172
-1.837975
1.453019
4.7194055
7.9414002
11.091858
14.140781
17.058361
19.815778
22.385511
24.741643
26.86015
28.719209
30.299471
31.584337
32.560196
33.216643
33.546641
-2.2946752
-2.26299
-2.2004409
-2.1086269
-1.9898409
-1.8469541
-1.6832775
-1.5024117
-1.3080971
-1.1040713
-0.89394074
-0.68106827
-0.4684948
-0.25886357
-0.053761175
0.14952946
0.36214135
0.542306
0.70936409
0.86527484
1.0091744
1.140401
1.2586212
1.3637142
1.4557326
1.5348857
1.6015112
1.6560338
1.6989162
1.7306081
1.7514969
1.7618664
1.7618664
1.7514969
1.7306081
1.6989162
1.6560338
1.6015112
1.5348857
1.4557326
1.3637142
1.2586212
1.140401
1.0091744
0.86527484
0.70936408
0.542306
0.36214135
0.14952947
-0.053761165
-0.25886356
-0.46849478
-0.68106824
-0.89394071
-1.1040713
-1.308097
-1.5024117
-1.6832774
-1.8469541
-1.9898408
-2.1086268
-2.2004409
-2.26299
-2.2946752
56.497976
55.944312
54.842814
53.205051
51.048155
48.394571
45.271731
41.711683
37.750675
33.428708
28.789068
23.877848
18.743458
13.436187
8.0074373
2.5063592
-3.0264218
-8.5129645
-13.906288
-19.159412
-24.223177
-29.049887
-33.594183
-37.813455
-41.668269
-45.122743
-48.144867
-50.706769
-52.784925
-54.360329
-55.418621
-55.95018
-55.95018
-55.418621
-54.360329
-52.784925
-50.706769
-48.144867
-45.122743
-41.668269
-37.813455
-33.594183
-29.049887
-24.223177
-19.159412
-13.906288
-8.5129645
-3.0264218
2.5063591
8.0074373
13.436187
18.743458
23.877848
28.789068
33.428708
37.750675
41.711683
45.271731
48.394571
51.048155
53.205051
54.842814
55.944312
56.497976
-37.120331
-36.753622
-36.024212
-34.94005
-33.512882
-31.758063
-29.694306
-27.343396
-24.729878
-21.880725
-18.825001
-15.593519
-12.218513
-8.7332829
-5.1718367
-1.5680292
2.0462163
5.6467255
9.178314
12.612984
15.920682
19.071112
22.035237
24.785746
27.297355
29.547078
31.51443
33.181599
34.533572
35.558236
36.246448
36.592088
36.592088
36.246448
35.558236
34.533572
33.181599
31.51443
29.547078
27.297355
24.785746
22.035237
19.071112
15.920682
12.612984
9.178314
5.6467255
2.0462163
-1.5680292
-5.1718366
-8.7332828
-12.218513
-15.593519
-18.825001
-21.880725
-24.729878
-27.343396
-29.694306
-31.758063
-33.512882
-34.94005
-36.024212
-36.753622
-37.120331
94.341442
93.427046
91.607341
88.900393
85.333045
80.940607
75.766467
69.861606
63.284053
56.098264
48.374458
40.187901
31.618158
22.748277
13.664042
4.4536776
-4.7927249
-13.996779
-23.058443
-31.892519
-40.415461
-48.546153
-56.207151
-63.325539
-69.833652
-75.669721
-80.778451
-85.11152
-88.628008
-91.294757
-93.086651
-93.986831
-93.986831
-93.086651
-91.294757
-88.628008
-85.11152
-80.778451
-75.669721
-69.833652
-63.325539
-56.207151
-48.546153
-40.415461
-31.892519
-23.058443
-13.996779
-4.7927249
4.4536776
13.664042
22.748277
31.618158
40.187901
48.374458
56.098264
63.284053
69.861606
75.766467
80.940607
85.333044
88.900393
91.607341
93.427046
94.341442
)
;

boundaryField
{
    leftWall
    {
        type            cyclic;
    }
    rightWall
    {
        type            cyclic;
    }
    lowerWall
    {
        type            fixedFluxPressure;
        gradient        uniform 0;
        value           nonuniform List<scalar> 
64
(
-21.828072
-21.61807
-21.200072
-20.578077
-19.758031
-18.747783
-17.55701
-16.197124
-14.681173
-13.023713
-11.240675
-9.34921
-7.367528
-5.3147182
-3.2105669
-1.0753658
1.0702912
3.2057225
5.3103207
7.3637754
9.3462958
11.23877
13.022957
14.681669
16.19893
17.560133
18.752176
19.763589
20.584645
21.207445
21.626002
21.836291
21.836291
21.626002
21.207445
20.584645
19.763589
18.752176
17.560133
16.19893
14.681669
13.022957
11.23877
9.3462958
7.3637754
5.3103207
3.2057225
1.0702912
-1.0753658
-3.2105669
-5.3147182
-7.367528
-9.34921
-11.240675
-13.023713
-14.681173
-16.197124
-17.55701
-18.747783
-19.758031
-20.578077
-21.200072
-21.61807
-21.828072
)
;
    }
    atmosphere
    {
        type            totalPressure;
        rho             rho;
        psi             none;
        gamma           1;
        p0              uniform 0;
        value           nonuniform List<scalar> 
64
(
0
0
0
0
0
0
0
0
0
0
0
0
0
0
0
0
-0.0021357774
-0.0021123625
-0.0020480973
-0.0019446237
-0.0018058184
-0.0016370329
-0.0014448799
-0.0012369975
-0.0010217607
-0.00080795073
-0.00060439268
-0.0004195772
-0.0002612847
-0.00013623133
-4.9756268e-05
-5.5684738e-06
-5.568474e-06
-4.9756269e-05
-0.00013623134
-0.0002612847
-0.0004195772
-0.00060439268
-0.00080795073
-0.0010217607
-0.0012369975
-0.0014448799
-0.0016370329
-0.0018058184
-0.0019446237
-0.0020480973
-0.0021123625
-0.0021357774
0
0
0
0
0
0
0
0
0
0
0
0
0
0
0
0
)
;
    }
    defaultFaces
    {
        type            empty;
    }
}


// ************************************************************************* //
