/*--------------------------------*- C++ -*----------------------------------*\
| =========                 |                                                 |
| \\      /  F ield         | OpenFOAM: The Open Source CFD Toolbox           |
|  \\    /   O peration     | Version:  2106                                  |
|   \\  /    A nd           | Website:  www.openfoam.com                      |
|    \\/     M anipulation  |                                                 |
\*---------------------------------------------------------------------------*/
FoamFile
{
    version     2.0;
    format      ascii;
    arch        "LSB;label=32;scalar=64";
    class       volScalarField;
    location    "0.011";
    object      reconstructedDistanceFunction;
}
// * * * * * * * * * * * * * * * * * * * * * * * * * * * * * * * * * * * * * //

dimensions      [0 1 0 0 0 0 0];

internalField   nonuniform List<scalar> 
1024
(
0
0
0
0
0
0
0
0
0
0
0
0
0
0
0
0
0
0
0
0
0
0
0
0
0
0
0
0
0
0
0
0
0
0
0
0
0
0
0
0
0
0
0
0
0
0
0
0
0
0
0
0
0
0
0
0
0
0
0
0
0
0
0
0
0
0
0
0
0
0
0
0
0
0
0
0
0
0
0
0
0
0
0
0
0
0
0
0
0
0
0
0
0
0
0
0
0
0
0
0
0
0
0
0
0
0
0
0
0
0
0
0
0
0
0
0
0
0
0
0
0
0
0
0
0
0
0
0
0
0
0
0
0
0
0
0
0
0
0
0
0
0
0
0
0
0
0
0
0
0
0
0
0
0
0
0
0
0
0
0
0
0
0
0
0
0
0
0
0
0
0
0
0
0
0
0
0
0
0
0
0
0
0
0
0
0
0
0
0
0
0
0
0
0
0
0
0
0
0
0
0
0
0
0
0
0
0
0
0
0
0
0
0
0
0
0
0
0
0
0
0
0
0
0
0
0
0
0
0
0
0
0
0
0
0
0
0
0
0
0
0
0
0
0
0
0
0
0
0
0
0
0
0
0
0
0
0
0
0
0
0
0
0
0
0
0
0
0
0
0
0
0
0
0
0
0
0
0
0
0
0
0
0
0
0
0
0
0
0
0
0
0
0
0
0
0
0
0
0
0
0
0
0
0
0
0
0
0
0
0
0
0
0
0
0
0
0
0
0
0
0
0
0
0
0
0
0
0
0
0
0
0
0
0
0
0
0
0
0
0
0
0
0
0
0
0
0
0
0
0
0
0
0
0
0
0
0
0
0
0
0
0
0
0
0
0
0
0
0
0
0
0
0
0
0
0
0
0
0
0
0
0
0
0
0.10459603
0.10477696
0.10513265
0.10564885
0.10630892
0.10707966
0.10794547
0.10885815
0.10979507
0.11071416
0.11159308
0
0
0
0
0
0
0
0
0
0
0.11159308
0.11071416
0.10979507
0.10885815
0.10794547
0.10707966
0.10630892
0.10564885
0.10513265
0.10477696
0.10459603
0.073346034
0.073528119
0.073885959
0.074404614
0.075067384
0.075840688
0.076708371
0.077621969
0.078558893
0.079477056
0.080354108
0.081140179
0.08181662
0.082347858
0.08271603
0.082903681
0.082903681
0.08271603
0.082347858
0.08181662
0.081140179
0.080354108
0.079477056
0.078558893
0.077621969
0.076708371
0.075840688
0.075067384
0.074404614
0.073885959
0.073528119
0.073346034
0.042096034
0.042279276
0.042639272
0.043160376
0.043825853
0.044601715
0.045471273
0.046385788
0.047322711
0.048239956
0.049115137
0.049898668
0.050572371
0.051101043
0.051467241
0.051653819
0.051653819
0.051467241
0.051101043
0.050572371
0.049898668
0.049115137
0.048239956
0.047322711
0.046385788
0.045471273
0.044601715
0.043825853
0.043160376
0.042639272
0.042279276
0.042096034
0.010846034
0.011030434
0.011392584
0.011916138
0.012584322
0.013362741
0.014234175
0.015149607
0.01608653
0.017002856
0.017876165
0.018657156
0.019328122
0.019854227
0.020218453
0.020403957
0.020403957
0.020218453
0.019854227
0.019328122
0.018657156
0.017876165
0.017002856
0.01608653
0.015149607
0.014234175
0.013362741
0.012584322
0.011916138
0.011392584
0.011030434
0.010846034
-0.020403966
-0.020218409
-0.019854104
-0.0193281
-0.018657209
-0.017876232
-0.017002923
-0.016086574
-0.015149652
-0.014234244
-0.013362806
-0.012584355
-0.011916126
-0.011392589
-0.011030336
-0.010845905
-0.010845905
-0.011030336
-0.011392589
-0.011916126
-0.012584355
-0.013362806
-0.014234244
-0.015149652
-0.016086574
-0.017002923
-0.017876232
-0.018657209
-0.0193281
-0.019854104
-0.020218409
-0.020403966
-0.051653966
-0.051467252
-0.051100791
-0.050572337
-0.04989874
-0.049115206
-0.04824002
-0.047322755
-0.046385834
-0.045471344
-0.044601777
-0.043825866
-0.043160375
-0.042639404
-0.042279125
-0.042095766
-0.042095766
-0.042279125
-0.042639404
-0.043160375
-0.043825866
-0.044601777
-0.045471344
-0.046385834
-0.047322755
-0.04824002
-0.049115206
-0.04989874
-0.050572337
-0.051100791
-0.051467252
-0.051653966
-0.082903966
-0.082716094
-0.082347479
-0.081816575
-0.081140271
-0.080354179
-0.079477118
-0.078558936
-0.077622015
-0.076708445
-0.075840749
-0.075067378
-0.074404624
-0.07388622
-0.073527914
-0.073345628
-0.073345628
-0.073527914
-0.07388622
-0.074404624
-0.075067378
-0.075840749
-0.076708445
-0.077622015
-0.078558936
-0.079477118
-0.080354179
-0.081140271
-0.081816575
-0.082347479
-0.082716094
-0.082903966
0
0
0
0
0
-0.11159315
-0.11071422
-0.10979512
-0.1088582
-0.10794554
-0.10707972
-0.10630889
-0.10564887
-0.10513304
-0.1047767
-0.10459549
-0.10459549
-0.1047767
-0.10513304
-0.10564887
-0.10630889
-0.10707972
-0.10794554
-0.1088582
-0.10979512
-0.11071422
-0.11159315
0
0
0
0
0
0
0
0
0
0
0
0
0
0
0
0
0
0
0
0
0
0
0
0
0
0
0
0
0
0
0
0
0
0
0
0
0
0
0
0
0
0
0
0
0
0
0
0
0
0
0
0
0
0
0
0
0
0
0
0
0
0
0
0
0
0
0
0
0
0
0
0
0
0
0
0
0
0
0
0
0
0
0
0
0
0
0
0
0
0
0
0
0
0
0
0
0
0
0
0
0
0
0
0
0
0
0
0
0
0
0
0
0
0
0
0
0
0
0
0
0
0
0
0
0
0
0
0
0
0
0
0
0
0
0
0
0
0
0
0
0
0
0
0
0
0
0
0
0
0
0
0
0
0
0
0
0
0
0
0
0
0
0
0
0
0
0
0
0
0
0
0
0
0
0
0
0
0
0
0
0
0
0
0
0
0
0
0
0
0
0
0
0
0
0
0
0
0
0
0
0
0
0
0
0
0
0
0
0
0
0
0
0
0
0
0
0
0
0
0
0
0
0
0
0
0
0
0
0
0
0
0
0
0
0
0
0
0
0
0
0
0
0
0
0
0
0
0
0
0
0
0
0
0
0
0
0
0
0
0
0
0
0
0
0
0
0
0
0
0
0
0
0
0
0
0
0
0
0
0
0
0
0
0
0
0
0
0
0
0
0
0
0
0
0
0
0
0
0
0
0
0
0
0
0
0
0
0
0
0
0
0
0
0
0
0
0
0
0
0
0
0
0
0
0
0
0
0
0
0
0
0
0
0
0
0
0
0
0
0
0
0
0
0
0
0
0
0
0
0
0
0
0
0
0
0
0
0
0
0
0
0
0
0
0
0
0
0
0
0
0
0
0
0
0
0
0
0
0
0
0
0
0
0
0
0
0
0
0
)
;

boundaryField
{
    leftWall
    {
        type            cyclic;
    }
    rightWall
    {
        type            cyclic;
    }
    lowerWall
    {
        type            calculated;
        value           uniform 0;
    }
    atmosphere
    {
        type            calculated;
        value           uniform 0;
    }
    defaultFaces
    {
        type            empty;
    }
}


// ************************************************************************* //
