/*--------------------------------*- C++ -*----------------------------------*\
| =========                 |                                                 |
| \\      /  F ield         | OpenFOAM: The Open Source CFD Toolbox           |
|  \\    /   O peration     | Version:  2306                                  |
|   \\  /    A nd           | Website:  www.openfoam.com                      |
|    \\/     M anipulation  |                                                 |
\*---------------------------------------------------------------------------*/
FoamFile
{
    version     2.0;
    format      ascii;
    arch        "LSB;label=32;scalar=64";
    class       volScalarField;
    location    "0.02";
    object      K_;
}
// * * * * * * * * * * * * * * * * * * * * * * * * * * * * * * * * * * * * * //

dimensions      [0 -1 0 0 0 0 0];

internalField   nonuniform List<scalar> 
6400
(
0
0
0
0
0
0
0
0
0
0
0
0
0
0
0
0
0
0
0
0
0
0
0
0
0
0
0
0
0
0
0
0
0
0
0
0
0
0
0
0
0
0
0
0
0
0
0
0
0
0
0
0
0
0
0
0
0
0
0
0
0
0
0
0
0
0
0
0
0
0
0
0
0
0
0
0
0
0
0
0
0
0
0
0
0
0
0
0
0
0
0
0
0
0
0
0
0
0
0
0
0
0
0
0
0
0
0
0
0
0
0
0
0
0
0
0
0
0
0
0
0
0
0
0
0
0
0
0
0
0
0
0
0
0
0
0
0
0
0
0
0
0
0
0
0
0
0
0
0
0
0
0
0
0
0
0
0
0
0
0
0
0
0
0
0
0
0
0
0
0
0
0
0
0
0
0
0
0
0
0
0
0
0
0
0
0
0
0
0
0
0
0
0
0
0
0
0
0
0
0
0
0
0
0
0
0
0
0
0
0
0
0
0
0
0
0
0
0
0
0
0
0
0
0
0
0
0
0
0
0
0
0
0
0
0
0
0
0
0
0
0
0
0
0
0
0
0
0
0
0
0
0
0
0
0
0
0
0
0
0
0
0
0
0
0
0
0
0
0
0
0
0
0
0
0
0
0
0
0
0
0
0
0
0
0
0
0
0
0
0
0
0
0
0
0
0
0
0
0
0
0
0
0
0
0
0
0
0
0
0
0
0
0
0
0
0
0
0
0
0
0
0
0
0
0
0
0
0
0
0
0
0
0
0
0
0
0
0
0
0
0
0
0
0
0
0
0
0
0
0
0
0
0
0
0
0
0
0
0
0
0
0
0
0
0
0
0
0
0
0
0
0
0
0
0
0
0
0
0
0
0
0
0
0
0
0
0
0
0
0
0
0
0
0
0
0
0
0
0
0
0
0
0
0
0
0
0
0
0
0
0
0
0
0
0
0
0
0
0
0
0
0
0
0
0
0
0
0
0
0
0
0
0
0
0
0
0
0
0
0
0
0
0
0
0
0
0
0
0
0
0
0
0
0
0
0
0
0
0
0
0
0
0
0
0
0
0
0
0
0
0
0
0
0
0
0
0
0
0
0
0
0
0
0
0
0
0
0
0
0
0
0
0
0
0
0
0
0
0
0
0
0
0
0
0
0
0
0
0
0
0
0
0
0
0
0
0
0
0
0
0
0
0
0
0
0
0
0
0
0
0
0
0
0
0
0
0
0
0
0
0
0
0
0
0
0
0
0
0
0
0
0
0
0
0
0
0
0
0
0
0
0
0
0
0
0
0
0
0
0
0
0
0
0
0
0
0
0
0
0
0
0
0
0
0
0
0
0
0
0
0
0
0
0
0
0
0
0
0
0
0
0
0
0
0
0
0
0
0
0
0
0
0
0
0
0
0
0
0
0
0
0
0
0
0
0
0
0
0
0
0
0
0
0
0
0
0
0
0
0
0
0
0
0
0
0
0
0
0
0
0
0
0
0
0
0
0
0
0
0
0
0
0
0
0
0
0
0
0
0
0
0
0
0
0
0
0
0
0
0
0
0
0
0
0
0
0
0
0
0
0
0
0
0
0
0
0
0
0
0
0
0
0
0
0
0
0
0
0
0
0
0
0
0
0
0
0
0
0
0
0
0
0
0
0
0
0
0
0
0
0
0
0
0
0
0
0
0
0
0
0
0
0
0
0
0
0
0
0
0
0
0
0
0
0
0
0
0
0
0
0
0
0
0
0
0
0
0
0
0
0
0
0
0
0
0
0
0
0
0
0
0
0
0
0
0
0
0
0
0
0
0
0
0
0
0
0
0
0
0
0
0
0
0
0
0
0
0
0
0
0
0
0
0
0
0
0
0
0
0
0
0
0
0
0
0
0
0
0
0
0
0
0
0
0
0
0
0
0
0
0
0
0
0
0
0
0
0
0
0
0
0
0
0
0
0
0
0
0
0
0
0
0
0
0
0
0
0
0
0
0
0
0
0
0
0
0
0
0
0
0
0
0
0
0
0
0
0
0
0
0
0
0
0
0
0
0
0
0
0
0
0
0
0
0
0
0
0
0
0
0
0
0
0
0
0
0
0
0
0
0
0
0
0
0
0
0
0
0
0
0
0
0
0
0
0
0
0
0
0
0
0
0
0
0
0
0
0
0
0
0
0
0
0
0
0
0
0
0
0
0
0
0
0
0
0
0
0
0
0
0
0
0
0
0
0
0
0
0
0
0
0
0
0
0
0
0
0
0
0
0
0
0
0
0
0
0
0
0
0
0
0
0
0
0
0
0
0
0
0
0
0
0
0
0
0
0
0
0
0
0
0
0
0
0
0
0
0
0
0
0
0
0
0
0
0
0
0
0
0
0
0
0
0
0
0
0
0
0
0
0
0
0
0
0
0
0
0
0
0
0
0
0
0
0
0
0
0
0
0
0
0
0
0
0
0
0
0
0
0
0
0
0
0
0
0
0
0
0
0
0
0
0
0
0
0
0
0
0
0
0
0
0
0
0
0
0
0
0
0
0
0
0
0
0
0
0
0
0
0
0
0
0
0
0
0
0
0
0
0
0
0
0
0
0
0
0
0
0
0
0
0
0
0
0
0
0
0
0
0
0
0
0
0
0
0
0
0
0
0
0
0
0
0
0
0
0
0
0
0
0
0
0
0
0
0
0
0
0
0
0
0
0
0
0
0
0
0
0
0
0
0
0
0
0
0
0
0
0
0
0
0
0
0
0
0
0
0
0
0
0
0
0
0
0
0
0
0
0
0
0
0
0
0
0
0
0
0
0
0
0
0
0
0
0
0
0
0
0
0
0
0
0
0
0
0
0
0
0
0
0
0
0
0
0
0
0
0
0
0
0
0
0
0
0
0
0
0
0
0
0
0
0
0
0
0
0
0
0
0
-36.149632
-40.643376
-25.14837
-25.14837
-25.14837
-68.660245
-31.956341
-31.956341
-6.8097381
-6.8097381
-6.8752843
-4.4010883
-2.2023422
-0.66629129
0.16717036
0.4351228
0.40721353
0.28122449
0.15982085
0.079792387
0.038434935
0.020240405
0.01287542
0.0096554539
0.0077340022
0.0062383044
0.0050045377
0.0040101602
0.0032300991
0.00262396
0.0021509401
0.0017782651
0.0014815787
0.001243128
0.0010498741
0.000892073
0.00076230303
0.00065485473
0.00056531407
0.00049024537
0.00042695589
0.00037332027
0.00032764814
0.00028858391
0.0002550314
0.00022609735
0.00020104953
0.00017928546
0.00016030845
0.00014370798
0.00012914293
0.00011632756
0.00010502064
9.5017459e-05
8.6143755e-05
7.8252784e-05
7.1219676e-05
6.4937459e-05
5.9319157e-05
5.4278252e-05
4.9733565e-05
4.5637002e-05
4.193967e-05
3.8597003e-05
3.5589836e-05
3.287174e-05
3.0392193e-05
2.8131757e-05
2.6065394e-05
2.4176225e-05
2.2452186e-05
2.0866875e-05
1.9419166e-05
1.8119002e-05
1.6927425e-05
1.5810173e-05
1.4787141e-05
1.3843519e-05
1.2954701e-05
1.2142027e-05
-36.149632
-40.643376
-25.14837
-25.14837
-25.14837
-68.660245
-31.956341
-31.956341
-6.8097381
-6.8097381
-6.8752843
-4.4010883
-2.2023422
-0.66629129
0.16717036
0.4351228
0.40721353
0.28122449
0.15982085
0.079792387
0.038434935
0.020240405
0.01287542
0.0096554539
0.0077340022
0.0062383044
0.0050045377
0.0040101602
0.0032300991
0.00262396
0.0021509401
0.0017782651
0.0014815787
0.001243128
0.0010498741
0.000892073
0.00076230303
0.00065485473
0.00056531407
0.00049024537
0.00042695589
0.00037332027
0.00032764814
0.00028858391
0.0002550314
0.00022609735
0.00020104953
0.00017928546
0.00016030845
0.00014370798
0.00012914293
0.00011632756
0.00010502064
9.5017459e-05
8.6143755e-05
7.8252784e-05
7.1219676e-05
6.4937459e-05
5.9319157e-05
5.4278252e-05
4.9733565e-05
4.5637002e-05
4.193967e-05
3.8597003e-05
3.5589836e-05
3.287174e-05
3.0392193e-05
2.8131757e-05
2.6065394e-05
2.4176225e-05
2.2452186e-05
2.0866875e-05
1.9419166e-05
1.8119002e-05
1.6927425e-05
1.5810173e-05
1.4787141e-05
1.3843519e-05
1.2954701e-05
1.2142027e-05
-36.149632
-40.643376
-25.14837
-25.14837
-68.660245
-68.660245
-31.956341
-31.956341
-6.8097381
-6.8097381
-6.8752843
-4.4010883
-2.2023422
-0.66629129
0.16717036
0.4351228
0.40721353
0.28122449
0.15982085
0.079792387
0.038434935
0.020240405
0.01287542
0.0096554539
0.0077340022
0.0062383044
0.0050045377
0.0040101602
0.0032300991
0.00262396
0.0021509401
0.0017782651
0.0014815787
0.001243128
0.0010498741
0.000892073
0.00076230303
0.00065485473
0.00056531407
0.00049024537
0.00042695589
0.00037332027
0.00032764814
0.00028858391
0.0002550314
0.00022609735
0.00020104953
0.00017928546
0.00016030845
0.00014370798
0.00012914293
0.00011632756
0.00010502064
9.5017459e-05
8.6143755e-05
7.8252784e-05
7.1219676e-05
6.4937459e-05
5.9319157e-05
5.4278252e-05
4.9733565e-05
4.5637002e-05
4.193967e-05
3.8597003e-05
3.5589836e-05
3.287174e-05
3.0392193e-05
2.8131757e-05
2.6065394e-05
2.4176225e-05
2.2452186e-05
2.0866875e-05
1.9419166e-05
1.8119002e-05
1.6927425e-05
1.5810173e-05
1.4787141e-05
1.3843519e-05
1.2954701e-05
1.2142027e-05
-36.149632
-40.643376
-25.14837
-25.14837
-50.170946
-68.660245
-31.956341
-31.956341
-7.9454652
-6.8097381
-6.8752843
-4.4010883
-2.2023422
-0.66629129
0.16717036
0.4351228
0.40721353
0.28122449
0.15982085
0.079792387
0.038434935
0.020240405
0.01287542
0.0096554539
0.0077340022
0.0062383044
0.0050045377
0.0040101602
0.0032300991
0.00262396
0.0021509401
0.0017782651
0.0014815787
0.001243128
0.0010498741
0.000892073
0.00076230303
0.00065485473
0.00056531407
0.00049024537
0.00042695589
0.00037332027
0.00032764814
0.00028858391
0.0002550314
0.00022609735
0.00020104953
0.00017928546
0.00016030845
0.00014370798
0.00012914293
0.00011632756
0.00010502064
9.5017459e-05
8.6143755e-05
7.8252784e-05
7.1219676e-05
6.4937459e-05
5.9319157e-05
5.4278252e-05
4.9733565e-05
4.5637002e-05
4.193967e-05
3.8597003e-05
3.5589836e-05
3.287174e-05
3.0392193e-05
2.8131757e-05
2.6065394e-05
2.4176225e-05
2.2452186e-05
2.0866875e-05
1.9419166e-05
1.8119002e-05
1.6927425e-05
1.5810173e-05
1.4787141e-05
1.3843519e-05
1.2954701e-05
1.2142027e-05
-85.11831
-40.643376
-37.488523
-8.3755111
-50.170946
-68.660245
-31.956341
-7.3694977
-7.9454652
-7.1266709
-7.7623213
-4.4010883
-2.2023422
-0.66629129
0.16717036
0.4351228
0.40721353
0.28122449
0.15982085
0.079792387
0.038434935
0.020240405
0.01287542
0.0096554539
0.0077340022
0.0062383044
0.0050045377
0.0040101602
0.0032300991
0.00262396
0.0021509401
0.0017782651
0.0014815787
0.001243128
0.0010498741
0.000892073
0.00076230303
0.00065485473
0.00056531407
0.00049024537
0.00042695589
0.00037332027
0.00032764814
0.00028858391
0.0002550314
0.00022609735
0.00020104953
0.00017928546
0.00016030845
0.00014370798
0.00012914293
0.00011632756
0.00010502064
9.5017459e-05
8.6143755e-05
7.8252784e-05
7.1219676e-05
6.4937459e-05
5.9319157e-05
5.4278252e-05
4.9733565e-05
4.5637002e-05
4.193967e-05
3.8597003e-05
3.5589836e-05
3.287174e-05
3.0392193e-05
2.8131757e-05
2.6065394e-05
2.4176225e-05
2.2452186e-05
2.0866875e-05
1.9419166e-05
1.8119002e-05
1.6927425e-05
1.5810173e-05
1.4787141e-05
1.3843519e-05
1.2954701e-05
1.2142027e-05
-57.479618
-39.295279
-36.718071
-8.3755111
-50.170946
-20.431676
-7.480881
-27.496443
-7.9454652
-7.9454652
-7.7623213
-4.4010883
-2.2023422
-0.66629129
0.16717036
0.4351228
0.40721353
0.28122449
0.15982085
0.079792387
0.038434935
0.020240405
0.01287542
0.0096554539
0.0077340022
0.0062383044
0.0050045377
0.0040101602
0.0032300991
0.00262396
0.0021509401
0.0017782651
0.0014815787
0.001243128
0.0010498741
0.000892073
0.00076230303
0.00065485473
0.00056531407
0.00049024537
0.00042695589
0.00037332027
0.00032764814
0.00028858391
0.0002550314
0.00022609735
0.00020104953
0.00017928546
0.00016030845
0.00014370798
0.00012914293
0.00011632756
0.00010502064
9.5017459e-05
8.6143755e-05
7.8252784e-05
7.1219676e-05
6.4937459e-05
5.9319157e-05
5.4278252e-05
4.9733565e-05
4.5637002e-05
4.193967e-05
3.8597003e-05
3.5589836e-05
3.287174e-05
3.0392193e-05
2.8131757e-05
2.6065394e-05
2.4176225e-05
2.2452186e-05
2.0866875e-05
1.9419166e-05
1.8119002e-05
1.6927425e-05
1.5810173e-05
1.4787141e-05
1.3843519e-05
1.2954701e-05
1.2142027e-05
-57.479618
-39.295279
-36.718071
-8.3755111
-20.431676
-20.431676
-11.858863
-11.858863
-13.001064
-8.7821113
-1.7575094
1.1871627
3.1061984
-0.66629129
0.16717036
0.4351228
0.40721353
0.28122449
0.15982085
0.079792387
0.038434935
0.020240405
0.01287542
0.0096554539
0.0077340022
0.0062383044
0.0050045377
0.0040101602
0.0032300991
0.00262396
0.0021509401
0.0017782651
0.0014815787
0.001243128
0.0010498741
0.000892073
0.00076230303
0.00065485473
0.00056531407
0.00049024537
0.00042695589
0.00037332027
0.00032764814
0.00028858391
0.0002550314
0.00022609735
0.00020104953
0.00017928546
0.00016030845
0.00014370798
0.00012914293
0.00011632756
0.00010502064
9.5017459e-05
8.6143755e-05
7.8252784e-05
7.1219676e-05
6.4937459e-05
5.9319157e-05
5.4278252e-05
4.9733565e-05
4.5637002e-05
4.193967e-05
3.8597003e-05
3.5589836e-05
3.287174e-05
3.0392193e-05
2.8131757e-05
2.6065394e-05
2.4176225e-05
2.2452186e-05
2.0866875e-05
1.9419166e-05
1.8119002e-05
1.6927425e-05
1.5810173e-05
1.4787141e-05
1.3843519e-05
1.2954701e-05
1.2142027e-05
-57.479618
-57.479618
-36.718071
-36.718071
-20.431676
-20.431676
-11.858863
-11.858863
-5.0531961
-2.8740935
-1.7575094
1.1871627
3.0014798
3.7691221
4.37771
4.37771
0.40721353
0.28122449
0
0
0
0
0
0
0
0
0
0
0
0
0
0
0
0
0
0
0
0
0
0
0
0
0
0
0
0
0
0
0
0
0
0
0
0
0
0
0
0
0
0
0
0
0
0
0
0
0
0
0
0
0
0
0
0
0
0
0
0
0
0
-57.479618
-57.479618
-39.295279
-36.718071
-20.431676
-11.858863
-11.858863
-5.0531961
-2.8740935
-1.7078429
1.1871627
3.1061984
3.0014798
3.7691221
4.37771
4.604441
4.4522837
4.3955658
0.15982085
0
0
0
0
0
0
0
0
0
0
0
0
0
0
0
0
0
0
0
0
0
0
0
0
0
0
0
0
0
0
0
0
0
0
0
0
0
0
0
0
0
0
0
0
0
0
0
0
0
0
0
0
0
0
0
0
0
0
0
0
0
0
0
0
0
-11.858863
-11.858863
-5.0531961
-2.8740935
-2.8740935
-1.7078429
3.1061984
3.0014798
3.7691221
4.37771
4.604441
4.4522837
4.3955658
4.3247258
4.3247258
0
0
0
0
0
0
0
0
0
0
0
0
0
0
0
0
0
0
0
0
0
0
0
0
0
0
0
0
0
0
0
0
0
0
0
0
0
0
0
0
0
0
0
0
0
0
0
0
0
0
0
0
0
0
0
0
0
0
0
0
0
0
0
0
0
0
-11.858863
-2.8740935
-2.8740935
-1.7078429
3.1061984
3.1061984
3.7691221
4.37771
4.604441
4.4522837
4.3955658
4.3247258
4.1888353
4.1888353
4.1333425
0
0
0
0
0
0
0
0
0
0
0
0
0
0
0
0
0
0
0
0
0
0
0
0
0
0
0
0
0
0
0
0
0
0
0
0
0
0
0
0
0
0
0
0
0
0
0
0
0
0
0
0
0
0
0
0
0
0
0
0
0
0
0
0
0
0
-2.8740935
-2.8740935
-1.7078429
3.1061984
3.0014798
3.7691221
4.604441
4.4522837
4.3955658
4.3247258
4.1888353
4.1333425
4.1333425
4.0886881
4.0523884
0
0
0
0
0
0
0
0
0
0
0
0
0
0
0
0
0
0
0
0
0
0
0
0
0
0
0
0
0
0
0
0
0
0
0
0
0
0
0
0
0
0
0
0
0
0
0
0
0
0
0
0
0
0
0
0
0
0
0
0
0
0
0
0
0
0
0
3.1061984
3.0014798
3.7691221
4.604441
4.4522837
4.3955658
4.3247258
4.1888353
4.1333425
4.0886881
4.0886881
4.0523884
4.0645191
0
0
0
0
0
0
0
0
0
0
0
0
0
0
0
0
0
0
0
0
0
0
0
0
0
0
0
0
0
0
0
0
0
0
0
0
0
0
0
0
0
0
0
0
0
0
0
0
0
0
0
0
0
0
0
0
0
0
0
0
0
0
0
0
0
0
0
0
0
4.604441
4.4522837
4.3955658
4.3247258
4.1888353
4.1333425
4.0886881
4.0523884
4.0523884
4.0645191
4.0606246
4.0606246
0
0
0
0
0
0
0
0
0
0
0
0
0
0
0
0
0
0
0
0
0
0
0
0
0
0
0
0
0
0
0
0
0
0
0
0
0
0
0
0
0
0
0
0
0
0
0
0
0
0
0
0
0
0
0
0
0
0
0
0
0
0
0
0
0
0
0
0
0
4.3955658
4.3247258
4.1888353
4.0886881
4.0886881
4.0523884
4.0645191
4.0606246
4.0606246
4.0332259
4.0332259
0
0
0
0
0
0
0
0
0
0
0
0
0
0
0
0
0
0
0
0
0
0
0
0
0
0
0
0
0
0
0
0
0
0
0
0
0
0
0
0
0
0
0
0
0
0
0
0
0
0
0
0
0
0
0
0
0
0
0
0
0
0
0
0
0
0
0
0
0
0
4.1333425
4.0886881
4.0523884
4.0645191
4.0645191
4.0606246
4.0332259
4.0332259
4.0280326
4.0280326
4.019186
0
0
0
0
0
0
0
0
0
0
0
0
0
0
0
0
0
0
0
0
0
0
0
0
0
0
0
0
0
0
0
0
0
0
0
0
0
0
0
0
0
0
0
0
0
0
0
0
0
0
0
0
0
0
0
0
0
0
0
0
0
0
0
0
0
0
0
0
0
4.0886881
4.0523884
4.0645191
4.0606246
4.0332259
4.0332259
4.0280326
4.0280326
4.019186
4.019186
4.028283
0
0
0
0
0
0
0
0
0
0
0
0
0
0
0
0
0
0
0
0
0
0
0
0
0
0
0
0
0
0
0
0
0
0
0
0
0
0
0
0
0
0
0
0
0
0
0
0
0
0
0
0
0
0
0
0
0
0
0
0
0
0
0
0
0
0
0
0
0
0
4.0606246
4.0606246
4.0332259
4.0280326
4.019186
4.019186
4.019186
4.028283
4.028283
4.0302431
0
0
0
0
0
0
0
0
0
0
0
0
0
0
0
0
0
0
0
0
0
0
0
0
0
0
0
0
0
0
0
0
0
0
0
0
0
0
0
0
0
0
0
0
0
0
0
0
0
0
0
0
0
0
0
0
0
0
0
0
0
0
0
0
0
0
0
0
0
0
0
4.0280326
4.019186
4.019186
4.028283
4.028283
4.0302431
4.0302431
4.0277795
4.0277795
0
0
0
0
0
0
0
0
0
0
0
0
0
0
0
0
0
0
0
0
0
0
0
0
0
0
0
0
0
0
0
0
0
0
0
0
0
0
0
0
0
0
0
0
0
0
0
0
0
0
0
0
0
0
0
0
0
0
0
0
0
0
0
0
0
0
0
0
0
0
0
4.019186
4.028283
4.0302431
4.0302431
4.0277795
4.0277795
4.0277795
3.9814215
3.9814215
0
0
0
0
0
0
0
0
0
0
0
0
0
0
0
0
0
0
0
0
0
0
0
0
0
0
0
0
0
0
0
0
0
0
0
0
0
0
0
0
0
0
0
0
0
0
0
0
0
0
0
0
0
0
0
0
0
0
0
0
0
0
0
0
0
0
0
0
0
0
0
0
4.0277795
4.0277795
3.9814215
3.9814215
3.9814215
3.9814215
3.9814215
3.9838546
0
0
0
0
0
0
0
0
0
0
0
0
0
0
0
0
0
0
0
0
0
0
0
0
0
0
0
0
0
0
0
0
0
0
0
0
0
0
0
0
0
0
0
0
0
0
0
0
0
0
0
0
0
0
0
0
0
0
0
0
0
0
0
0
0
0
0
0
0
0
0
0
3.9814215
3.9814215
3.9838546
3.9838546
3.9838546
3.9838546
3.9838546
3.9838546
0
0
0
0
0
0
0
0
0
0
0
0
0
0
0
0
0
0
0
0
0
0
0
0
0
0
0
0
0
0
0
0
0
0
0
0
0
0
0
0
0
0
0
0
0
0
0
0
0
0
0
0
0
0
0
0
0
0
0
0
0
0
0
0
0
0
0
0
0
0
0
0
0
4.0016473
4.0016473
4.0016473
4.0016473
4.0016473
4.0016473
4.0016473
0
0
0
0
0
0
0
0
0
0
0
0
0
0
0
0
0
0
0
0
0
0
0
0
0
0
0
0
0
0
0
0
0
0
0
0
0
0
0
0
0
0
0
0
0
0
0
0
0
0
0
0
0
0
0
0
0
0
0
0
0
0
0
0
0
0
0
0
0
0
0
0
0
4.0087567
4.0087567
4.0087567
4.0087567
4.0087567
4.0087567
4.0087567
0
0
0
0
0
0
0
0
0
0
0
0
0
0
0
0
0
0
0
0
0
0
0
0
0
0
0
0
0
0
0
0
0
0
0
0
0
0
0
0
0
0
0
0
0
0
0
0
0
0
0
0
0
0
0
0
0
0
0
0
0
0
0
0
0
0
0
0
0
0
0
0
0
4.0169835
4.0169835
4.0169835
4.0169835
4.0169835
4.0169835
4.0169835
0
0
0
0
0
0
0
0
0
0
0
0
0
0
0
0
0
0
0
0
0
0
0
0
0
0
0
0
0
0
0
0
0
0
0
0
0
0
0
0
0
0
0
0
0
0
0
0
0
0
0
0
0
0
0
0
0
0
0
0
0
0
0
0
0
0
0
0
0
0
0
0
0
4.0163641
4.0163641
4.0163641
4.0163641
4.0163641
4.0163641
4.0163641
0
0
0
0
0
0
0
0
0
0
0
0
0
0
0
0
0
0
0
0
0
0
0
0
0
0
0
0
0
0
0
0
0
0
0
0
0
0
0
0
0
0
0
0
0
0
0
0
0
0
0
0
0
0
0
0
0
0
0
0
0
0
0
0
0
0
0
0
0
0
0
0
0
4.0051288
4.0051288
4.0051288
4.0051288
4.0051288
4.0051288
4.0051288
0
0
0
0
0
0
0
0
0
0
0
0
0
0
0
0
0
0
0
0
0
0
0
0
0
0
0
0
0
0
0
0
0
0
0
0
0
0
0
0
0
0
0
0
0
0
0
0
0
0
0
0
0
0
0
0
0
0
0
0
0
0
0
0
0
0
0
0
0
0
0
0
0
3.9938466
3.9938466
3.9938466
3.9938466
3.9938466
3.9938466
3.9938466
0
0
0
0
0
0
0
0
0
0
0
0
0
0
0
0
0
0
0
0
0
0
0
0
0
0
0
0
0
0
0
0
0
0
0
0
0
0
0
0
0
0
0
0
0
0
0
0
0
0
0
0
0
0
0
0
0
0
0
0
0
0
0
0
0
0
0
0
0
0
0
0
3.9713523
3.9713523
3.9789961
3.9789961
3.9789961
3.9789961
3.9789961
3.9789961
0
0
0
0
0
0
0
0
0
0
0
0
0
0
0
0
0
0
0
0
0
0
0
0
0
0
0
0
0
0
0
0
0
0
0
0
0
0
0
0
0
0
0
0
0
0
0
0
0
0
0
0
0
0
0
0
0
0
0
0
0
0
0
0
0
0
0
0
0
0
0
0
4.0228772
4.0228772
3.9713523
3.9713523
3.9713523
3.9713523
3.9713523
3.9789961
0
0
0
0
0
0
0
0
0
0
0
0
0
0
0
0
0
0
0
0
0
0
0
0
0
0
0
0
0
0
0
0
0
0
0
0
0
0
0
0
0
0
0
0
0
0
0
0
0
0
0
0
0
0
0
0
0
0
0
0
0
0
0
0
0
0
0
0
0
0
0
3.9999106
4.0154993
4.0242624
4.0242624
4.0228772
4.0228772
4.0228772
3.9713523
3.9713523
0
0
0
0
0
0
0
0
0
0
0
0
0
0
0
0
0
0
0
0
0
0
0
0
0
0
0
0
0
0
0
0
0
0
0
0
0
0
0
0
0
0
0
0
0
0
0
0
0
0
0
0
0
0
0
0
0
0
0
0
0
0
0
0
0
0
0
0
0
0
0
4.014118
3.9999106
3.9999106
4.0154993
4.0154993
4.0242624
4.0242624
4.0228772
4.0228772
0
0
0
0
0
0
0
0
0
0
0
0
0
0
0
0
0
0
0
0
0
0
0
0
0
0
0
0
0
0
0
0
0
0
0
0
0
0
0
0
0
0
0
0
0
0
0
0
0
0
0
0
0
0
0
0
0
0
0
0
0
0
0
0
0
0
0
0
0
0
4.01437
4.01437
4.0081519
4.014118
3.9999106
3.9999106
3.9999106
4.0154993
4.0154993
4.0242624
0
0
0
0
0
0
0
0
0
0
0
0
0
0
0
0
0
0
0
0
0
0
0
0
0
0
0
0
0
0
0
0
0
0
0
0
0
0
0
0
0
0
0
0
0
0
0
0
0
0
0
0
0
0
0
0
0
0
0
0
0
0
0
0
0
0
0
0
0
0
3.998334
4.0144583
4.01437
4.0081519
4.0081519
4.014118
4.014118
3.9999106
3.9999106
4.0154993
0
0
0
0
0
0
0
0
0
0
0
0
0
0
0
0
0
0
0
0
0
0
0
0
0
0
0
0
0
0
0
0
0
0
0
0
0
0
0
0
0
0
0
0
0
0
0
0
0
0
0
0
0
0
0
0
0
0
0
0
0
0
0
0
0
0
0
0
0
3.9734012
4.001838
3.998334
4.0144583
4.0144583
4.01437
4.0081519
4.0081519
4.014118
4.014118
3.9999106
0
0
0
0
0
0
0
0
0
0
0
0
0
0
0
0
0
0
0
0
0
0
0
0
0
0
0
0
0
0
0
0
0
0
0
0
0
0
0
0
0
0
0
0
0
0
0
0
0
0
0
0
0
0
0
0
0
0
0
0
0
0
0
0
0
0
0
0
4.030203
4.0101188
3.9734012
4.001838
4.001838
3.998334
4.0144583
4.01437
4.01437
4.0081519
4.0081519
0
0
0
0
0
0
0
0
0
0
0
0
0
0
0
0
0
0
0
0
0
0
0
0
0
0
0
0
0
0
0
0
0
0
0
0
0
0
0
0
0
0
0
0
0
0
0
0
0
0
0
0
0
0
0
0
0
0
0
0
0
0
0
0
0
0
0
0
4.0244892
4.0120656
4.030203
4.0101188
3.9734012
4.001838
4.001838
3.998334
3.998334
4.0144583
4.01437
4.01437
0
0
0
0
0
0
0
0
0
0
0
0
0
0
0
0
0
0
0
0
0
0
0
0
0
0
0
0
0
0
0
0
0
0
0
0
0
0
0
0
0
0
0
0
0
0
0
0
0
0
0
0
0
0
0
0
0
0
0
0
0
0
0
0
0
0
0
3.975611
4.0056185
4.0244892
4.0120656
4.030203
4.0101188
3.9734012
3.9734012
4.001838
4.001838
3.998334
4.0144583
0
0
0
0
0
0
0
0
0
0
0
0
0
0
0
0
0
0
0
0
0
0
0
0
0
0
0
0
0
0
0
0
0
0
0
0
0
0
0
0
0
0
0
0
0
0
0
0
0
0
0
0
0
0
0
0
0
0
0
0
0
0
0
0
0
0
4.0123309
4.0001669
3.9949735
3.975611
4.0056185
4.0244892
4.0120656
4.030203
4.0101188
3.9734012
3.9734012
4.001838
4.001838
3.998334
0
0
0
0
0
0
0
0
0
0
0
0
0
0
0
0
0
0
0
0
0
0
0
0
0
0
0
0
0
0
0
0
0
0
0
0
0
0
0
0
0
0
0
0
0
0
0
0
0
0
0
0
0
0
0
0
0
0
0
0
0
0
0
0
4.0076486
4.0144035
4.0123309
4.015321
4.0001669
3.9949735
3.975611
4.0056185
4.0244892
4.0120656
4.030203
4.0101188
3.9734012
3.9734012
4.001838
0
0
0
0
0
0
0
0
0
0
0
0
0
0
0
0
0
0
0
0
0
0
0
0
0
0
0
0
0
0
0
0
0
0
0
0
0
0
0
0
0
0
0
0
0
0
0
0
0
0
0
0
0
0
0
0
0
0
0
0
0
0
0
4.0102441
3.9810288
4.0026538
4.0076486
4.007615
4.0123309
4.015321
3.9949735
3.9949735
3.975611
4.0056185
4.0244892
4.0120656
4.030203
4.0101188
4.0101188
0
0
0
0
0
0
0
0
0
0
0
0
0
0
0
0
0
0
0
0
0
0
0
0
0
0
0
0
0
0
0
0
0
0
0
0
0
0
0
0
0
0
0
0
0
0
0
0
0
0
0
0
0
0
0
0
0
0
0
0
0
4.1589302
4.0675809
3.97154
4.0102441
3.9810288
3.9897424
4.0076486
4.0144035
4.007615
4.015321
4.0001669
3.9949735
3.975611
3.975611
4.0056185
4.0244892
4.0120656
4.030203
4.0101188
0
0
0
0
0
0
0
0
0
0
0
0
0
0
0
0
0
0
0
0
0
0
0
0
0
0
0
0
0
0
0
0
0
0
0
0
0
0
0
0
0
0
0
0
0
0
0
0
0
0
0
0
0
0
0
0
0
0
0
0
0
4.1589302
4.0675809
3.97154
3.898416
4.0102441
3.9897424
4.0026538
4.0076486
4.007615
4.0123309
4.015321
4.0001669
3.9949735
3.975611
3.975611
4.0056185
4.0244892
4.0120656
0
0
0
0
0
0
0
0
0
0
0
0
0
0
0
0
0
0
0
0
0
0
0
0
0
0
0
0
0
0
0
0
0
0
0
0
0
0
0
0
0
0
0
0
0
0
0
0
0
0
0
0
0
0
0
0
0
0
0
0
0
0
4.1589302
4.0675809
3.97154
3.898416
4.0102441
3.9810288
4.0026538
4.0076486
4.0144035
4.007615
4.0123309
4.0001669
3.9949735
3.9949735
3.975611
4.0056185
4.0056185
0
0
0
0
0
0
0
0
0
0
0
0
0
0
0
0
0
0
0
0
0
0
0
0
0
0
0
0
0
0
0
0
0
0
0
0
0
0
0
0
0
0
0
0
0
0
0
0
0
0
0
0
0
0
0
0
0
0
0
0
0
0
0
4.1589302
4.0675809
3.97154
3.898416
4.0102441
3.9810288
3.9897424
4.0076486
4.0144035
4.007615
4.0123309
4.015321
4.0001669
3.9949735
3.9949735
0
0
0
0
0
0
0
0
0
0
0
0
0
0
0
0
0
0
0
0
0
0
0
0
0
0
0
0
0
0
0
0
0
0
0
0
0
0
0
0
0
0
0
0
0
0
0
0
0
0
0
0
0
0
0
0
0
0
0
0
0
0
0
0
0
4.1924448
4.1417927
3.97154
3.898416
4.0102441
3.9810288
3.9897424
4.0026538
4.0076486
4.0144035
4.007615
4.0123309
4.015321
4.0001669
0
0
0
0
0
0
0
0
0
0
0
0
0
0
0
0
0
0
0
0
0
0
0
0
0
0
0
0
0
0
0
0
0
0
0
0
0
0
0
0
0
0
0
0
0
0
0
0
0
0
0
0
0
0
0
0
0
0
0
0
0
0
0
0
0
0
4.1924448
4.0675809
3.97154
3.898416
4.0102441
4.0102441
3.9810288
4.0026538
4.0076486
4.0144035
4.007615
4.0123309
0
0
0
0
0
0
0
0
0
0
0
0
0
0
0
0
0
0
0
0
0
0
0
0
0
0
0
0
0
0
0
0
0
0
0
0
0
0
0
0
0
0
0
0
0
0
0
0
0
0
0
0
0
0
0
0
0
0
0
0
0
0
0
0
0
0
0
0
4.1924448
4.0675809
3.97154
3.898416
3.898416
4.0102441
3.9810288
3.9897424
4.0026538
4.0076486
0
0
0
0
0
0
0
0
0
0
0
0
0
0
0
0
0
0
0
0
0
0
0
0
0
0
0
0
0
0
0
0
0
0
0
0
0
0
0
0
0
0
0
0
0
0
0
0
0
0
0
0
0
0
0
0
0
0
0
0
0
0
0
0
0
0
0
0
0
0
4.1924448
4.1417927
3.97154
3.97154
3.898416
0
0
0
0
0
0
0
0
0
0
0
0
0
0
0
0
0
0
0
0
0
0
0
0
0
0
0
0
0
0
0
0
0
0
0
0
0
0
0
0
0
0
0
0
0
0
0
0
0
0
0
0
0
0
0
0
0
0
0
0
0
0
0
0
0
0
0
0
0
0
0
0
0
0
0
0
0
0
0
0
0
0
0
0
0
0
0
0
0
0
0
0
0
0
0
0
0
0
0
0
0
0
0
0
0
0
0
0
0
0
0
0
0
0
0
0
0
0
0
0
0
0
0
0
0
0
0
0
0
0
0
0
0
0
0
0
0
0
0
0
0
0
0
0
0
0
0
0
0
0
0
0
0
0
0
0
0
0
0
0
0
0
0
0
0
0
0
0
0
0
0
0
0
0
0
0
0
0
0
0
0
0
0
0
0
0
0
0
0
0
0
0
0
0
0
0
0
0
0
0
0
0
0
0
0
0
0
0
0
0
0
0
0
0
0
0
0
0
0
0
0
0
0
0
0
0
0
0
0
0
0
0
0
0
0
0
0
0
0
0
0
0
0
0
0
0
0
0
0
0
0
0
0
0
0
0
0
0
0
0
0
0
0
0
0
0
0
0
0
0
0
0
0
0
0
0
0
0
0
0
0
0
0
0
0
0
0
0
0
0
0
0
0
0
0
0
0
0
0
0
0
0
0
0
0
0
0
0
0
0
0
0
0
0
0
0
0
0
0
0
0
0
0
0
0
0
0
0
0
0
0
0
0
0
0
0
0
0
0
0
0
0
0
0
0
0
0
0
0
0
0
0
0
0
0
0
0
0
0
0
0
0
0
0
0
0
0
0
0
0
0
0
0
0
0
0
0
0
0
0
0
0
0
0
0
0
0
0
0
0
0
0
0
0
0
0
0
0
0
0
0
0
0
0
0
0
0
0
0
0
0
0
0
0
0
0
0
0
0
0
0
0
0
0
0
0
0
0
0
0
0
0
0
0
0
0
0
0
0
0
0
0
0
0
0
0
0
0
0
0
0
0
0
0
0
0
0
0
0
0
0
0
0
0
0
0
0
0
0
0
0
0
0
0
0
0
0
0
0
0
0
0
0
0
0
0
0
0
0
0
0
0
0
0
0
0
0
0
0
0
0
0
0
0
0
0
0
0
0
0
0
0
0
0
0
0
0
0
0
0
0
0
0
0
0
0
0
0
0
0
0
0
0
0
0
0
0
0
0
0
0
0
0
0
0
0
0
0
0
0
0
0
0
0
0
0
0
0
0
0
0
0
0
0
0
0
0
0
0
0
0
0
0
0
0
0
0
0
0
0
0
0
0
0
0
0
0
0
0
0
0
0
0
0
0
0
0
0
0
0
0
0
0
0
0
0
0
0
0
0
0
0
0
0
0
0
0
0
0
0
0
0
0
0
0
0
0
0
0
0
0
0
0
0
0
0
0
0
0
0
0
0
0
0
0
0
0
0
0
0
0
0
0
0
0
0
0
0
0
0
0
0
0
0
0
0
0
0
0
0
0
0
0
0
0
0
0
0
0
0
0
0
0
0
0
0
0
0
0
0
0
0
0
0
0
0
0
0
0
0
0
0
0
0
0
0
0
0
0
0
0
0
0
0
0
0
0
0
0
0
0
0
0
0
0
0
0
0
0
0
0
0
0
0
0
0
0
0
0
0
0
0
0
0
0
0
0
0
0
0
0
0
0
0
0
0
0
0
0
0
0
0
0
0
0
0
0
0
0
0
0
0
0
0
0
0
0
0
0
0
0
0
0
0
0
0
0
0
0
0
0
0
0
0
0
0
0
0
0
0
0
0
0
0
0
0
0
0
0
0
0
0
0
0
0
0
0
0
0
0
0
0
0
0
0
0
0
0
0
0
0
0
0
0
0
0
0
0
0
0
0
0
0
0
0
0
0
0
0
0
0
0
0
0
0
0
0
0
0
0
0
0
0
0
0
0
0
0
0
0
0
0
0
0
0
0
0
0
0
0
0
0
0
0
0
0
0
0
0
0
0
0
0
0
0
0
0
0
0
0
0
0
0
0
0
0
0
0
0
0
0
0
0
0
0
0
0
0
0
0
0
0
0
0
0
0
0
0
0
0
0
0
0
0
0
0
0
0
0
0
0
0
0
0
0
0
0
0
0
0
0
0
0
0
0
0
0
0
0
0
0
0
0
0
0
0
0
0
0
0
0
0
0
0
0
0
0
0
0
0
0
0
0
0
0
0
0
0
0
0
0
0
0
0
0
0
0
0
0
0
0
0
0
0
0
0
0
0
0
0
0
0
0
0
0
0
0
0
0
0
0
0
0
0
0
0
0
0
0
0
0
0
0
0
0
0
0
0
0
0
0
0
0
0
0
0
0
0
0
0
0
0
0
0
0
0
0
0
0
0
0
0
0
0
0
0
0
0
0
0
0
0
0
0
0
0
0
0
0
0
0
0
0
0
0
0
0
0
0
0
0
0
0
0
0
0
0
0
0
0
0
0
0
0
0
0
0
0
0
0
0
0
0
0
0
0
0
0
0
0
0
0
0
0
0
0
0
0
0
0
0
0
0
0
0
0
0
0
0
0
0
0
0
0
0
0
0
0
0
0
0
0
0
0
0
0
0
0
0
0
0
0
0
0
0
0
0
0
0
0
0
0
0
0
0
0
0
0
0
0
0
0
0
0
0
0
0
0
0
0
0
0
0
0
0
0
0
0
0
0
0
0
0
0
0
0
0
0
0
0
0
0
0
0
0
0
0
0
0
0
0
0
0
0
0
0
0
0
0
0
0
0
0
0
0
0
0
0
0
0
0
0
0
0
0
0
0
0
0
0
0
0
0
0
0
0
0
0
0
0
0
0
0
0
0
0
0
0
0
0
0
0
0
0
0
)
;

boundaryField
{
    bottom
    {
        type            zeroGradient;
    }
    top
    {
        type            zeroGradient;
    }
    right
    {
        type            zeroGradient;
    }
    back
    {
        type            wedge;
    }
    front
    {
        type            wedge;
    }
    axis
    {
        type            empty;
    }
    procBoundary2to0
    {
        type            processor;
        value           uniform 0;
    }
    procBoundary2to3
    {
        type            processor;
        value           nonuniform List<scalar> 
80
(
0
0
0
0
0
0
0
0
0
0
0
0
0
0
0
0
1.1403295e-05
1.1403295e-05
1.1403295e-05
1.1403295e-05
1.1403295e-05
1.1403295e-05
1.1403295e-05
0
0
0
0
0
0
0
0
0
0
0
0
0
0
0
0
0
0
0
0
0
0
0
0
0
0
0
0
0
0
0
0
0
0
0
0
0
0
0
0
0
0
0
0
0
0
0
0
0
0
0
0
0
0
0
0
0
)
;
    }
    procBoundary2to4
    {
        type            processor;
        value           uniform 0;
    }
}


// ************************************************************************* //
