/*--------------------------------*- C++ -*----------------------------------*\
| =========                 |                                                 |
| \\      /  F ield         | OpenFOAM: The Open Source CFD Toolbox           |
|  \\    /   O peration     | Version:  2306                                  |
|   \\  /    A nd           | Website:  www.openfoam.com                      |
|    \\/     M anipulation  |                                                 |
\*---------------------------------------------------------------------------*/
FoamFile
{
    version     2.0;
    format      ascii;
    arch        "LSB;label=32;scalar=64";
    class       volScalarField;
    location    "0.56";
    object      K_;
}
// * * * * * * * * * * * * * * * * * * * * * * * * * * * * * * * * * * * * * //

dimensions      [0 -1 0 0 0 0 0];

internalField   nonuniform List<scalar> 
6400
(
0
0
0
0
0
0
0
0
0
0
0
0
0
0
0
0
0
0
0
0
0
0
0
0
0
0
0
0
0
0
0
0
0
0
0
0
0
0
0
0
0
0
0
0
0
0
0
0
0
0
0
0
0
0
0
0
0
0
0
0
0
0
0
0
0
0
0
0
0
0
0
0
0
0
0
0
0
0
0
0
0
0
0
0
0
0
0
0
0
0
0
0
0
0
0
0
0
0
0
0
0
0
0
0
0
0
0
0
0
0
0
0
0
0
0
0
0
0
0
0
0
0
0
0
0
0
0
0
0
0
0
0
0
0
0
0
0
0
0
0
0
0
0
0
0
0
0
0
0
0
0
0
0
0
0
0
0
0
0
0
0
0
0
0
0
0
0
0
0
0
0
0
0
0
0
0
0
0
0
0
0
0
0
0
0
0
0
0
0
0
0
0
0
0
0
0
0
0
0
0
0
0
0
0
0
0
0
0
0
0
0
0
0
0
0
0
0
0
0
0
0
0
0
0
0
0
0
0
0
0
0
0
0
0
0
0
0
0
0
0
0
0
0
0
0
0
0
0
0
0
0
0
0
0
0
0
0
0
0
0
0
0
0
0
0
0
0
0
0
0
0
0
0
0
0
0
0
0
0
0
0
0
0
0
0
0
0
0
0
0
0
0
0
0
0
0
0
0
0
0
0
0
0
0
0
0
0
0
0
0
0
0
0
0
0
0
0
0
0
0
0
0
0
0
0
0
0
0
0
0
0
0
0
0
0
0
0
0
0
0
0
0
0
0
0
0
0
0
0
0
0
0
0
0
0
0
0
0
0
0
0
0
0
0
0
0
0
0
0
0
0
0
0
0
0
0
0
0
0
0
0
0
0
0
0
0
0
0
0
0
0
0
0
0
0
0
0
0
0
0
0
0
0
0
0
0
0
0
0
0
0
0
0
0
0
0
0
0
0
0
0
0
0
0
0
0
0
0
0
0
0
0
0
0
0
0
0
0
0
0
0
0
0
0
0
0
0
0
0
0
0
0
0
0
0
0
0
0
0
0
0
0
0
0
0
0
0
0
0
0
0
0
0
0
0
0
0
0
0
0
0
0
0
0
0
0
0
0
0
0
0
0
0
0
0
0
0
0
0
0
0
0
0
0
0
0
0
0
0
0
0
0
0
0
0
0
0
0
0
0
0
0
0
0
0
0
0
0
0
0
0
0
0
0
0
0
0
0
0
0
0
0
0
0
0
0
0
0
0
0
0
0
0
0
0
0
0
0
0
0
0
0
0
0
0
0
0
0
0
0
0
0
0
0
0
0
0
0
0
0
0
0
0
0
0
0
0
0
0
0
0
0
0
0
0
0
0
0
0
0
0
0
0
0
0
0
0
0
0
0
0
0
0
0
0
0
0
0
0
0
0
0
0
0
0
0
0
0
0
0
0
0
0
0
0
0
0
0
0
0
0
0
0
0
0
0
0
0
0
0
0
0
0
0
0
0
0
0
0
0
0
0
0
0
0
0
0
0
0
0
0
0
0
0
0
0
0
0
0
0
0
0
0
0
0
0
0
0
0
0
0
0
0
0
0
0
0
0
0
0
0
0
0
0
0
0
0
0
0
0
0
0
0
0
0
0
0
0
0
0
0
0
0
0
0
0
0
0
0
0
0
0
0
0
0
0
0
0
0
0
0
0
0
0
0
0
0
0
0
0
0
0
0
0
0
0
0
0
0
0
0
0
0
0
0
0
0
0
0
0
0
0
0
0
0
0
0
0
0
0
0
0
0
0
0
0
0
0
0
0
0
0
0
0
0
0
0
0
0
0
0
0
0
0
0
0
0
0
0
0
0
0
0
0
0
0
0
0
0
0
0
0
0
0
0
0
0
0
0
0
0
0
0
0
0
0
0
0
0
0
0
0
0
0
0
0
0
0
0
0
0
0
0
0
0
0
0
0
0
0
0
0
0
0
0
0
0
0
0
0
0
0
0
0
0
0
0
0
0
0
0
0
0
0
0
0
0
0
0
0
0
0
0
0
0
0
0
0
0
0
0
0
0
0
0
0
0
0
0
0
0
0
0
0
0
0
0
0
0
0
0
0
0
0
0
0
0
0
0
0
0
0
0
0
0
0
0
0
0
0
0
0
0
0
0
0
0
0
0
0
0
0
0
0
0
0
0
0
0
0
-37.965182
-37.965182
-30.098355
-30.098355
-30.098355
-30.098355
0
0
0
0
0
0
0
0
0
0
0
0
0
0
0
0
0
0
0
0
0
0
0
0
0
0
0
0
0
0
0
0
0
0
0
0
0
0
0
0
0
0
0
0
0
0
0
0
0
0
0
0
0
0
0
0
0
0
0
0
0
0
0
0
0
0
0
0
0
0
0
0
0
0
-37.965182
-37.965182
-30.098355
-30.098355
-30.098355
-30.098355
0
0
0
0
0
0
0
0
0
0
0
0
0
0
0
0
0
0
0
0
0
0
0
0
0
0
0
0
0
0
0
0
0
0
0
0
0
0
0
0
0
0
0
0
0
0
0
0
0
0
0
0
0
0
0
0
0
0
0
0
0
0
0
0
0
0
0
0
0
0
0
0
0
0
-37.965182
-37.965182
-30.098355
-30.098355
-30.098355
-30.098355
0
0
0
0
0
0
0
0
0
0
0
0
0
0
0
0
0
0
0
0
0
0
0
0
0
0
0
0
0
0
0
0
0
0
0
0
0
0
0
0
0
0
0
0
0
0
0
0
0
0
0
0
0
0
0
0
0
0
0
0
0
0
0
0
0
0
0
0
0
0
0
0
0
0
-37.965182
-29.267851
-30.098355
-30.098355
-30.098355
-30.098355
0
0
0
0
0
0
0
0
0
0
0
0
0
0
0
0
0
0
0
0
0
0
0
0
0
0
0
0
0
0
0
0
0
0
0
0
0
0
0
0
0
0
0
0
0
0
0
0
0
-0.50765069
-0.67702385
-0.76514596
-0.95358088
-1.095515
-1.095515
-1.2147427
-1.3013478
-1.3381184
-1.3436999
-1.3271558
-1.2832279
-1.209774
-1.1042079
-0.96198034
-0.79391054
-0.61323504
-0.61323504
-0.43172651
-0.20624167
-0.13444625
0.016836357
0.17776697
0
0
-48.876174
-60.317527
-57.466014
-57.466014
-57.466014
-57.466014
0
0
0
0
0
0
0
0
0
0
0
0
0
0
0
0
0
0
0
0
0
0
0
0
0
0
0
0
0
0
0
0
0
0
0
0
0
0
0
0
0
0
0
0
0
-0.012993583
-0.10852755
-0.29625216
-0.38630303
-0.50765069
-0.67702385
-0.76514596
-0.83209069
-0.95358088
-1.095515
-1.2147427
-1.3013478
-1.3381184
-1.3436999
-1.3271558
-1.2832279
-1.209774
-1.1042079
-0.96198034
-0.79391054
-0.61323504
-0.43172651
-0.27818763
-0.20624167
0.016836357
0.17776697
0.32980498
0.42947973
0.51250382
-38.003289
-51.014059
-40.913615
-40.913615
-40.913615
-40.913615
0
0
0
0
0
0
0
0
0
0
0
0
0
0
0
0
0
0
0
0
0
0
0
0
0
0
0
0
0
0
0
0
0
0
0
0
0
0
0
0
0
0
0.27439602
0.21783907
0.055253309
-0.012993583
-0.10852755
-0.22514648
-0.38630303
-0.50765069
-0.50765069
-0.76514596
-0.83209069
-0.95358088
-1.095515
-1.2147427
-1.3013478
-1.3381184
-1.3436999
-1.3271558
-1.2832279
-1.209774
-1.1042079
-0.96198034
-0.79391054
-0.61323504
-0.43172651
-0.27818763
-0.20624167
0.016836357
0.17776697
0.32980498
0.42947973
0.51250382
-38.003289
-39.78505
-41.976379
-40.913615
-40.913615
-40.913615
0
0
0
0
0
0
0
0
0
0
0
0
0
0
0
0
0
0
0
0
0
0
0
0
0
0
0
0
0
0
0
0
0
0
0
0
0
0
0
0.47873684
0.46366425
0.32004866
0.27439602
0.21783907
0.11685692
-0.012993583
-0.10852755
-0.22514648
-0.29625216
-0.38630303
-0.50765069
-0.67702385
-0.83209069
-0.95358088
-1.095515
-1.2147427
-1.3013478
-1.3381184
-1.3436999
-1.3271558
-1.2832279
-1.209774
-1.1042079
-0.96198034
-0.79391054
-0.61323504
-0.43172651
-0.27818763
-0.20624167
0.016836357
0.17776697
0.32980498
0.42947973
0.51250382
-38.003289
-39.78505
-41.976379
-41.976379
-41.976379
-40.913615
0
0
0
0
0
0
0
0
0
0
0
0
0
0
0
0
0
0
0
0
0
0
0
0
0
0
0
0
0
0
0
0
0
0
0
0
0.60860375
0.60222062
0.50850831
0.47873684
0.46366425
0.37344492
0.27439602
0.21783907
0.11685692
0.055253309
-0.012993583
-0.10852755
-0.29625216
-0.38630303
-0.50765069
-0.67702385
-0.76514596
-0.95358088
-1.095515
-1.2147427
-1.3013478
-1.3381184
-1.3436999
-1.3271558
-1.2832279
-1.209774
-1.1042079
-0.96198034
-0.79391054
-0.61323504
-0.43172651
-0.27818763
-0.13444625
0.016836357
0.17776697
0.32980498
0.42947973
0.51250382
-38.003289
-39.78505
-39.78505
-41.976379
-41.976379
-41.976379
0
0
0
0
0
0
0
0
0
0
0
0
0
0
0
0
0
0
0
0
0
0
0
0
0
0
0
0
0
0
0
0
0
0.6859351
0.66887304
0.63470079
0.60860375
0.60222062
0.54655188
0.47873684
0.46366425
0.37344492
0.32004866
0.27439602
0.21783907
0.055253309
-0.012993583
-0.10852755
-0.22514648
-0.38630303
-0.50765069
-0.67702385
-0.76514596
-0.95358088
-1.095515
-1.2147427
-1.3013478
-1.3381184
-1.3436999
-1.3271558
-1.2832279
-1.209774
-1.1042079
-0.96198034
-0.79391054
-0.61323504
-0.43172651
-0.20624167
-0.13444625
0.016836357
0.17776697
0.32980498
0.42947973
0.51250382
-38.003289
-39.78505
-39.78505
-39.78505
-41.976379
-10.831465
0
0
0
0
0
0
0
0
0
0
0
0
0
0
0
0
0
0
0
0
0
0
0
0
0
0
0
0
0
0.72309727
0.71491852
0.6970182
0.68337617
0.6859351
0.66887304
0.65166563
0.60860375
0.60222062
0.54655188
0.50850831
0.47873684
0.46366425
0.32004866
0.27439602
0.21783907
0.11685692
-0.012993583
-0.10852755
-0.22514648
-0.29625216
-0.38630303
-0.50765069
-0.76514596
-0.83209069
-0.95358088
-1.2147427
-1.3013478
-1.3381184
-1.3436999
-1.3271558
-1.2832279
-1.209774
-1.1042079
-0.96198034
-0.79391054
-0.61323504
-0.43172651
-0.20624167
-0.13444625
0.016836357
0.17776697
0.32980498
0.42947973
0.51250382
0
0
0
0
-10.831465
-10.831465
-2.3835438
-2.5530716
-2.3796045
-1.6531557
-1.2720617
-0.96176186
0
0
0
0
0
0
0
0
0
0
0
0
0
0
0
0
0
0
0.82168714
0.7935014
0.76235707
0.75449726
0.73834923
0.72309727
0.71491852
0.6970182
0.68782374
0.6859351
0.66887304
0.65166563
0.63470079
0.60860375
0.60222062
0.50850831
0.47873684
0.46366425
0.37344492
0.27439602
0.21783907
0.11685692
0.055253309
-0.012993583
-0.10852755
-0.29625216
-0.38630303
-0.50765069
-0.67702385
-0.83209069
-0.95358088
-1.095515
0
0
0
0
0
0
0
0
0
-0.43172651
-0.27818763
-0.20624167
0.016836357
0.17776697
0.17776697
0.32980498
0.42947973
0.51250382
0
-13.87866
-13.87866
-13.87866
-10.831465
-10.831465
-2.3835438
-2.5530716
-2.3796045
-1.6531557
-1.2720617
-0.96176186
-0.57180263
-0.56156732
-0.24064999
-0.16417438
0.0021435872
0.17208084
0.2555837
0.38816108
0.49728694
0.58949942
0.67240999
0.72812281
0.77909213
0.83159598
0.87230469
0.89919474
0.89201785
0.88254755
0.85584377
0.82168714
0.7935014
0.75449726
0.75164719
0.73834923
0.72309727
0.6970182
0.68782374
0.68337617
0.6859351
0.66887304
0.63470079
0.60860375
0.60222062
0.54655188
0.47873684
0.46366425
0.37344492
0.32004866
0.27439602
0.21783907
0.055253309
-0.012993583
-0.10852755
-0.22514648
-0.38630303
-0.50765069
0
0
0
0
0
0
0
0
0
0
0
0
0
0
0
0
0
0
0
0.42947973
0.51250382
0.56796242
0
-13.87866
-13.87866
-13.87866
-10.831465
-10.831465
-3.8219786
-2.5530716
-2.3796045
-1.6531557
-1.2720617
-0.96176186
-0.57180263
-0.56156732
-0.24064999
-0.16417438
0.0021435872
0.17208084
0.2555837
0.38816108
0.49728694
0.58949942
0.67240999
0.72812281
0.77909213
0.83159598
0.87230469
0.89919474
0.89201785
0.88254755
0.85584377
0.82168714
0.7935014
0.75449726
0.75164719
0.73834923
0.72309727
0.71491852
0.68782374
0.68337617
0.6859351
0.66887304
0.65166563
0.60860375
0.60222062
0.54655188
0.50850831
0.47873684
0.46366425
0.32004866
0.27439602
0.21783907
0.11685692
-0.012993583
-0.10852755
0
0
0
0
0
0
0
0
0
0
0
0
0
0
0
0
0
0
0
0
0
0
0
0
0
0
-13.87866
-13.87866
-13.87866
-13.87866
-10.831465
-3.8219786
-2.5530716
-2.3796045
-1.6531557
-1.2720617
-0.96176186
-0.57180263
-0.56156732
-0.24064999
-0.16417438
0.0021435872
0.17208084
0.2555837
0.38816108
0.49728694
0.58949942
0.67240999
0.72812281
0.77909213
0.83159598
0.87230469
0.89919474
0.89201785
0.88254755
0.85584377
0.82168714
0.7935014
0.75449726
0.75164719
0.73834923
0.72309727
0.71491852
0.6970182
0.68337617
0.6859351
0.66887304
0.65166563
0.63470079
0.60860375
0.60222062
0.50850831
0.47873684
0.46366425
0.37344492
0.27439602
0.21783907
0
0
0
0
0
0
0
0
0
0
0
0
0
0
0
0
0
0
0
0
0
0
0
0
0
0
0
0
0
-8.042001
-8.042001
-13.87866
-13.87866
-10.831465
-3.8219786
-2.3835438
-2.624197
-1.6531557
-1.2720617
-0.96176186
-0.57180263
-0.56156732
-0.24064999
-0.16417438
0.0021435872
0.17208084
0.2555837
0.38816108
0.49728694
0.58949942
0.67240999
0.72812281
0.77909213
0.83159598
0.87230469
0.89919474
0.89201785
0.88254755
0.85584377
0.82168714
0.7935014
0.76235707
0.75164719
0.73834923
0.72309727
0.71491852
0.6970182
0.68782374
0.6859351
0.6859351
0.65166563
0.63470079
0.60860375
0.60222062
0.54655188
0.47873684
0.46366425
0
0
0
0
0
0
0
0
0
0
0
0
0
0
0
0
0
0
0
0
0
0
0
0
0
0
0
0
0
0
0
0
-0.19182439
-8.042001
-8.042001
-8.042001
-13.87866
-3.8219786
-2.3835438
-2.3796045
-1.6531557
-1.2720617
-0.96176186
-0.57180263
-0.56156732
-0.24064999
-0.16417438
0.0021435872
0.17208084
0.2555837
0.38816108
0.49728694
0.63879107
0.67240999
0.72812281
0.77909213
0.80890083
0.87230469
0.89919474
0.89201785
0.88254755
0.85584377
0.82168714
0.7935014
0.76235707
0.75449726
0.73834923
0.72309727
0.71491852
0.6970182
0.68782374
0.68337617
0.6859351
0.66887304
0.63470079
0.60860375
0.60222062
0
0
0
0
0
0
0
0
0
0
0
0
0
0
0
0
0
0
0
0
0
0
0
0
0
0
0
0
0
0
0
0
0
0
0
-0.19182439
-0.19182439
-0.19182439
-0.19182439
-0.19182439
-3.8219786
-2.3835438
-2.3796045
-1.6531557
-1.2720617
-0.96176186
-0.57180263
-0.56156732
-0.24064999
-0.16417438
0.0021435872
0.17208084
0.2555837
0.38816108
0.49728694
0.58949942
0.67240999
0.72812281
0.77909213
0.83159598
0.87230469
0.89919474
0.89201785
0.88254755
0.85584377
0.82168714
0.7935014
0.76235707
0.75449726
0.75164719
0.73834923
0.72309727
0.71491852
0.68782374
0.68337617
0.6859351
0
0
0
0
0
0
0
0
0
0
0
0
0
0
0
0
0
0
0
0
0
0
0
0
0
0
0
0
0
0
0
0
0
0
0
0
0
0
0
3.6873992
3.6873992
3.6873992
3.6873992
3.6873992
3.6873992
5.7677392
-2.3796045
-1.6531557
-1.2720617
-0.96176186
-0.57180263
-0.56156732
-0.24064999
-0.16417438
0.0021435872
0.17208084
0.2555837
0.38816108
0.49728694
0.58949942
0.67240999
0.72812281
0.77909213
0.83159598
0.87230469
0.89919474
0.89201785
0.88254755
0.85584377
0.82168714
0.7935014
0.7935014
0.75449726
0.75164719
0.73834923
0
0
0
0
0
0
0
0
0
0
0
0
0
0
0
0
0
0
0
0
0
0
0
0
0
0
0
0
0
0
0
0
0
0
0
0
0
0
0
0
0
0
0
0
5.7677392
5.7677392
5.7677392
5.7677392
5.7677392
6.634144
6.634144
6.634144
0
0
0
0
0
0
0
0
0
0.2555837
0.38816108
0.49728694
0.58949942
0.67240999
0.72812281
0.77909213
0.83159598
0.87230469
0.89919474
0.89201785
0
0
0
0
0
0
0
0
0
0
0
0
0
0
0
0
0
0
0
0
0
0
0
0
0
0
0
0
0
0
0
0
0
0
0
0
0
0
0
0
0
0
0
0
0
0
0
0
0
0
0
0
5.7677392
6.634144
6.634144
6.634144
6.634144
6.6696071
6.6696071
6.6696071
0
0
0
0
0
0
0
0
0
0
0
0
0
0
0
0
0
0
0
0
0
0
0
0
0
0
0
0
0
0
0
0
0
0
0
0
0
0
0
0
0
0
0
0
0
0
0
0
0
0
0
0
0
0
0
0
0
0
0
0
0
0
0
0
0
0
0
0
0
0
0
0
6.634144
6.634144
6.6696071
6.6696071
6.5890964
6.5890964
6.4937672
6.4937672
6.4706577
0
0
0
0
0
0
0
0
0
0
0
0
0
0
0
0
0
0
0
0
0
0
0
0
0
0
0
0
0
0
0
0
0
0
0
0
0
0
0
0
0
0
0
0
0
0
0
0
0
0
0
0
0
0
0
0
0
0
0
0
0
0
0
0
0
0
0
0
0
0
0
6.6696071
6.5890964
6.5890964
6.4937672
6.4937672
6.4937672
6.4706577
6.4706577
6.2951649
0
0
0
0
0
0
0
0
0
0
0
0
0
0
0
0
0
0
0
0
0
0
0
0
0
0
0
0
0
0
0
0
0
0
0
0
0
0
0
0
0
0
0
0
0
0
0
0
0
0
0
0
0
0
0
0
0
0
0
0
0
0
0
0
0
0
0
0
0
0
0
6.5890964
6.4937672
6.4937672
6.4706577
6.4706577
6.4706577
6.2951649
6.2951649
6.0923746
0
0
0
0
0
0
0
0
0
0
0
0
0
0
0
0
0
0
0
0
0
0
0
0
0
0
0
0
0
0
0
0
0
0
0
0
0
0
0
0
0
0
0
0
0
0
0
0
0
0
0
0
0
0
0
0
0
0
0
0
0
0
0
0
0
0
0
0
0
0
0
6.4706577
6.4706577
6.4706577
6.2951649
6.2951649
6.0923746
6.0923746
5.8128426
5.8128426
5.6681619
0
0
0
0
0
0
0
0
0
0
0
0
0
0
0
0
0
0
0
0
0
0
0
0
0
0
0
0
0
0
0
0
0
0
0
0
0
0
0
0
0
0
0
0
0
0
0
0
0
0
0
0
0
0
0
0
0
0
0
0
0
0
0
0
0
0
0
0
0
0
0
6.2951649
6.0923746
6.0923746
5.8128426
5.8128426
5.8128426
5.6681619
5.6681619
5.5872269
0
0
0
0
0
0
0
0
0
0
0
0
0
0
0
0
0
0
0
0
0
0
0
0
0
0
0
0
0
0
0
0
0
0
0
0
0
0
0
0
0
0
0
0
0
0
0
0
0
0
0
0
0
0
0
0
0
0
0
0
0
0
0
0
0
0
0
0
0
0
0
6.0923746
5.8128426
5.8128426
5.6681619
5.6681619
5.6681619
5.5872269
5.5872269
5.5059137
0
0
0
0
0
0
0
0
0
0
0
0
0
0
0
0
0
0
0
0
0
0
0
0
0
0
0
0
0
0
0
0
0
0
0
0
0
0
0
0
0
0
0
0
0
0
0
0
0
0
0
0
0
0
0
0
0
0
0
0
0
0
0
0
0
0
0
0
0
0
0
5.8128426
5.6681619
5.6681619
5.5872269
5.5872269
5.5059137
5.5059137
5.3892406
5.3892406
5.3892406
0
0
0
0
0
0
0
0
0
0
0
0
0
0
0
0
0
0
0
0
0
0
0
0
0
0
0
0
0
0
0
0
0
0
0
0
0
0
0
0
0
0
0
0
0
0
0
0
0
0
0
0
0
0
0
0
0
0
0
0
0
0
0
0
0
0
0
0
0
0
0
5.5872269
5.5059137
5.5059137
5.3892406
5.3892406
5.3892406
5.3726411
5.3726411
5.35451
0
0
0
0
0
0
0
0
0
0
0
0
0
0
0
0
0
0
0
0
0
0
0
0
0
0
0
0
0
0
0
0
0
0
0
0
0
0
0
0
0
0
0
0
0
0
0
0
0
0
0
0
0
0
0
0
0
0
0
0
0
0
0
0
0
0
0
0
0
0
0
5.5059137
5.3892406
5.3892406
5.3726411
5.3726411
5.3726411
5.35451
5.3577009
5.3577009
0
0
0
0
0
0
0
0
0
0
0
0
0
0
0
0
0
0
0
0
0
0
0
0
0
0
0
0
0
0
0
0
0
0
0
0
0
0
0
0
0
0
0
0
0
0
0
0
0
0
0
0
0
0
0
0
0
0
0
0
0
0
0
0
0
0
0
0
0
0
0
5.3726411
5.3726411
5.3726411
5.35451
5.35451
5.3577009
5.3577009
5.4314613
5.4314613
5.4314613
0
0
0
0
0
0
0
0
0
0
0
0
0
0
0
0
0
0
0
0
0
0
0
0
0
0
0
0
0
0
0
0
0
0
0
0
0
0
0
0
0
0
0
0
0
0
0
0
0
0
0
0
0
0
0
0
0
0
0
0
0
0
0
0
0
0
0
0
0
0
0
5.3577009
5.3577009
5.3577009
5.4314613
5.4314613
5.4314613
5.5351926
5.5351926
5.5351926
0
0
0
0
0
0
0
0
0
0
0
0
0
0
0
0
0
0
0
0
0
0
0
0
0
0
0
0
0
0
0
0
0
0
0
0
0
0
0
0
0
0
0
0
0
0
0
0
0
0
0
0
0
0
0
0
0
0
0
0
0
0
0
0
0
0
0
0
0
0
0
5.4314613
5.4314613
5.4314613
5.5351926
5.5351926
5.5351926
5.5854668
5.5854668
5.5854668
0
0
0
0
0
0
0
0
0
0
0
0
0
0
0
0
0
0
0
0
0
0
0
0
0
0
0
0
0
0
0
0
0
0
0
0
0
0
0
0
0
0
0
0
0
0
0
0
0
0
0
0
0
0
0
0
0
0
0
0
0
0
0
0
0
0
0
0
0
0
0
5.5351926
5.5351926
5.5854668
5.5854668
5.5854668
5.637984
5.637984
5.637984
5.7654631
0
0
0
0
0
0
0
0
0
0
0
0
0
0
0
0
0
0
0
0
0
0
0
0
0
0
0
0
0
0
0
0
0
0
0
0
0
0
0
0
0
0
0
0
0
0
0
0
0
0
0
0
0
0
0
0
0
0
0
0
0
0
0
0
0
0
0
0
0
0
0
0
5.637984
5.637984
5.7654631
5.7654631
5.7654631
5.7654631
5.7654631
5.9611669
0
0
0
0
0
0
0
0
0
0
0
0
0
0
0
0
0
0
0
0
0
0
0
0
0
0
0
0
0
0
0
0
0
0
0
0
0
0
0
0
0
0
0
0
0
0
0
0
0
0
0
0
0
0
0
0
0
0
0
0
0
0
0
0
0
0
0
0
0
0
0
0
5.7654631
5.7654631
5.9611669
5.9611669
5.9611669
5.9611669
5.9611669
5.9611669
0
0
0
0
0
0
0
0
0
0
0
0
0
0
0
0
0
0
0
0
0
0
0
0
0
0
0
0
0
0
0
0
0
0
0
0
0
0
0
0
0
0
0
0
0
0
0
0
0
0
0
0
0
0
0
0
0
0
0
0
0
0
0
0
0
0
0
0
0
0
0
0
5.9611669
6.1504112
6.1504112
6.1504112
6.1504112
6.1504112
6.1504112
6.1504112
0
0
0
0
0
0
0
0
0
0
0
0
0
0
0
0
0
0
0
0
0
0
0
0
0
0
0
0
0
0
0
0
0
0
0
0
0
0
0
0
0
0
0
0
0
0
0
0
0
0
0
0
0
0
0
0
0
0
0
0
0
0
0
0
0
0
0
0
0
0
0
0
0
6.3456371
6.3456371
6.3456371
6.3456371
6.3456371
6.3456371
6.3456371
0
0
0
0
0
0
0
0
0
0
0
0
0
0
0
0
0
0
0
0
0
0
0
0
0
0
0
0
0
0
0
0
0
0
0
0
0
0
0
0
0
0
0
0
0
0
0
0
0
0
0
0
0
0
0
0
0
0
0
0
0
0
0
0
0
0
0
0
0
0
0
0
0
6.5397134
6.5397134
6.5397134
6.5397134
6.5397134
6.5397134
6.5397134
0
0
0
0
0
0
0
0
0
0
0
0
0
0
0
0
0
0
0
0
0
0
0
0
0
0
0
0
0
0
0
0
0
0
0
0
0
0
0
0
0
0
0
0
0
0
0
0
0
0
0
0
0
0
0
0
0
0
0
0
0
0
0
0
0
0
0
0
0
0
0
0
0
6.7426166
6.7426166
6.7426166
6.7426166
6.7426166
6.7426166
6.7426166
0
0
0
0
0
0
0
0
0
0
0
0
0
0
0
0
0
0
0
0
0
0
0
0
0
0
0
0
0
0
0
0
0
0
0
0
0
0
0
0
0
0
0
0
0
0
0
0
0
0
0
0
0
0
0
0
0
0
0
0
0
0
0
0
0
0
0
0
0
0
0
0
7.1969925
6.9658692
6.9658692
6.9658692
6.9658692
6.9658692
6.9658692
6.9658692
0
0
0
0
0
0
0
0
0
0
0
0
0
0
0
0
0
0
0
0
0
0
0
0
0
0
0
0
0
0
0
0
0
0
0
0
0
0
0
0
0
0
0
0
0
0
0
0
0
0
0
0
0
0
0
0
0
0
0
0
0
0
0
0
0
0
0
0
0
0
0
0
7.4313736
7.4313736
7.1969925
7.1969925
7.1969925
7.1969925
7.1969925
7.1969925
0
0
0
0
0
0
0
0
0
0
0
0
0
0
0
0
0
0
0
0
0
0
0
0
0
0
0
0
0
0
0
0
0
0
0
0
0
0
0
0
0
0
0
0
0
0
0
0
0
0
0
0
0
0
0
0
0
0
0
0
0
0
0
0
0
0
0
0
0
0
0
7.7956779
7.6431599
7.6431599
7.554224
7.4313736
7.4313736
7.4313736
7.1969925
7.1969925
0
0
0
0
0
0
0
0
0
0
0
0
0
0
0
0
0
0
0
0
0
0
0
0
0
0
0
0
0
0
0
0
0
0
0
0
0
0
0
0
0
0
0
0
0
0
0
0
0
0
0
0
0
0
0
0
0
0
0
0
0
0
0
0
0
0
0
0
0
0
8.2108376
8.0181118
7.9274868
7.7956779
7.6431599
7.6431599
7.554224
7.554224
7.4313736
7.4313736
0
0
0
0
0
0
0
0
0
0
0
0
0
0
0
0
0
0
0
0
0
0
0
0
0
0
0
0
0
0
0
0
0
0
0
0
0
0
0
0
0
0
0
0
0
0
0
0
0
0
0
0
0
0
0
0
0
0
0
0
0
0
0
0
0
0
0
0
0
8.5446331
8.5390919
8.2108376
8.0181118
7.9274868
7.9274868
7.7956779
7.7956779
7.6431599
7.6431599
7.554224
0
0
0
0
0
0
0
0
0
0
0
0
0
0
0
0
0
0
0
0
0
0
0
0
0
0
0
0
0
0
0
0
0
0
0
0
0
0
0
0
0
0
0
0
0
0
0
0
0
0
0
0
0
0
0
0
0
0
0
0
0
0
0
0
0
0
0
0
8.9366676
8.4547926
8.5446331
8.5390919
8.3425889
8.2108376
8.0181118
7.9274868
7.9274868
7.7956779
7.7956779
7.6431599
0
0
0
0
0
0
0
0
0
0
0
0
0
0
0
0
0
0
0
0
0
0
0
0
0
0
0
0
0
0
0
0
0
0
0
0
0
0
0
0
0
0
0
0
0
0
0
0
0
0
0
0
0
0
0
0
0
0
0
0
0
0
0
0
0
0
0
8.9126141
8.9366676
8.6299171
8.4547926
8.648937
8.5390919
8.3425889
8.2108376
8.0181118
8.0181118
7.9274868
7.7956779
7.7956779
0
0
0
0
0
0
0
0
0
0
0
0
0
0
0
0
0
0
0
0
0
0
0
0
0
0
0
0
0
0
0
0
0
0
0
0
0
0
0
0
0
0
0
0
0
0
0
0
0
0
0
0
0
0
0
0
0
0
0
0
0
0
0
0
0
0
0
8.9126141
8.9366676
8.7511203
8.6299171
8.5446331
8.648937
8.5390919
8.3425889
8.2108376
8.2108376
8.0181118
7.9274868
0
0
0
0
0
0
0
0
0
0
0
0
0
0
0
0
0
0
0
0
0
0
0
0
0
0
0
0
0
0
0
0
0
0
0
0
0
0
0
0
0
0
0
0
0
0
0
0
0
0
0
0
0
0
0
0
0
0
0
0
0
0
0
0
0
0
0
0
8.9126141
8.9103138
8.9366676
8.6299171
8.4547926
8.5446331
8.648937
8.5390919
8.3425889
8.2108376
8.2108376
8.0181118
0
0
0
0
0
0
0
0
0
0
0
0
0
0
0
0
0
0
0
0
0
0
0
0
0
0
0
0
0
0
0
0
0
0
0
0
0
0
0
0
0
0
0
0
0
0
0
0
0
0
0
0
0
0
0
0
0
0
0
0
0
0
0
0
0
0
0
0
8.9126141
8.9103138
8.9366676
8.7511203
8.6299171
8.4547926
8.5446331
8.648937
8.5390919
8.3425889
8.3425889
0
0
0
0
0
0
0
0
0
0
0
0
0
0
0
0
0
0
0
0
0
0
0
0
0
0
0
0
0
0
0
0
0
0
0
0
0
0
0
0
0
0
0
0
0
0
0
0
0
0
0
0
0
0
0
0
0
0
0
0
0
0
0
0
0
0
0
0
0
8.8730021
8.9103138
8.9366676
8.7511203
8.6299171
8.4547926
8.5446331
8.648937
8.648937
8.5390919
0
0
0
0
0
0
0
0
0
0
0
0
0
0
0
0
0
0
0
0
0
0
0
0
0
0
0
0
0
0
0
0
0
0
0
0
0
0
0
0
0
0
0
0
0
0
0
0
0
0
0
0
0
0
0
0
0
0
0
0
0
0
0
0
0
0
0
0
0
0
8.8730021
8.9103138
8.9103138
8.9366676
8.7511203
8.6299171
8.4547926
8.5446331
8.648937
0
0
0
0
0
0
0
0
0
0
0
0
0
0
0
0
0
0
0
0
0
0
0
0
0
0
0
0
0
0
0
0
0
0
0
0
0
0
0
0
0
0
0
0
0
0
0
0
0
0
0
0
0
0
0
0
0
0
0
0
0
0
0
0
0
0
0
0
0
0
0
8.8730021
8.9103138
8.9103138
8.9366676
8.7511203
8.6299171
8.4547926
8.4547926
0
0
0
0
0
0
0
0
0
0
0
0
0
0
0
0
0
0
0
0
0
0
0
0
0
0
0
0
0
0
0
0
0
0
0
0
0
0
0
0
0
0
0
0
0
0
0
0
0
0
0
0
0
0
0
0
0
0
0
0
0
0
0
0
0
0
0
0
0
0
0
0
8.8730021
8.9103138
8.9103138
8.9366676
0
0
0
0
0
0
0
0
0
0
0
0
0
0
0
0
0
0
0
0
0
0
0
0
0
0
0
0
0
0
0
0
0
0
0
0
0
0
0
0
0
0
0
0
0
0
0
0
0
0
0
0
0
0
0
0
0
0
0
0
0
0
0
0
0
0
0
0
0
0
0
0
0
0
0
0
0
0
0
0
0
0
0
0
0
0
0
0
0
0
0
0
0
0
0
0
0
0
0
0
0
0
0
0
0
0
0
0
0
0
0
0
0
0
0
0
0
0
0
0
0
0
0
0
0
0
0
0
0
0
0
0
0
0
0
0
0
0
0
0
0
0
0
0
0
0
0
0
0
0
0
0
0
0
0
0
0
0
0
0
0
0
0
0
0
0
0
0
0
0
0
0
0
0
0
0
0
0
0
0
0
0
0
0
0
0
0
0
0
0
0
0
0
0
0
0
0
0
0
0
0
0
0
0
0
0
0
0
0
0
0
0
0
0
0
0
0
0
0
0
0
0
0
0
0
0
0
0
0
0
0
0
0
0
0
0
0
0
0
0
0
0
0
0
0
0
0
0
0
0
0
0
0
0
0
0
0
0
0
0
0
0
0
0
0
0
0
0
0
0
0
0
0
0
0
0
0
0
0
0
0
0
0
0
0
0
0
0
0
0
0
0
0
0
0
0
0
0
0
0
0
0
0
0
0
0
0
0
0
0
0
0
0
0
0
0
0
0
0
0
0
0
0
0
0
0
0
0
0
0
0
0
0
0
0
0
0
0
0
0
0
0
0
0
0
0
0
0
0
0
0
0
0
0
0
0
0
0
0
0
0
0
0
0
0
0
0
0
0
0
0
0
0
0
0
0
0
0
0
0
0
0
0
0
0
0
0
0
0
0
0
0
0
0
0
0
0
0
0
0
0
0
0
0
0
0
0
0
0
0
0
0
0
0
0
0
0
0
0
0
0
0
0
0
0
0
0
0
0
0
0
0
0
0
0
0
0
0
0
0
0
0
0
0
0
0
0
0
0
0
0
0
0
0
0
0
0
0
0
0
0
0
0
0
0
0
0
0
0
0
0
0
0
0
0
0
0
0
0
0
0
0
0
0
0
0
0
0
0
0
0
0
0
0
0
0
0
0
0
0
0
0
0
0
0
0
0
0
0
0
0
0
0
0
0
0
0
0
0
0
0
0
0
0
0
0
0
0
0
0
0
0
0
0
0
0
0
0
0
0
0
0
0
0
0
0
0
0
0
0
0
0
0
0
0
0
0
0
0
0
0
0
0
0
0
0
0
0
0
0
0
0
0
0
0
0
0
0
0
0
0
0
0
0
0
0
0
0
0
0
0
0
0
0
0
0
0
0
0
0
0
0
0
0
0
0
0
0
0
0
0
0
0
0
0
0
0
0
0
0
0
0
0
0
0
0
0
0
0
0
0
0
0
0
0
0
0
0
0
0
0
0
0
0
0
0
0
0
0
0
0
0
0
0
0
0
0
0
0
0
0
0
0
0
0
0
0
0
0
0
0
0
0
0
0
0
0
0
0
0
0
0
0
0
0
0
0
0
0
0
0
0
0
0
0
0
0
0
0
0
0
0
0
0
0
0
0
0
0
0
0
0
0
0
0
0
0
0
0
0
0
0
0
0
0
0
0
0
0
0
0
0
0
0
0
0
0
0
0
0
0
0
0
0
0
0
0
0
0
0
0
0
0
0
0
0
0
0
0
0
0
0
0
0
0
0
0
0
0
0
0
0
0
0
0
0
0
0
0
0
0
0
0
0
0
0
0
0
0
0
0
0
0
0
0
0
0
0
0
0
0
0
0
0
0
0
0
0
0
0
0
0
0
0
0
0
0
0
0
0
0
0
0
0
0
0
0
0
0
0
0
0
0
0
0
0
0
0
0
0
0
0
0
0
0
0
0
0
0
0
0
0
0
0
0
0
0
0
0
0
0
0
0
0
0
0
0
0
0
0
0
0
0
0
0
0
0
0
0
0
0
0
0
0
0
0
0
0
0
0
0
0
0
0
0
0
0
0
0
0
0
0
0
0
0
0
0
0
0
0
0
0
0
0
0
0
0
0
0
0
0
0
0
0
0
0
0
0
0
0
0
0
0
0
0
0
0
0
0
0
0
0
0
0
0
0
0
0
0
0
0
0
0
0
0
0
0
0
0
0
0
0
0
0
0
0
0
0
0
0
0
0
0
0
0
0
0
0
0
0
0
0
0
0
0
0
0
0
0
0
0
0
0
0
0
0
0
0
0
0
0
0
0
0
0
0
0
0
0
0
0
0
0
0
0
0
0
0
0
0
0
0
0
0
0
0
0
0
0
0
0
0
0
0
0
0
0
0
0
0
0
0
0
0
0
0
0
0
0
0
0
0
0
0
0
0
0
0
0
0
0
0
0
0
0
0
0
0
0
0
0
0
0
0
0
0
0
0
0
0
0
0
0
0
0
0
0
0
0
0
0
0
0
0
0
0
0
0
0
0
0
0
0
0
0
0
0
0
0
0
0
0
0
0
0
0
0
0
0
0
0
0
0
0
0
0
0
0
0
0
0
0
0
0
0
0
0
0
0
0
0
0
0
0
0
0
0
0
0
0
0
0
0
0
0
0
0
0
0
0
0
0
0
0
0
0
0
0
0
0
0
0
0
0
0
0
0
0
0
0
0
0
0
0
0
0
0
0
0
0
0
0
0
0
0
0
0
0
0
0
0
0
0
0
0
0
0
0
0
0
0
0
0
0
0
0
0
0
0
0
0
0
0
0
0
0
0
0
0
0
0
0
0
0
0
0
0
0
0
0
0
0
0
0
0
0
0
0
0
0
0
0
0
0
0
0
0
0
0
0
0
0
0
0
0
0
0
0
0
0
0
0
0
0
0
0
)
;

boundaryField
{
    bottom
    {
        type            zeroGradient;
    }
    top
    {
        type            zeroGradient;
    }
    right
    {
        type            zeroGradient;
    }
    back
    {
        type            wedge;
    }
    front
    {
        type            wedge;
    }
    axis
    {
        type            empty;
    }
    procBoundary2to0
    {
        type            processor;
        value           uniform 0;
    }
    procBoundary2to3
    {
        type            processor;
        value           nonuniform List<scalar> 
80
(
0
0
0
0
0
0
0
0
0
0
0
0
0
0
0
0
0.56796242
0.56796242
0.56796242
0.56796242
0.60431445
0.60431445
0.60431445
0.60431445
0
0
0
0
0
0
0
0
0
0
0
0
0
0
0
0
0
0
0
0
0
0
0
0
0
0
0
0
0
0
0
0
0
0
0
0
0
0
0
0
0
0
0
0
0
0
0
0
0
0
0
0
0
0
0
0
)
;
    }
    procBoundary2to4
    {
        type            processor;
        value           uniform 0;
    }
}


// ************************************************************************* //
