/*--------------------------------*- C++ -*----------------------------------*\
| =========                 |                                                 |
| \\      /  F ield         | OpenFOAM: The Open Source CFD Toolbox           |
|  \\    /   O peration     | Version:  2106                                  |
|   \\  /    A nd           | Website:  www.openfoam.com                      |
|    \\/     M anipulation  |                                                 |
\*---------------------------------------------------------------------------*/
FoamFile
{
    version     2.0;
    format      ascii;
    arch        "LSB;label=32;scalar=64";
    class       volScalarField;
    location    "0.023";
    object      K_;
}
// * * * * * * * * * * * * * * * * * * * * * * * * * * * * * * * * * * * * * //

dimensions      [0 -1 0 0 0 0 0];

internalField   nonuniform List<scalar> 
1024
(
0
0
0
0
0
0
0
0
0
0
0
0
0
0
0
0
0
0
0
0
0
0
0
0
0
0
0
0
0
0
0
0
0
0
0
0
0
0
0
0
0
0
0
0
0
0
0
0
0
0
0
0
0
0
0
0
0
0
0
0
0
0
0
0
0
0
0
0
0
0
0
0
0
0
0
0
0
0
0
0
0
0
0
0
0
0
0
0
0
0
0
0
0
0
0
0
0
0
0
0
0
0
0
0
0
0
0
0
0
0
0
0
0
0
0
0
0
0
0
0
0
0
0
0
0
0
0
0
0
0
0
0
0
0
0
0
0
0
0
0
0
0
0
0
0
0
0
0
0
0
0
0
0
0
0
0
0
0
0
0
0
0
0
0
0
0
0
0
0
0
0
0
0
0
0
0
0
0
0
0
0
0
0
0
0
0
0
0
0
0
0
0
0
0
0
0
0
0
0
0
0
0
0
0
0
0
0
0
0
0
0
0
0
0
0
0
0
0
0
0
0
0
0
0
0
0
0
0
0
0
0
0
0
0
0
0
0
0
0
0
0
0
0
0
0
0
0
0
0
0
0
0
0
0
0
0
0
0
0
0
0
0
0
0
0
0
0
0
0
0
0
0
0
0
0
0
0
0
0
0
0
0
0
0
0
0
0
0
0
0
0
0
0
0
0
0
0
0
0
0
0
0
0
0
0
0
0
0
0
0
0
0
0
0
0
0
0
0
0
0
0
0
0
0
0
0
0
0
0
0
0
0
0
0
0
0
0
0
0
0
0
0
0
0
0
0
0
0
0
0
0
0
0
0
0
0
0
0
0
0
0
0
0
0
0
0
0
0
0
0
0
0
0
0
0
0
0
0
0
0
0
0
0
0
-0.088780096
-0.085273004
-0.078455336
-0.068560319
-0.056062059
-0.041551084
-0.025279803
-0.008382478
0.0083835055
0.025279969
0.041549221
0
0
0
0
0
0
0
0
0
0
0.041551523
0.025280668
0.008384032
-0.0083821779
-0.02527857
-0.041549228
-0.056060807
-0.068558382
-0.078454999
-0.08527376
-0.088780266
-0.088780096
-0.085273004
-0.078455336
-0.068560319
-0.056062059
-0.041551084
-0.025279803
-0.008382478
0.0083835055
0.025279969
0.041549221
0.056058382
0.068555944
0.078452507
0.085273707
0.088782796
0.088782699
0.085273873
0.078454606
0.068558084
0.056060826
0.041551523
0.025280668
0.008384032
-0.0083821779
-0.02527857
-0.041549228
-0.056060807
-0.068558382
-0.078454999
-0.08527376
-0.088780266
-0.088780096
-0.085273004
-0.078455336
-0.068560319
-0.056062059
-0.041551084
-0.025279803
-0.008382478
0.0083835055
0.025279969
0.041549221
0.056058382
0.068555944
0.078452507
0.085273707
0.088782796
0.088782699
0.085273873
0.078454606
0.068558084
0.056060826
0.041551523
0.025280668
0.008384032
-0.0083821779
-0.02527857
-0.041549228
-0.056060807
-0.068558382
-0.078454999
-0.08527376
-0.088780266
-0.088780096
-0.085273004
-0.078455336
-0.068560319
-0.056062059
-0.041551084
-0.025279803
-0.008382478
0.0083835055
0.025279969
0.041549221
0.056058382
0.068555944
0.078452507
0.085273707
0.088782796
0.088782699
0.085273873
0.078454606
0.068558084
0.056060826
0.041551523
0.025280668
0.008384032
-0.0083821779
-0.02527857
-0.041549228
-0.056060807
-0.068558382
-0.078454999
-0.08527376
-0.088780266
-0.088780096
-0.085273004
-0.078455336
-0.068560319
-0.056062059
-0.041551084
-0.025279803
-0.008382478
0.0083835055
0.025279969
0.041549221
0.056058382
0.068555944
0.078452507
0.085273707
0.088782796
0.088782699
0.085273873
0.078454606
0.068558084
0.056060826
0.041551523
0.025280668
0.008384032
-0.0083821779
-0.02527857
-0.041549228
-0.056060807
-0.068558382
-0.078454999
-0.08527376
-0.088780266
-0.088780096
-0.085273004
-0.078455336
-0.068560319
-0.056062059
-0.041551084
-0.025279803
-0.008382478
0.0083835055
0.025279969
0.041549221
0.056058382
0.068555944
0.078452507
0.085273707
0.088782796
0.088782699
0.085273873
0.078454606
0.068558084
0.056060826
0.041551523
0.025280668
0.008384032
-0.0083821779
-0.02527857
-0.041549228
-0.056060807
-0.068558382
-0.078454999
-0.08527376
-0.088780266
-0.088780096
-0.085273004
-0.078455336
-0.068560319
-0.056062059
-0.041551084
-0.025279803
-0.008382478
0.0083835055
0.025279969
0.041549221
0.056058382
0.068555944
0.078452507
0.085273707
0.088782796
0.088782699
0.085273873
0.078454606
0.068558084
0.056060826
0.041551523
0.025280668
0.008384032
-0.0083821779
-0.02527857
-0.041549228
-0.056060807
-0.068558382
-0.078454999
-0.08527376
-0.088780266
0
0
0
0
0
-0.041551084
-0.025279803
-0.008382478
0.0083835055
0.025279969
0.041549221
0.056058382
0.068555944
0.078452507
0.085273707
0.088782796
0.088782699
0.085273873
0.078454606
0.068558084
0.056060826
0.041551523
0.025280668
0.008384032
-0.0083821779
-0.02527857
-0.041549228
0
0
0
0
0
0
0
0
0
0
0
0
0
0
0
0
0
0
0
0
0
0
0
0
0
0
0
0
0
0
0
0
0
0
0
0
0
0
0
0
0
0
0
0
0
0
0
0
0
0
0
0
0
0
0
0
0
0
0
0
0
0
0
0
0
0
0
0
0
0
0
0
0
0
0
0
0
0
0
0
0
0
0
0
0
0
0
0
0
0
0
0
0
0
0
0
0
0
0
0
0
0
0
0
0
0
0
0
0
0
0
0
0
0
0
0
0
0
0
0
0
0
0
0
0
0
0
0
0
0
0
0
0
0
0
0
0
0
0
0
0
0
0
0
0
0
0
0
0
0
0
0
0
0
0
0
0
0
0
0
0
0
0
0
0
0
0
0
0
0
0
0
0
0
0
0
0
0
0
0
0
0
0
0
0
0
0
0
0
0
0
0
0
0
0
0
0
0
0
0
0
0
0
0
0
0
0
0
0
0
0
0
0
0
0
0
0
0
0
0
0
0
0
0
0
0
0
0
0
0
0
0
0
0
0
0
0
0
0
0
0
0
0
0
0
0
0
0
0
0
0
0
0
0
0
0
0
0
0
0
0
0
0
0
0
0
0
0
0
0
0
0
0
0
0
0
0
0
0
0
0
0
0
0
0
0
0
0
0
0
0
0
0
0
0
0
0
0
0
0
0
0
0
0
0
0
0
0
0
0
0
0
0
0
0
0
0
0
0
0
0
0
0
0
0
0
0
0
0
0
0
0
0
0
0
0
0
0
0
0
0
0
0
0
0
0
0
0
0
0
0
0
0
0
0
0
0
0
0
0
0
0
0
0
0
0
0
0
0
0
0
0
0
0
0
0
0
0
0
0
0
0
0
0
0
0
0
0
0
)
;

boundaryField
{
    leftWall
    {
        type            cyclic;
    }
    rightWall
    {
        type            cyclic;
    }
    lowerWall
    {
        type            zeroGradient;
    }
    atmosphere
    {
        type            zeroGradient;
    }
    defaultFaces
    {
        type            empty;
    }
}


// ************************************************************************* //
