/*--------------------------------*- C++ -*----------------------------------*\
| =========                 |                                                 |
| \\      /  F ield         | OpenFOAM: The Open Source CFD Toolbox           |
|  \\    /   O peration     | Version:  2306                                  |
|   \\  /    A nd           | Website:  www.openfoam.com                      |
|    \\/     M anipulation  |                                                 |
\*---------------------------------------------------------------------------*/
FoamFile
{
    version     2.0;
    format      ascii;
    arch        "LSB;label=32;scalar=64";
    class       volScalarField;
    location    "0.5";
    object      K_;
}
// * * * * * * * * * * * * * * * * * * * * * * * * * * * * * * * * * * * * * //

dimensions      [0 -1 0 0 0 0 0];

internalField   nonuniform List<scalar> 
6400
(
0
0
0
0
0
0
0
0
0
0
0
0
0
0
0
0
0
0
0
0
0
0
0
0
0
0
0
0
0
0
0
0
0
0
0
0
0
0
0
0
0
0
0
0
0
0
0
0
0
0
0
0
0
0
0
0
0
0
0
0
0
0
0
0
0
0
0
0
0
0
0
0
0
0
0
0
0
0
0
0
0
0
0
0
0
0
0
0
0
0
0
0
0
0
0
0
0
0
0
0
0
0
0
0
0
0
0
0
0
0
0
0
0
0
0
0
0
0
0
0
0
0
0
0
0
0
0
0
0
0
0
0
0
0
0
0
0
0
0
0
0
0
0
0
0
0
0
0
0
0
0
0
0
0
0
0
0
0
0
0
0
0
0
0
0
0
0
0
0
0
0
0
0
0
0
0
0
0
0
0
0
0
0
0
0
0
0
0
0
0
0
0
0
0
0
0
0
0
0
0
0
0
0
0
0
0
0
0
0
0
0
0
0
0
0
0
0
0
0
0
0
0
0
0
0
0
0
0
0
0
0
0
0
0
0
0
0
0
0
0
0
0
0
0
0
0
0
0
0
0
0
0
0
0
0
0
0
0
0
0
0
0
0
0
0
0
0
0
0
0
0
0
0
0
0
0
0
0
0
0
0
0
0
0
0
0
0
0
0
0
0
0
0
0
0
0
0
0
0
0
0
0
0
0
0
0
0
0
0
0
0
0
0
0
0
0
0
0
0
0
0
0
0
0
0
0
0
0
0
0
0
0
0
0
0
0
0
0
0
0
0
0
0
0
0
0
0
0
0
0
0
0
0
0
0
0
0
0
0
0
0
0
0
0
0
0
0
0
0
0
0
0
0
0
0
0
0
0
0
0
0
0
0
0
0
0
0
0
0
0
0
0
0
0
0
0
0
0
0
0
0
0
0
0
0
0
0
0
0
0
0
0
0
0
0
0
0
0
0
0
0
0
0
0
0
0
0
0
0
0
0
0
0
0
0
0
0
0
0
0
0
0
0
0
0
0
0
0
0
0
0
0
0
0
0
0
0
0
0
0
0
0
0
0
0
0
0
0
0
0
0
0
0
0
0
0
0
0
0
0
0
0
0
0
0
0
0
0
0
0
0
0
0
0
0
0
0
0
0
0
0
0
0
0
0
0
0
0
0
0
0
0
0
0
0
0
0
0
0
0
0
0
0
0
0
0
0
0
0
0
0
0
0
0
0
0
0
0
0
0
0
0
0
0
0
0
0
0
0
0
0
0
0
0
0
0
0
0
0
0
0
0
0
0
0
0
0
0
0
0
0
0
0
0
0
0
0
0
0
0
0
0
0
0
0
0
0
0
0
0
0
0
0
0
0
0
0
0
0
0
0
0
0
0
0
0
0
0
0
0
0
0
0
0
0
0
0
0
0
0
0
0
0
0
0
0
0
0
0
0
0
0
0
0
0
0
0
0
0
0
0
0
0
0
0
0
0
0
0
0
0
0
0
0
0
0
0
0
0
0
0
0
0
0
0
0
0
0
0
0
0
0
0
0
0
0
0
0
0
0
0
0
0
0
0
0
0
0
0
0
0
0
0
0
0
0
0
0
0
0
0
0
0
0
0
0
0
0
0
0
0
0
0
0
0
0
0
0
0
0
0
0
0
0
0
0
0
0
0
0
0
0
0
0
0
0
0
0
0
0
0
0
0
0
0
0
0
0
0
0
0
0
0
0
0
0
0
0
0
0
0
0
0
0
0
0
0
0
0
0
0
0
0
0
0
0
0
0
0
0
0
0
0
0
0
0
0
0
0
0
0
0
0
0
0
0
0
0
0
0
0
0
0
0
0
0
0
0
0
0
0
0
0
0
0
0
0
0
0
0
0
0
0
0
0
0
0
0
0
0
0
0
0
0
0
0
0
0
0
0
0
0
0
0
0
0
0
0
0
0
0
0
0
0
0
0
0
0
0
0
0
0
0
0
0
0
0
0
0
0
0
0
0
0
0
0
0
0
0
0
0
0
0
0
0
0
0
0
0
0
0
0
0
0
0
0
0
0
0
0
0
0
0
0
0
0
0
0
0
0
0
0
0
0
0
0
0
0
0
0
0
0
0
0
0
0
0
0
0
0
0
0
0
0
0
0
0
0
0
0
0
0
0
0
0
0
0
0
0
0
0
0
0
0
0
0
0
0
0
0
-25.418292
-25.418292
-23.204094
-23.204094
-23.204094
-23.204094
0
0
0
0
0
0
0
0
0
0
0
0
0
0
0
0
0
0
0
0
0
0
0
0
0
0
0
0
0
0
0
0
0
0
0
0
0
0
0
0
0
0
0
0
0
0
0
0
0
0
0
0
0
0
0
0
0
0
0
0
0
0
0
0
0
0
0
0
0
0
0
0
0
0
-25.418292
-25.418292
-23.204094
-23.204094
-23.204094
-47.744621
0
0
0
0
0
0
0
0
0
0
0
0
0
0
0
0
0
0
0
0
0
0
0
0
0
0
0
0
0
0
0
0
0
0
0
0
0
0
0
0
0
0
0
0
0
0
0
0
0
0
0
0
0
0
0
0
0
0
0
0
0
0
0
0
0
0
0
0
0
0
0
0
0
0
-25.418292
-23.204094
-23.204094
-23.204094
-47.744621
-47.744621
0
0
0
0
0
0
0
0
0
0
0
0
0
0
0
0
0
0
0
0
0
0
0
0
0
0
0
0
0
0
0
0
0
0
0
0
0
0
0
0
0
0
0
0
0
0
0
0
0
0
0
0
0
0
0
0
0
0
0
0
0
0
0
0
0
0
0
0
0
0
0
0
0
0
-25.418292
-19.658612
-23.204094
-47.744621
-47.744621
-47.744621
0
0
0
0
0
0
0
0
0
0
0
0
0
0
0
0
0
0
0
0
0
0
0
0
0
0
0
0
0
0
0
0
0
0
0
0
0
0
0
0
0
0
0
0
-0.50674847
-0.69247274
-0.83463575
-1.0348274
-1.1966638
-1.3571117
-1.3571117
-1.4714436
-1.5165933
-1.5190408
-1.4932613
-1.4357139
-1.3392518
-1.1970023
-1.0102523
-0.79499609
-0.57555013
-0.57555013
-0.24446359
-0.16086001
-0.032883362
0.15308476
0
0
0
0
0
0
0
0
-41.030762
-46.82216
-47.744621
-47.744621
-47.744621
-47.744621
0
0
0
0
0
0
0
0
0
0
0
0
0
0
0
0
0
0
0
0
0
0
0
0
0
0
0
0
0
0
0
0
0
0
0
0
0
0
0
0
0
-0.056374367
-0.21952026
-0.38032335
-0.50674847
-0.69247274
-0.83463575
-0.91813745
-1.0348274
-1.1966638
-1.3571117
-1.4714436
-1.5165933
-1.5190408
-1.4932613
-1.4357139
-1.3392518
-1.1970023
-1.0102523
-0.79499609
-0.57555013
-0.37723497
-0.24446359
-0.16086001
0.15308476
0.15308476
0.33649338
0.56593042
0.63936104
0.67701774
0.76990885
0.79834075
0
0
-67.458531
-66.157661
-46.382993
-46.382993
-46.382993
-46.382993
0
0
0
0
0
0
0
0
0
0
0
0
0
0
0
0
0
0
0
0
0
0
0
0
0
0
0
0
0
0
0
0
0
0
0
0
0
0
0.27163699
0.099500899
0.035702819
-0.056374367
-0.21952026
-0.31110565
-0.50674847
-0.69247274
-0.83463575
-0.91813745
-1.0348274
-1.1966638
-1.3571117
-1.4714436
-1.5165933
-1.5190408
-1.4932613
-1.4357139
-1.3392518
-1.1970023
-1.0102523
-0.79499609
-0.57555013
-0.37723497
-0.24446359
-0.032883362
0.15308476
0.33649338
0.468664
0.56593042
0.63936104
0.71572898
0.76990885
0.79834075
0.79707269
0.77856295
-45.181914
-45.264241
-43.369645
-43.369645
-46.382993
-46.382993
0
0
0
0
0
0
0
0
0
0
0
0
0
0
0
0
0
0
0
0
0
0
0
0
0
0
0
0
0
0
0
0
0
0
0
0.50261636
0.36656981
0.30672132
0.27163699
0.19566241
0.099500899
-0.056374367
-0.21952026
-0.31110565
-0.38032335
-0.50674847
-0.69247274
-0.91813745
-1.0348274
-1.1966638
-1.3571117
-1.4714436
-1.5165933
-1.5190408
-1.4932613
-1.4357139
-1.3392518
-1.1970023
-1.0102523
-0.79499609
-0.57555013
-0.37723497
-0.24446359
-0.032883362
0.15308476
0.33649338
0.468664
0.56593042
0.63936104
0.71572898
0.76990885
0.79834075
0.79707269
0.77856295
-45.181914
-45.264241
-45.264241
-43.369645
-43.369645
-43.369645
0
0
0
0
0
0
0
0
0
0
0
0
0
0
0
0
0
0
0
0
0
0
0
0
0
0
0
0
0
0
0
0
0.66287463
0.65097075
0.49578288
0.50261636
0.50460547
0.36656981
0.27163699
0.19566241
0.099500899
0.035702819
-0.056374367
-0.21952026
-0.38032335
-0.50674847
-0.69247274
-0.83463575
-1.0348274
-1.1966638
-1.3571117
-1.4714436
-1.5165933
-1.5190408
-1.4932613
-1.4357139
-1.3392518
-1.1970023
-1.0102523
-0.79499609
-0.57555013
-0.37723497
-0.16086001
-0.032883362
0.15308476
0.33649338
0.468664
0.56593042
0.63936104
0.71572898
0.76990885
0.79834075
0.79707269
0.77856295
-45.181914
-45.264241
-45.264241
-43.369645
-43.369645
-43.369645
0
0
0
0
0
0
0
0
0
0
0
0
0
0
0
0
0
0
0
0
0
0
0
0
0
0
0
0
0
0
0.74672811
0.67428846
0.66287463
0.65097075
0.52760168
0.50261636
0.50460547
0.36656981
0.30672132
0.27163699
0.19566241
0.035702819
-0.056374367
-0.21952026
-0.31110565
-0.50674847
-0.69247274
-0.83463575
-0.91813745
-1.1966638
-1.3571117
-1.4714436
-1.5165933
-1.5190408
-1.4932613
-1.4357139
-1.3392518
-1.1970023
-1.0102523
-0.79499609
-0.57555013
-0.37723497
-0.16086001
-0.032883362
0.15308476
0.33649338
0.468664
0.56593042
0.67701774
0.71572898
0.76990885
0.79834075
0.79707269
0.77856295
-45.181914
-45.264241
-45.264241
-45.264241
-43.369645
-43.369645
0
0
0
0
0
0
0
0
0
0
0
0
0
0
0
0
0
0
0
0
0
0
0
0
0
0
0.77958476
0.78463442
0.75570619
0.75600011
0.74672811
0.67428846
0.66287463
0.65097075
0.52760168
0.49578288
0.50261636
0.50460547
0.30672132
0.27163699
0.19566241
0.099500899
-0.056374367
-0.21952026
-0.31110565
-0.38032335
-0.50674847
-0.69247274
-0.91813745
-1.0348274
-1.1966638
-1.4714436
-1.5165933
-1.5190408
-1.4932613
-1.4357139
-1.3392518
-1.1970023
-1.0102523
-0.79499609
-0.57555013
-0.24446359
-0.16086001
-0.032883362
0.15308476
0.33649338
0.468664
0.56593042
0.67701774
0.71572898
0.76990885
0.79834075
0.79707269
0.77856295
0
0
0
0
0
0
0
0
0
0
0
0
0
0
0
0
0
0
0
0
0
0
0
0
0
0
0
0
0
0.8062347
0.79060705
0.78285085
0.77958476
0.78463442
0.75570619
0.75006352
0.74672811
0.67428846
0.66076124
0.66287463
0.65097075
0.49578288
0.50261636
0.50460547
0.36656981
0.27163699
0.19566241
0.099500899
0.035702819
-0.056374367
-0.21952026
-0.38032335
-0.50674847
-0.69247274
-0.91813745
-1.0348274
-1.1966638
0
0
0
0
0
0
0
0
-0.57555013
-0.37723497
-0.24446359
-0.16086001
0.15308476
0.33649338
0.33649338
0.468664
0.56593042
0.67701774
0.71572898
0.76990885
0.79834075
0.79707269
0.77856295
0
0
0
0
0
0
0
0
0
0
0
0
0
0
0
0
0
0
0
0
0
0
0
0
0.77263668
0.77412647
0.77360266
0.78689371
0.80616136
0.8062347
0.79060705
0.78285085
0.77958476
0.78463442
0.75570619
0.75006352
0.75600011
0.74672811
0.67428846
0.66287463
0.65097075
0.52760168
0.50261636
0.50460547
0.36656981
0.30672132
0.27163699
0.19566241
0.035702819
-0.056374367
-0.21952026
-0.31110565
-0.50674847
-0.69247274
0
0
0
0
0
0
0
0
0
0
0
0
0
0
0
0
0
0.468664
0.56593042
0.63936104
0.67701774
0.71572898
0.76990885
0.79834075
0.79707269
0.77856295
0
0
0
0
0
0
0
0
0
0
0
0
0
0
0
0
0
0
0.43038318
0.49957099
0.5964843
0.63542596
0.70149976
0.73440258
0.74710423
0.77263668
0.77360266
0.78689371
0.80085654
0.80616136
0.8062347
0.78285085
0.78086181
0.77958476
0.78463442
0.75006352
0.75600011
0.74672811
0.67428846
0.66076124
0.65097075
0.52760168
0.49578288
0.50261636
0.50460547
0.30672132
0.27163699
0.19566241
0.099500899
-0.056374367
-0.21952026
0
0
0
0
0
0
0
0
0
0
0
0
0
0
0
0
0
0
0
0
0
0
0
0
0
0
0
0
0
0
0
0
0
0
0
0
-5.9659076
-2.2766355
-2.0663417
-1.9041492
-1.4345121
-0.77795364
-0.64253953
-0.32016282
-0.065035938
0.18022578
0.3698927
0.43038318
0.49957099
0.55754069
0.63542596
0.70149976
0.73440258
0.74710423
0.77263668
0.77412647
0.78689371
0.80085654
0.80616136
0.8062347
0.79060705
0.78086181
0.77958476
0.78463442
0.75570619
0.75600011
0.74672811
0.67428846
0.66076124
0.66287463
0.65097075
0.52760168
0.50261636
0.50460547
0.36656981
0.30672132
0.19566241
0
0
0
0
0
0
0
0
0
0
0
0
0
0
0
0
0
0
0
0
0
0
0
0
0
0
0
0
0
0
0
0
0
0
0
0
-7.6372662
-7.6372662
-7.6372662
-5.9659076
-2.2766355
-2.0663417
-1.9041492
-1.4345121
-0.77795364
-0.64253953
-0.32016282
-0.065035938
0.18022578
0.3698927
0.43038318
0.49957099
0.55754069
0.63542596
0.70149976
0.73440258
0.74710423
0.77263668
0.77412647
0.78689371
0.80085654
0.80616136
0.8062347
0.79060705
0.78285085
0.77958476
0.78463442
0.75570619
0.75006352
0.75600011
0.74672811
0.67428846
0.66287463
0.65097075
0.52760168
0.49578288
0.50460547
0
0
0
0
0
0
0
0
0
0
0
0
0
0
0
0
0
0
0
0
0
0
0
0
0
0
0
0
0
0
0
0
0
0
0
0
0
0
0
-8.202617
-7.6372662
-7.6372662
-5.9659076
-2.2766355
-2.0663417
-1.9041492
-1.4345121
-0.77795364
-0.64253953
-0.32016282
-0.065035938
0.18022578
0.3698927
0.43038318
0.49957099
0.55754069
0.63542596
0.70149976
0.73440258
0.74710423
0.77263668
0.77412647
0.77360266
0.80085654
0.80616136
0.8062347
0.79060705
0.78285085
0.78086181
0.77958476
0.78463442
0.75006352
0.75600011
0.74672811
0.67428846
0.66076124
0.65097075
0.52760168
0
0
0
0
0
0
0
0
0
0
0
0
0
0
0
0
0
0
0
0
0
0
0
0
0
0
0
0
0
0
0
0
0
0
0
0
0
0
0
0
-6.1577956
-8.202617
-8.202617
-7.6372662
-7.6372662
-5.9659076
-2.2766355
-1.9041492
-1.4345121
-0.77795364
-0.64253953
-0.32016282
-0.065035938
0.18022578
0.3698927
0.43038318
0.49957099
0.55754069
0.5964843
0.70149976
0.73440258
0.74710423
0.77263668
0.77412647
0.77360266
0.78689371
0.80616136
0.8062347
0.8062347
0.78285085
0.78086181
0.77958476
0.78463442
0.75570619
0.75600011
0.74672811
0
0
0
0
0
0
0
0
0
0
0
0
0
0
0
0
0
0
0
0
0
0
0
0
0
0
0
0
0
0
0
0
0
0
0
0
0
0
0
0
0
0
0
0
-6.1577956
-6.1577956
-8.202617
-8.202617
-7.6372662
-5.9659076
-2.2766355
-2.0663417
-1.8375298
-0.77795364
-0.64253953
-0.32016282
-0.065035938
0.18022578
0.3698927
0.43038318
0.49957099
0.55754069
0.5964843
0.70149976
0.73440258
0.74710423
0.77263668
0.77412647
0.77360266
0.78689371
0.80085654
0.80616136
0.8062347
0.79060705
0.78086181
0.77958476
0.78463442
0
0
0
0
0
0
0
0
0
0
0
0
0
0
0
0
0
0
0
0
0
0
0
0
0
0
0
0
0
0
0
0
0
0
0
0
0
0
0
0
0
0
0
0
0
0
0
-4.5424018
-4.5424018
-6.1577956
-6.1577956
-8.202617
-7.7476402
-2.2766355
-2.0663417
-1.8375298
-0.77795364
-0.64253953
-0.32016282
-0.065035938
0.18022578
0.3698927
0.43038318
0.49957099
0.55754069
0.5964843
0.70149976
0.73440258
0.74710423
0.77263668
0.77263668
0.77412647
0.78689371
0.80085654
0.80616136
0
0
0
0
0
0
0
0
0
0
0
0
0
0
0
0
0
0
0
0
0
0
0
0
0
0
0
0
0
0
0
0
0
0
0
0
0
0
0
0
0
0
0
0
0
0
0
0
0
0
0
0
-1.937982
-1.937982
-4.5424018
-4.5424018
-6.1577956
-8.202617
-5.9659076
-2.2766355
-1.8375298
-0.77795364
-0.64253953
-0.32016282
-0.065035938
0.18022578
0.3698927
0.43038318
0.49957099
0.55754069
0.5964843
0.70149976
0.73440258
0.73440258
0
0
0
0
0
0
0
0
0
0
0
0
0
0
0
0
0
0
0
0
0
0
0
0
0
0
0
0
0
0
0
0
0
0
0
0
0
0
0
0
0
0
0
0
0
0
0
0
0
0
0
0
0
0
0
0
0
0
-1.937982
-1.937982
-1.937982
-1.937982
-1.937982
-4.5424018
-6.1577956
-2.2766355
-1.8375298
-1.4345121
-0.64253953
-0.32016282
0
0
0
0
0
0
0
0
0
0
0
0
0
0
0
0
0
0
0
0
0
0
0
0
0
0
0
0
0
0
0
0
0
0
0
0
0
0
0
0
0
0
0
0
0
0
0
0
0
0
0
0
0
0
0
0
0
0
0
0
0
0
0
0
0
0
0
0
0.89906882
0.89906882
0.89906882
0.89906882
0.89906882
0.89906882
0.89906882
0.89906882
-2.0663417
0
0
0
0
0
0
0
0
0
0
0
0
0
0
0
0
0
0
0
0
0
0
0
0
0
0
0
0
0
0
0
0
0
0
0
0
0
0
0
0
0
0
0
0
0
0
0
0
0
0
0
0
0
0
0
0
0
0
0
0
0
0
0
0
0
0
0
0
0
0
0
2.7958657
2.7958657
2.7958657
2.7958657
2.7958657
2.7958657
2.7958657
3.807056
0
0
0
0
0
0
0
0
0
0
0
0
0
0
0
0
0
0
0
0
0
0
0
0
0
0
0
0
0
0
0
0
0
0
0
0
0
0
0
0
0
0
0
0
0
0
0
0
0
0
0
0
0
0
0
0
0
0
0
0
0
0
0
0
0
0
0
0
0
0
0
0
3.807056
3.807056
3.807056
3.807056
3.807056
3.807056
3.807056
4.3876745
0
0
0
0
0
0
0
0
0
0
0
0
0
0
0
0
0
0
0
0
0
0
0
0
0
0
0
0
0
0
0
0
0
0
0
0
0
0
0
0
0
0
0
0
0
0
0
0
0
0
0
0
0
0
0
0
0
0
0
0
0
0
0
0
0
0
0
0
0
0
0
0
3.807056
4.3876745
4.3876745
4.3876745
4.3876745
4.625235
4.625235
4.625235
0
0
0
0
0
0
0
0
0
0
0
0
0
0
0
0
0
0
0
0
0
0
0
0
0
0
0
0
0
0
0
0
0
0
0
0
0
0
0
0
0
0
0
0
0
0
0
0
0
0
0
0
0
0
0
0
0
0
0
0
0
0
0
0
0
0
0
0
0
0
0
0
4.3876745
4.625235
4.625235
4.625235
4.775247
4.775247
4.9744418
4.9744418
0
0
0
0
0
0
0
0
0
0
0
0
0
0
0
0
0
0
0
0
0
0
0
0
0
0
0
0
0
0
0
0
0
0
0
0
0
0
0
0
0
0
0
0
0
0
0
0
0
0
0
0
0
0
0
0
0
0
0
0
0
0
0
0
0
0
0
0
0
0
0
0
4.775247
4.775247
4.9744418
4.9744418
4.9744418
4.9744418
5.0532372
5.0532372
5.0532372
0
0
0
0
0
0
0
0
0
0
0
0
0
0
0
0
0
0
0
0
0
0
0
0
0
0
0
0
0
0
0
0
0
0
0
0
0
0
0
0
0
0
0
0
0
0
0
0
0
0
0
0
0
0
0
0
0
0
0
0
0
0
0
0
0
0
0
0
0
0
0
4.9744418
4.9744418
5.0532372
5.0532372
5.0532372
5.0532372
5.0532372
5.0832957
5.0832957
0
0
0
0
0
0
0
0
0
0
0
0
0
0
0
0
0
0
0
0
0
0
0
0
0
0
0
0
0
0
0
0
0
0
0
0
0
0
0
0
0
0
0
0
0
0
0
0
0
0
0
0
0
0
0
0
0
0
0
0
0
0
0
0
0
0
0
0
0
0
0
5.0532372
5.0532372
5.0532372
5.0832957
5.0832957
5.0832957
5.0466346
5.0466346
5.0466346
0
0
0
0
0
0
0
0
0
0
0
0
0
0
0
0
0
0
0
0
0
0
0
0
0
0
0
0
0
0
0
0
0
0
0
0
0
0
0
0
0
0
0
0
0
0
0
0
0
0
0
0
0
0
0
0
0
0
0
0
0
0
0
0
0
0
0
0
0
0
0
0
5.0832957
5.0466346
5.0466346
5.0466346
5.0014959
5.0014959
5.0014959
4.9475783
0
0
0
0
0
0
0
0
0
0
0
0
0
0
0
0
0
0
0
0
0
0
0
0
0
0
0
0
0
0
0
0
0
0
0
0
0
0
0
0
0
0
0
0
0
0
0
0
0
0
0
0
0
0
0
0
0
0
0
0
0
0
0
0
0
0
0
0
0
0
0
0
5.0014959
5.0014959
4.9475783
4.9475783
4.9475783
4.9475783
4.9475783
4.9525543
4.9525543
0
0
0
0
0
0
0
0
0
0
0
0
0
0
0
0
0
0
0
0
0
0
0
0
0
0
0
0
0
0
0
0
0
0
0
0
0
0
0
0
0
0
0
0
0
0
0
0
0
0
0
0
0
0
0
0
0
0
0
0
0
0
0
0
0
0
0
0
0
0
0
4.9475783
4.9475783
4.9525543
4.9525543
4.9525543
4.9525543
4.9525543
5.0023869
5.0023869
0
0
0
0
0
0
0
0
0
0
0
0
0
0
0
0
0
0
0
0
0
0
0
0
0
0
0
0
0
0
0
0
0
0
0
0
0
0
0
0
0
0
0
0
0
0
0
0
0
0
0
0
0
0
0
0
0
0
0
0
0
0
0
0
0
0
0
0
0
0
0
4.9525543
4.9525543
5.0023869
5.0023869
5.0023869
5.0023869
5.0023869
5.0639586
5.0639586
0
0
0
0
0
0
0
0
0
0
0
0
0
0
0
0
0
0
0
0
0
0
0
0
0
0
0
0
0
0
0
0
0
0
0
0
0
0
0
0
0
0
0
0
0
0
0
0
0
0
0
0
0
0
0
0
0
0
0
0
0
0
0
0
0
0
0
0
0
0
0
0
5.0023869
5.0639586
5.0639586
5.0639586
5.0945221
5.0945221
5.0945221
5.0945221
0
0
0
0
0
0
0
0
0
0
0
0
0
0
0
0
0
0
0
0
0
0
0
0
0
0
0
0
0
0
0
0
0
0
0
0
0
0
0
0
0
0
0
0
0
0
0
0
0
0
0
0
0
0
0
0
0
0
0
0
0
0
0
0
0
0
0
0
0
0
0
0
5.0945221
5.0945221
5.1225299
5.1225299
5.1225299
5.1225299
5.1225299
5.1920512
0
0
0
0
0
0
0
0
0
0
0
0
0
0
0
0
0
0
0
0
0
0
0
0
0
0
0
0
0
0
0
0
0
0
0
0
0
0
0
0
0
0
0
0
0
0
0
0
0
0
0
0
0
0
0
0
0
0
0
0
0
0
0
0
0
0
0
0
0
0
0
0
5.1225299
5.1920512
5.1920512
5.1920512
5.1920512
5.1920512
5.1920512
5.1920512
0
0
0
0
0
0
0
0
0
0
0
0
0
0
0
0
0
0
0
0
0
0
0
0
0
0
0
0
0
0
0
0
0
0
0
0
0
0
0
0
0
0
0
0
0
0
0
0
0
0
0
0
0
0
0
0
0
0
0
0
0
0
0
0
0
0
0
0
0
0
0
0
5.1920512
5.3312796
5.3312796
5.3312796
5.3312796
5.3312796
5.3312796
5.3312796
0
0
0
0
0
0
0
0
0
0
0
0
0
0
0
0
0
0
0
0
0
0
0
0
0
0
0
0
0
0
0
0
0
0
0
0
0
0
0
0
0
0
0
0
0
0
0
0
0
0
0
0
0
0
0
0
0
0
0
0
0
0
0
0
0
0
0
0
0
0
0
0
0
5.5031177
5.5031177
5.5031177
5.5031177
5.5031177
5.5031177
5.5031177
0
0
0
0
0
0
0
0
0
0
0
0
0
0
0
0
0
0
0
0
0
0
0
0
0
0
0
0
0
0
0
0
0
0
0
0
0
0
0
0
0
0
0
0
0
0
0
0
0
0
0
0
0
0
0
0
0
0
0
0
0
0
0
0
0
0
0
0
0
0
0
0
0
5.6904029
5.6904029
5.6904029
5.6904029
5.6904029
5.6904029
5.6904029
0
0
0
0
0
0
0
0
0
0
0
0
0
0
0
0
0
0
0
0
0
0
0
0
0
0
0
0
0
0
0
0
0
0
0
0
0
0
0
0
0
0
0
0
0
0
0
0
0
0
0
0
0
0
0
0
0
0
0
0
0
0
0
0
0
0
0
0
0
0
0
0
0
5.9114498
5.9114498
5.9114498
5.9114498
5.9114498
5.9114498
5.9114498
0
0
0
0
0
0
0
0
0
0
0
0
0
0
0
0
0
0
0
0
0
0
0
0
0
0
0
0
0
0
0
0
0
0
0
0
0
0
0
0
0
0
0
0
0
0
0
0
0
0
0
0
0
0
0
0
0
0
0
0
0
0
0
0
0
0
0
0
0
0
0
0
0
6.1542102
6.1542102
6.1542102
6.1542102
6.1542102
6.1542102
6.1542102
0
0
0
0
0
0
0
0
0
0
0
0
0
0
0
0
0
0
0
0
0
0
0
0
0
0
0
0
0
0
0
0
0
0
0
0
0
0
0
0
0
0
0
0
0
0
0
0
0
0
0
0
0
0
0
0
0
0
0
0
0
0
0
0
0
0
0
0
0
0
0
0
6.4276051
6.4276051
6.4276051
6.4276051
6.4276051
6.4276051
6.4276051
6.4276051
0
0
0
0
0
0
0
0
0
0
0
0
0
0
0
0
0
0
0
0
0
0
0
0
0
0
0
0
0
0
0
0
0
0
0
0
0
0
0
0
0
0
0
0
0
0
0
0
0
0
0
0
0
0
0
0
0
0
0
0
0
0
0
0
0
0
0
0
0
0
0
0
6.9422815
6.9422815
6.6874395
6.6874395
6.6874395
6.6874395
6.6874395
6.6874395
0
0
0
0
0
0
0
0
0
0
0
0
0
0
0
0
0
0
0
0
0
0
0
0
0
0
0
0
0
0
0
0
0
0
0
0
0
0
0
0
0
0
0
0
0
0
0
0
0
0
0
0
0
0
0
0
0
0
0
0
0
0
0
0
0
0
0
0
0
0
0
0
7.2131498
7.2131498
6.9422815
6.9422815
6.9422815
6.9422815
6.9422815
6.6874395
0
0
0
0
0
0
0
0
0
0
0
0
0
0
0
0
0
0
0
0
0
0
0
0
0
0
0
0
0
0
0
0
0
0
0
0
0
0
0
0
0
0
0
0
0
0
0
0
0
0
0
0
0
0
0
0
0
0
0
0
0
0
0
0
0
0
0
0
0
0
0
7.7418799
7.3838326
7.3838326
7.2977729
7.2977729
7.2131498
7.2131498
6.9422815
6.9422815
0
0
0
0
0
0
0
0
0
0
0
0
0
0
0
0
0
0
0
0
0
0
0
0
0
0
0
0
0
0
0
0
0
0
0
0
0
0
0
0
0
0
0
0
0
0
0
0
0
0
0
0
0
0
0
0
0
0
0
0
0
0
0
0
0
0
0
0
0
0
8.2024602
8.0248157
7.931023
7.7418799
7.3838326
7.3838326
7.3838326
7.2977729
7.2977729
7.2131498
0
0
0
0
0
0
0
0
0
0
0
0
0
0
0
0
0
0
0
0
0
0
0
0
0
0
0
0
0
0
0
0
0
0
0
0
0
0
0
0
0
0
0
0
0
0
0
0
0
0
0
0
0
0
0
0
0
0
0
0
0
0
0
0
0
0
0
0
0
8.7638808
8.5678633
8.2024602
8.0248157
8.0248157
7.931023
7.7418799
7.7418799
7.3838326
7.3838326
7.2977729
0
0
0
0
0
0
0
0
0
0
0
0
0
0
0
0
0
0
0
0
0
0
0
0
0
0
0
0
0
0
0
0
0
0
0
0
0
0
0
0
0
0
0
0
0
0
0
0
0
0
0
0
0
0
0
0
0
0
0
0
0
0
0
0
0
0
0
0
9.2172476
8.812768
8.7638808
8.5678633
8.3494899
8.2024602
8.0248157
7.931023
7.931023
7.7418799
7.7418799
7.3838326
0
0
0
0
0
0
0
0
0
0
0
0
0
0
0
0
0
0
0
0
0
0
0
0
0
0
0
0
0
0
0
0
0
0
0
0
0
0
0
0
0
0
0
0
0
0
0
0
0
0
0
0
0
0
0
0
0
0
0
0
0
0
0
0
0
0
0
9.3740343
9.2172476
8.9724072
8.812768
8.745953
8.5678633
8.3494899
8.2024602
8.0248157
8.0248157
7.931023
7.931023
0
0
0
0
0
0
0
0
0
0
0
0
0
0
0
0
0
0
0
0
0
0
0
0
0
0
0
0
0
0
0
0
0
0
0
0
0
0
0
0
0
0
0
0
0
0
0
0
0
0
0
0
0
0
0
0
0
0
0
0
0
0
0
0
0
0
0
0
9.3740343
9.2172476
9.019188
8.9724072
8.7638808
8.745953
8.5678633
8.3494899
8.2024602
8.2024602
8.0248157
7.931023
0
0
0
0
0
0
0
0
0
0
0
0
0
0
0
0
0
0
0
0
0
0
0
0
0
0
0
0
0
0
0
0
0
0
0
0
0
0
0
0
0
0
0
0
0
0
0
0
0
0
0
0
0
0
0
0
0
0
0
0
0
0
0
0
0
0
0
0
9.3740343
9.2564443
9.2172476
8.9724072
8.812768
8.7638808
8.745953
8.5678633
8.3494899
8.3494899
8.2024602
8.0248157
0
0
0
0
0
0
0
0
0
0
0
0
0
0
0
0
0
0
0
0
0
0
0
0
0
0
0
0
0
0
0
0
0
0
0
0
0
0
0
0
0
0
0
0
0
0
0
0
0
0
0
0
0
0
0
0
0
0
0
0
0
0
0
0
0
0
0
0
9.3740343
9.2564443
9.2172476
9.019188
8.9724072
8.812768
8.7638808
8.745953
8.5678633
8.3494899
8.3494899
0
0
0
0
0
0
0
0
0
0
0
0
0
0
0
0
0
0
0
0
0
0
0
0
0
0
0
0
0
0
0
0
0
0
0
0
0
0
0
0
0
0
0
0
0
0
0
0
0
0
0
0
0
0
0
0
0
0
0
0
0
0
0
0
0
0
0
0
0
9.3740343
9.2929639
9.2172476
9.019188
8.9724072
8.812768
8.7638808
8.745953
8.745953
8.5678633
0
0
0
0
0
0
0
0
0
0
0
0
0
0
0
0
0
0
0
0
0
0
0
0
0
0
0
0
0
0
0
0
0
0
0
0
0
0
0
0
0
0
0
0
0
0
0
0
0
0
0
0
0
0
0
0
0
0
0
0
0
0
0
0
0
0
0
0
0
0
9.3740343
9.2929639
9.2564443
9.2172476
9.019188
8.9724072
8.812768
8.7638808
8.745953
0
0
0
0
0
0
0
0
0
0
0
0
0
0
0
0
0
0
0
0
0
0
0
0
0
0
0
0
0
0
0
0
0
0
0
0
0
0
0
0
0
0
0
0
0
0
0
0
0
0
0
0
0
0
0
0
0
0
0
0
0
0
0
0
0
0
0
0
0
0
0
9.3740343
9.2929639
9.2564443
9.2172476
9.019188
8.9724072
8.812768
8.812768
0
0
0
0
0
0
0
0
0
0
0
0
0
0
0
0
0
0
0
0
0
0
0
0
0
0
0
0
0
0
0
0
0
0
0
0
0
0
0
0
0
0
0
0
0
0
0
0
0
0
0
0
0
0
0
0
0
0
0
0
0
0
0
0
0
0
0
0
0
0
0
0
9.3740343
9.2929639
9.2564443
9.2172476
9.019188
0
0
0
0
0
0
0
0
0
0
0
0
0
0
0
0
0
0
0
0
0
0
0
0
0
0
0
0
0
0
0
0
0
0
0
0
0
0
0
0
0
0
0
0
0
0
0
0
0
0
0
0
0
0
0
0
0
0
0
0
0
0
0
0
0
0
0
0
0
0
0
0
0
0
0
0
0
0
0
0
0
0
0
0
0
0
0
0
0
0
0
0
0
0
0
0
0
0
0
0
0
0
0
0
0
0
0
0
0
0
0
0
0
0
0
0
0
0
0
0
0
0
0
0
0
0
0
0
0
0
0
0
0
0
0
0
0
0
0
0
0
0
0
0
0
0
0
0
0
0
0
0
0
0
0
0
0
0
0
0
0
0
0
0
0
0
0
0
0
0
0
0
0
0
0
0
0
0
0
0
0
0
0
0
0
0
0
0
0
0
0
0
0
0
0
0
0
0
0
0
0
0
0
0
0
0
0
0
0
0
0
0
0
0
0
0
0
0
0
0
0
0
0
0
0
0
0
0
0
0
0
0
0
0
0
0
0
0
0
0
0
0
0
0
0
0
0
0
0
0
0
0
0
0
0
0
0
0
0
0
0
0
0
0
0
0
0
0
0
0
0
0
0
0
0
0
0
0
0
0
0
0
0
0
0
0
0
0
0
0
0
0
0
0
0
0
0
0
0
0
0
0
0
0
0
0
0
0
0
0
0
0
0
0
0
0
0
0
0
0
0
0
0
0
0
0
0
0
0
0
0
0
0
0
0
0
0
0
0
0
0
0
0
0
0
0
0
0
0
0
0
0
0
0
0
0
0
0
0
0
0
0
0
0
0
0
0
0
0
0
0
0
0
0
0
0
0
0
0
0
0
0
0
0
0
0
0
0
0
0
0
0
0
0
0
0
0
0
0
0
0
0
0
0
0
0
0
0
0
0
0
0
0
0
0
0
0
0
0
0
0
0
0
0
0
0
0
0
0
0
0
0
0
0
0
0
0
0
0
0
0
0
0
0
0
0
0
0
0
0
0
0
0
0
0
0
0
0
0
0
0
0
0
0
0
0
0
0
0
0
0
0
0
0
0
0
0
0
0
0
0
0
0
0
0
0
0
0
0
0
0
0
0
0
0
0
0
0
0
0
0
0
0
0
0
0
0
0
0
0
0
0
0
0
0
0
0
0
0
0
0
0
0
0
0
0
0
0
0
0
0
0
0
0
0
0
0
0
0
0
0
0
0
0
0
0
0
0
0
0
0
0
0
0
0
0
0
0
0
0
0
0
0
0
0
0
0
0
0
0
0
0
0
0
0
0
0
0
0
0
0
0
0
0
0
0
0
0
0
0
0
0
0
0
0
0
0
0
0
0
0
0
0
0
0
0
0
0
0
0
0
0
0
0
0
0
0
0
0
0
0
0
0
0
0
0
0
0
0
0
0
0
0
0
0
0
0
0
0
0
0
0
0
0
0
0
0
0
0
0
0
0
0
0
0
0
0
0
0
0
0
0
0
0
0
0
0
0
0
0
0
0
0
0
0
0
0
0
0
0
0
0
0
0
0
0
0
0
0
0
0
0
0
0
0
0
0
0
0
0
0
0
0
0
0
0
0
0
0
0
0
0
0
0
0
0
0
0
0
0
0
0
0
0
0
0
0
0
0
0
0
0
0
0
0
0
0
0
0
0
0
0
0
0
0
0
0
0
0
0
0
0
0
0
0
0
0
0
0
0
0
0
0
0
0
0
0
0
0
0
0
0
0
0
0
0
0
0
0
0
0
0
0
0
0
0
0
0
0
0
0
0
0
0
0
0
0
0
0
0
0
0
0
0
0
0
0
0
0
0
0
0
0
0
0
0
0
0
0
0
0
0
0
0
0
0
0
0
0
0
0
0
0
0
0
0
0
0
0
0
0
0
0
0
0
0
0
0
0
0
0
0
0
0
0
0
0
0
0
0
0
0
0
0
0
0
0
0
0
0
0
0
0
0
0
0
0
0
0
0
0
0
0
0
0
0
0
0
0
0
0
0
0
0
0
0
0
0
0
0
0
0
0
0
0
0
0
0
0
0
0
0
0
0
0
0
0
0
0
0
0
0
0
0
0
0
0
0
0
0
0
0
0
0
0
0
0
0
0
0
0
0
0
0
0
0
0
0
0
0
0
0
0
0
0
0
0
0
0
0
0
0
0
0
0
0
0
0
0
0
0
0
0
0
0
0
0
0
0
0
0
0
0
0
0
0
0
0
0
0
0
0
0
0
0
0
0
0
0
0
0
0
0
0
0
0
0
0
0
0
0
0
0
0
0
0
0
0
0
0
0
0
0
0
0
0
0
0
0
0
0
0
0
0
0
)
;

boundaryField
{
    bottom
    {
        type            zeroGradient;
    }
    top
    {
        type            zeroGradient;
    }
    right
    {
        type            zeroGradient;
    }
    back
    {
        type            wedge;
    }
    front
    {
        type            wedge;
    }
    axis
    {
        type            empty;
    }
    procBoundary2to0
    {
        type            processor;
        value           uniform 0;
    }
    procBoundary2to3
    {
        type            processor;
        value           nonuniform List<scalar> 
80
(
0
0
0
0
0
0
0
0
0
0
0
0
0
0
0
0
0
0.73670799
0.73670799
0.73670799
0.73670799
0.73670799
0.73670799
0.73670799
0
0
0
0
0
0
0
0
0
0
0
0
0
0
0
0
0
0
0
0
0
0
0
0
0
0
0
0
0
0
0
0
0
0
0
0
0
0
0
0
0
0
0
0
0
0
0
0
0
0
0
0
0
0
0
0
)
;
    }
    procBoundary2to4
    {
        type            processor;
        value           uniform 0;
    }
}


// ************************************************************************* //
