/*--------------------------------*- C++ -*----------------------------------*\
| =========                 |                                                 |
| \\      /  F ield         | OpenFOAM: The Open Source CFD Toolbox           |
|  \\    /   O peration     | Version:  2306                                  |
|   \\  /    A nd           | Website:  www.openfoam.com                      |
|    \\/     M anipulation  |                                                 |
\*---------------------------------------------------------------------------*/
FoamFile
{
    version     2.0;
    format      ascii;
    arch        "LSB;label=32;scalar=64";
    class       volScalarField;
    location    "0.48";
    object      K_;
}
// * * * * * * * * * * * * * * * * * * * * * * * * * * * * * * * * * * * * * //

dimensions      [0 -1 0 0 0 0 0];

internalField   nonuniform List<scalar> 
6400
(
0
0
0
0
0
0
0
0
0
0
0
0
0
0
0
0
0
0
0
0
0
0
0
0
0
0
0
0
0
0
0
0
0
0
0
0
0
0
0
0
0
0
0
0
0
0
0
0
0
0
0
0
0
0
0
0
0
0
0
0
0
0
0
0
0
0
0
0
0
0
0
0
0
0
0
0
0
0
0
0
0
0
0
0
0
0
0
0
0
0
0
0
0
0
0
0
0
0
0
0
0
0
0
0
0
0
0
0
0
0
0
0
0
0
0
0
0
0
0
0
0
0
0
0
0
0
0
0
0
0
0
0
0
0
0
0
0
0
0
0
0
0
0
0
0
0
0
0
0
0
0
0
0
0
0
0
0
0
0
0
0
0
0
0
0
0
0
0
0
0
0
0
0
0
0
0
0
0
0
0
0
0
0
0
0
0
0
0
0
0
0
0
0
0
0
0
0
0
0
0
0
0
0
0
0
0
0
0
0
0
0
0
0
0
0
0
0
0
0
0
0
0
0
0
0
0
0
0
0
0
0
0
0
0
0
0
0
0
0
0
0
0
0
0
0
0
0
0
0
0
0
0
0
0
0
0
0
0
0
0
0
0
0
0
0
0
0
0
0
0
0
0
0
0
0
0
0
0
0
0
0
0
0
0
0
0
0
0
0
0
0
0
0
0
0
0
0
0
0
0
0
0
0
0
0
0
0
0
0
0
0
0
0
0
0
0
0
0
0
0
0
0
0
0
0
0
0
0
0
0
0
0
0
0
0
0
0
0
0
0
0
0
0
0
0
0
0
0
0
0
0
0
0
0
0
0
0
0
0
0
0
0
0
0
0
0
0
0
0
0
0
0
0
0
0
0
0
0
0
0
0
0
0
0
0
0
0
0
0
0
0
0
0
0
0
0
0
0
0
0
0
0
0
0
0
0
0
0
0
0
0
0
0
0
0
0
0
0
0
0
0
0
0
0
0
0
0
0
0
0
0
0
0
0
0
0
0
0
0
0
0
0
0
0
0
0
0
0
0
0
0
0
0
0
0
0
0
0
0
0
0
0
0
0
0
0
0
0
0
0
0
0
0
0
0
0
0
0
0
0
0
0
0
0
0
0
0
0
0
0
0
0
0
0
0
0
0
0
0
0
0
0
0
0
0
0
0
0
0
0
0
0
0
0
0
0
0
0
0
0
0
0
0
0
0
0
0
0
0
0
0
0
0
0
0
0
0
0
0
0
0
0
0
0
0
0
0
0
0
0
0
0
0
0
0
0
0
0
0
0
0
0
0
0
0
0
0
0
0
0
0
0
0
0
0
0
0
0
0
0
0
0
0
0
0
0
0
0
0
0
0
0
0
0
0
0
0
0
0
0
0
0
0
0
0
0
0
0
0
0
0
0
0
0
0
0
0
0
0
0
0
0
0
0
0
0
0
0
0
0
0
0
0
0
0
0
0
0
0
0
0
0
0
0
0
0
0
0
0
0
0
0
0
0
0
0
0
0
0
0
0
0
0
0
0
0
0
0
0
0
0
0
0
0
0
0
0
0
0
0
0
0
0
0
0
0
0
0
0
0
0
0
0
0
0
0
0
0
0
0
0
0
0
0
0
0
0
0
0
0
0
0
0
0
0
0
0
0
0
0
0
0
0
0
0
0
0
0
0
0
0
0
0
0
0
0
0
0
0
0
0
0
0
0
0
0
0
0
0
0
0
0
0
0
0
0
0
0
0
0
0
0
0
0
0
0
0
0
0
0
0
0
0
0
0
0
0
0
0
0
0
0
0
0
0
0
0
0
0
0
0
0
0
0
0
0
0
0
0
0
0
0
0
0
0
0
0
0
0
0
0
0
0
0
0
0
0
0
0
0
0
0
0
0
0
0
0
0
0
0
0
0
0
0
0
0
0
0
0
0
0
0
0
0
0
0
0
0
0
0
0
0
0
0
0
0
0
0
0
0
0
0
0
0
0
0
0
0
0
0
0
0
0
0
0
0
0
0
0
0
0
0
0
0
0
0
0
0
0
0
0
0
0
0
0
0
0
0
0
0
0
0
0
0
0
0
0
0
0
0
0
0
0
0
0
0
0
0
0
0
0
0
0
0
0
0
0
0
0
0
0
0
0
0
0
0
0
0
0
0
0
0
0
0
0
0
0
0
0
0
0
0
0
0
0
0
0
0
0
0
-28.065589
-28.065589
-26.91738
-26.91738
-26.91738
-26.91738
0
0
0
0
0
0
0
0
0
0
0
0
0
0
0
0
0
0
0
0
0
0
0
0
0
0
0
0
0
0
0
0
0
0
0
0
0
0
0
0
0
0
0
0
0
0
0
0
0
0
0
0
0
0
0
0
0
0
0
0
0
0
0
0
0
0
0
0
0
0
0
0
0
0
-28.065589
-28.065589
-26.91738
-26.91738
-26.91738
-26.91738
0
0
0
0
0
0
0
0
0
0
0
0
0
0
0
0
0
0
0
0
0
0
0
0
0
0
0
0
0
0
0
0
0
0
0
0
0
0
0
0
0
0
0
0
0
0
0
0
0
0
0
0
0
0
0
0
0
0
0
0
0
0
0
0
0
0
0
0
0
0
0
0
0
0
-28.065589
-26.91738
-26.91738
-26.91738
-26.91738
-37.915079
0
0
0
0
0
0
0
0
0
0
0
0
0
0
0
0
0
0
0
0
0
0
0
0
0
0
0
0
0
0
0
0
0
0
0
0
0
0
0
0
0
0
0
0
0
0
0
0
0
0
0
0
0
0
0
0
0
0
0
0
0
0
0
0
0
0
0
0
0
0
0
0
0
0
-28.065589
-26.396336
-26.91738
-37.915079
-37.915079
-37.915079
0
0
0
0
0
0
0
0
0
0
0
0
0
0
0
0
0
0
0
0
0
0
0
0
0
0
0
0
0
0
0
0
0
0
0
0
0
0
0
0
0
0
-0.47156883
-0.61105366
-0.82133901
-1.0181406
-1.1870817
-1.3618265
-1.3618265
-1.507753
-1.576959
-1.5909801
-1.5725479
-1.519365
-1.4249187
-1.2826606
-1.089801
-0.86241257
-0.62575694
-0.62575694
-0.41134798
-0.17143842
-0.046164606
0.15287543
0
0
0
0
0
0
0
0
0
0
-45.340377
-46.512068
-37.915079
-37.915079
-37.915079
-37.915079
0
0
0
0
0
0
0
0
0
0
0
0
0
0
0
0
0
0
0
0
0
0
0
0
0
0
0
0
0
0
0
0
0
0
0
0
0
0
0
-0.094930189
-0.094930189
-0.38123164
-0.47156883
-0.61105366
-0.82133901
-0.92369245
-1.1870817
-1.1870817
-1.3618265
-1.507753
-1.576959
-1.5909801
-1.5725479
-1.519365
-1.4249187
-1.2826606
-1.089801
-0.86241257
-0.62575694
-0.41134798
-0.25984923
-0.17143842
-0.046164606
0.15287543
0.3456863
0.58870785
0.66754271
0.70831691
0.79193572
0.81783612
0
0
0
0
-63.31385
-62.155066
-43.283667
-43.283667
-43.283667
-43.283667
0
0
0
0
0
0
0
0
0
0
0
0
0
0
0
0
0
0
0
0
0
0
0
0
0
0
0
0
0
0
0
0
0
0
0
0
0.26927374
0.09464022
0.026884426
-0.010629118
-0.094930189
-0.28606802
-0.47156883
-0.61105366
-0.82133901
-0.92369245
-1.0181406
-1.1870817
-1.3618265
-1.507753
-1.576959
-1.5909801
-1.5725479
-1.519365
-1.4249187
-1.2826606
-1.089801
-0.86241257
-0.62575694
-0.41134798
-0.25984923
-0.046164606
0.15287543
0.3456863
0.49080069
0.58870785
0.66754271
0.70831691
0.79193572
0.81783612
0.81393657
0.79230729
0.74072457
0.65649724
-43.387621
-43.873307
-42.972396
-42.972396
-43.283667
-43.283667
0
0
0
0
0
0
0
0
0
0
0
0
0
0
0
0
0
0
0
0
0
0
0
0
0
0
0
0
0
0
0
0
0
0
0.44726249
0.36877606
0.32516244
0.26927374
0.09464022
-0.010629118
-0.094930189
-0.28606802
-0.38123164
-0.47156883
-0.61105366
-0.92369245
-1.0181406
-1.1870817
-1.3618265
-1.507753
-1.576959
-1.5909801
-1.5725479
-1.519365
-1.4249187
-1.2826606
-1.089801
-0.86241257
-0.62575694
-0.41134798
-0.25984923
-0.046164606
0.15287543
0.3456863
0.49080069
0.58870785
0.66754271
0.74329453
0.79193572
0.81783612
0.81393657
0.79230729
0.74072457
0.65649724
-43.387621
-43.873307
-43.873307
-42.972396
-42.972396
-42.972396
0
0
0
0
0
0
0
0
0
0
0
0
0
0
0
0
0
0
0
0
0
0
0
0
0
0
0
0
0
0
0
0.65443794
0.68140693
0.49885655
0.48918511
0.44726249
0.32516244
0.26927374
0.09464022
0.026884426
-0.010629118
-0.094930189
-0.38123164
-0.47156883
-0.61105366
-0.82133901
-1.0181406
-1.1870817
-1.3618265
-1.507753
-1.576959
-1.5909801
-1.5725479
-1.519365
-1.4249187
-1.2826606
-1.089801
-0.86241257
-0.62575694
-0.41134798
-0.17143842
-0.046164606
0.15287543
0.3456863
0.49080069
0.58870785
0.66754271
0.74329453
0.79193572
0.81783612
0.81393657
0.79230729
0.74072457
0.65649724
-43.387621
-43.873307
-43.873307
-43.873307
-42.972396
-42.972396
0
0
0
0
0
0
0
0
0
0
0
0
0
0
0
0
0
0
0
0
0
0
0
0
0
0
0
0
0.75831146
0.74639344
0.63230827
0.65443794
0.68140693
0.54607995
0.48918511
0.44726249
0.36877606
0.32516244
0.26927374
0.026884426
-0.010629118
-0.094930189
-0.28606802
-0.47156883
-0.61105366
-0.82133901
-0.92369245
-1.1870817
-1.3618265
-1.507753
-1.576959
-1.5909801
-1.5725479
-1.519365
-1.4249187
-1.2826606
-1.089801
-0.86241257
-0.62575694
-0.41134798
-0.17143842
-0.046164606
0.15287543
0.3456863
0.49080069
0.58870785
0.70831691
0.74329453
0.79193572
0.81783612
0.81393657
0.79230729
0.74072457
0.65649724
-43.387621
-43.873307
-43.873307
-43.873307
-42.972396
-42.972396
0
0
0
0
0
0
0
0
0
0
0
0
0
0
0
0
0
0
0
0
0
0
0
0
0
0
0.80493772
0.76045987
0.75831146
0.74639344
0.64710895
0.65443794
0.68140693
0.54607995
0.49885655
0.48918511
0.44726249
0.32516244
0.26927374
0.09464022
-0.010629118
-0.094930189
-0.28606802
-0.38123164
-0.47156883
-0.61105366
-0.92369245
-1.0181406
-1.1870817
-1.507753
-1.576959
-1.5909801
-1.5725479
-1.519365
-1.4249187
-1.2826606
-1.089801
-0.86241257
-0.62575694
-0.25984923
-0.17143842
-0.046164606
0.15287543
0.3456863
0.49080069
0.58870785
0.66754271
0.74329453
0.79193572
0.81783612
0.81393657
0.79230729
0.74072457
0.65649724
0
0
0
0
0
0
0
0
0
0
0
0
0
0
0
0
0
0
0
0
0
0
0
0
0
0
0
0
0.84579489
0.81635785
0.81264837
0.82385241
0.80493772
0.76045987
0.75831146
0.74639344
0.64710895
0.63230827
0.65443794
0.68140693
0.49885655
0.48918511
0.44726249
0.36877606
0.26927374
0.09464022
0.026884426
-0.010629118
-0.094930189
-0.38123164
-0.47156883
-0.61105366
-0.82133901
-1.0181406
-1.1870817
0
0
0
0
0
0
0
0
-0.62575694
-0.41134798
-0.25984923
-0.17143842
0.15287543
0.3456863
0.3456863
0.49080069
0.58870785
0.70831691
0.74329453
0.79193572
0.81783612
0.81393657
0.79230729
0.74072457
0.65649724
0
0
0
0
0
0
0
0
0
0
0
0
0
0
0
0
0
0
0
0
0
0
0
0
0.80652436
0.81720381
0.77134324
0.80669596
0.84579489
0.81635785
0.81264837
0.82385241
0.80493772
0.76045987
0.75428538
0.75831146
0.74639344
0.63230827
0.65443794
0.68140693
0.54607995
0.48918511
0.44726249
0.36877606
0.32516244
0.26927374
0.09464022
-0.010629118
-0.094930189
-0.28606802
-0.47156883
-0.61105366
0
0
0
0
0
0
0
0
0
0
0
0
0
0
0
0
0
0.49080069
0.58870785
0.66754271
0.70831691
0.74329453
0.79193572
0.81783612
0.81393657
0.79230729
0.74072457
0.65649724
0
0
0
0
0
0
0
0
0
0
0
0
0
0
0
0
0
0
0
0.54113299
0.54703534
0.56115883
0.59628655
0.72633502
0.80652436
0.81720381
0.77134324
0.77676384
0.84579489
0.81635785
0.81264837
0.81908434
0.82385241
0.80493772
0.76045987
0.75831146
0.74639344
0.64710895
0.65443794
0.68140693
0.54607995
0.49885655
0.48918511
0.44726249
0.32516244
0.26927374
0.09464022
0.026884426
-0.094930189
0
0
0
0
0
0
0
0
0
0
0
0
0
0
0
0
0
0
0
0
0
0
0
0
0
0
0
0
0
0
0
0
0
0
0
0
0
0
0
0
0
0
0
-0.49993235
-0.28453332
-0.034506202
0.073757771
0.14547036
0.24987033
0.38021455
0.46613992
0.54113299
0.56115883
0.59628655
0.66932076
0.72633502
0.80652436
0.81720381
0.77676384
0.80669596
0.84579489
0.81635785
0.81908434
0.82385241
0.80493772
0.76045987
0.75428538
0.74639344
0.64710895
0.63230827
0.65443794
0.68140693
0.54607995
0.48918511
0.44726249
0.36877606
0.32516244
0.26927374
0
0
0
0
0
0
0
0
0
0
0
0
0
0
0
0
0
0
0
0
0
0
0
0
0
0
0
0
0
0
0
0
0
0
0
0
0
0
0
0
-5.3488358
-2.275761
-1.8066227
-1.6755961
-1.0183511
-0.49993235
-0.49993235
-0.28453332
0.073757771
0.14547036
0.24987033
0.38021455
0.46613992
0.54113299
0.54703534
0.59628655
0.66932076
0.72633502
0.80652436
0.81720381
0.77676384
0.80669596
0.84579489
0.81635785
0.81264837
0.82385241
0.80493772
0.76045987
0.75428538
0.75831146
0.74639344
0.64710895
0.65443794
0.68140693
0.54607995
0.49885655
0.48918511
0
0
0
0
0
0
0
0
0
0
0
0
0
0
0
0
0
0
0
0
0
0
0
0
0
0
0
0
0
0
0
0
0
0
0
0
0
0
0
0
0
-6.8447796
-6.8447796
-6.8447796
-5.3488358
-2.275761
-1.8066227
-1.0183511
-1.0183511
-0.49993235
-0.28453332
0.073757771
0.14547036
0.24987033
0.38021455
0.46613992
0.54113299
0.54703534
0.59628655
0.66932076
0.72633502
0.80652436
0.81720381
0.77134324
0.80669596
0.84579489
0.81635785
0.81264837
0.81908434
0.82385241
0.80493772
0.76045987
0.75831146
0.74639344
0.64710895
0.63230827
0.68140693
0
0
0
0
0
0
0
0
0
0
0
0
0
0
0
0
0
0
0
0
0
0
0
0
0
0
0
0
0
0
0
0
0
0
0
0
0
0
0
0
0
0
0
-6.2131892
-7.2957324
-6.8447796
-6.8447796
-5.3488358
-2.275761
-1.8066227
-1.6755961
-1.0183511
-0.49993235
-0.28453332
0.073757771
0.14547036
0.24987033
0.38021455
0.46613992
0.54113299
0.54703534
0.56115883
0.66932076
0.72633502
0.80652436
0.81720381
0.77134324
0.77676384
0.84579489
0.84579489
0.81635785
0.81908434
0.82385241
0.80493772
0.76045987
0.75831146
0.74639344
0.64710895
0
0
0
0
0
0
0
0
0
0
0
0
0
0
0
0
0
0
0
0
0
0
0
0
0
0
0
0
0
0
0
0
0
0
0
0
0
0
0
0
0
0
0
0
0
-6.2131892
-6.2131892
-7.2957324
-6.8447796
-6.8447796
-5.3488358
-1.8066227
-1.6755961
-1.0183511
-0.49993235
-0.28453332
-0.034506202
0.14547036
0.24987033
0.38021455
0.46613992
0.54113299
0.54703534
0.56115883
0.66932076
0.72633502
0.80652436
0.81720381
0.77134324
0.77676384
0.80669596
0.84579489
0.81635785
0.81264837
0.82385241
0.80493772
0
0
0
0
0
0
0
0
0
0
0
0
0
0
0
0
0
0
0
0
0
0
0
0
0
0
0
0
0
0
0
0
0
0
0
0
0
0
0
0
0
0
0
0
0
0
0
0
0
-6.2131892
-6.2131892
-6.2131892
-7.2957324
-6.8447796
-5.3488358
-2.275761
-1.802562
-1.0183511
-0.49993235
-0.28453332
-0.034506202
0.14547036
0.24987033
0.38021455
0.46613992
0.54113299
0.54703534
0.56115883
0.59628655
0.72633502
0.72633502
0.80652436
0.81720381
0.77676384
0.80669596
0.84579489
0
0
0
0
0
0
0
0
0
0
0
0
0
0
0
0
0
0
0
0
0
0
0
0
0
0
0
0
0
0
0
0
0
0
0
0
0
0
0
0
0
0
0
0
0
0
0
0
0
0
0
0
0
-4.9424561
-4.9424561
-6.2131892
-6.2131892
-7.2957324
-6.8447796
-2.275761
-1.802562
-1.0183511
-0.49993235
-0.28453332
-0.034506202
0.073757771
0.24987033
0.38021455
0.46613992
0.54113299
0.54113299
0.56115883
0.59628655
0.66932076
0.72633502
0
0
0
0
0
0
0
0
0
0
0
0
0
0
0
0
0
0
0
0
0
0
0
0
0
0
0
0
0
0
0
0
0
0
0
0
0
0
0
0
0
0
0
0
0
0
0
0
0
0
0
0
0
0
0
0
0
0
-1.6122652
-1.6122652
-4.9424561
-4.9424561
-6.2131892
-7.2957324
-5.3488358
-2.275761
-1.6755961
-1.0183511
-0.49993235
-0.034506202
0.073757771
0.14547036
0.24987033
0
0
0
0
0
0
0
0
0
0
0
0
0
0
0
0
0
0
0
0
0
0
0
0
0
0
0
0
0
0
0
0
0
0
0
0
0
0
0
0
0
0
0
0
0
0
0
0
0
0
0
0
0
0
0
0
0
0
0
0
0
0
0
0
0
-1.6122652
-1.6122652
-1.6122652
-1.6122652
-1.6122652
-4.9424561
-7.2957324
-2.275761
-1.6755961
-1.0183511
-0.49993235
0
0
0
0
0
0
0
0
0
0
0
0
0
0
0
0
0
0
0
0
0
0
0
0
0
0
0
0
0
0
0
0
0
0
0
0
0
0
0
0
0
0
0
0
0
0
0
0
0
0
0
0
0
0
0
0
0
0
0
0
0
0
0
0
0
0
0
0
0
0.67135799
0.67135799
0.67135799
0.67135799
0.67135799
0.67135799
0.67135799
0.67135799
0
0
0
0
0
0
0
0
0
0
0
0
0
0
0
0
0
0
0
0
0
0
0
0
0
0
0
0
0
0
0
0
0
0
0
0
0
0
0
0
0
0
0
0
0
0
0
0
0
0
0
0
0
0
0
0
0
0
0
0
0
0
0
0
0
0
0
0
0
0
0
0
2.23997
2.23997
2.23997
2.23997
2.23997
2.23997
2.23997
0
0
0
0
0
0
0
0
0
0
0
0
0
0
0
0
0
0
0
0
0
0
0
0
0
0
0
0
0
0
0
0
0
0
0
0
0
0
0
0
0
0
0
0
0
0
0
0
0
0
0
0
0
0
0
0
0
0
0
0
0
0
0
0
0
0
0
0
0
0
0
0
0
3.3253558
3.3253558
3.3253558
3.3253558
3.3253558
3.3253558
3.3253558
4.0134231
0
0
0
0
0
0
0
0
0
0
0
0
0
0
0
0
0
0
0
0
0
0
0
0
0
0
0
0
0
0
0
0
0
0
0
0
0
0
0
0
0
0
0
0
0
0
0
0
0
0
0
0
0
0
0
0
0
0
0
0
0
0
0
0
0
0
0
0
0
0
0
0
4.0134231
4.0134231
4.0134231
4.0134231
4.0134231
4.0134231
4.4249174
4.4249174
0
0
0
0
0
0
0
0
0
0
0
0
0
0
0
0
0
0
0
0
0
0
0
0
0
0
0
0
0
0
0
0
0
0
0
0
0
0
0
0
0
0
0
0
0
0
0
0
0
0
0
0
0
0
0
0
0
0
0
0
0
0
0
0
0
0
0
0
0
0
0
0
4.0134231
4.4249174
4.4249174
4.4249174
4.4249174
4.4249174
4.6111347
4.6111347
0
0
0
0
0
0
0
0
0
0
0
0
0
0
0
0
0
0
0
0
0
0
0
0
0
0
0
0
0
0
0
0
0
0
0
0
0
0
0
0
0
0
0
0
0
0
0
0
0
0
0
0
0
0
0
0
0
0
0
0
0
0
0
0
0
0
0
0
0
0
0
0
4.4249174
4.6111347
4.6111347
4.6111347
4.6880207
4.6880207
4.6880207
4.7566008
0
0
0
0
0
0
0
0
0
0
0
0
0
0
0
0
0
0
0
0
0
0
0
0
0
0
0
0
0
0
0
0
0
0
0
0
0
0
0
0
0
0
0
0
0
0
0
0
0
0
0
0
0
0
0
0
0
0
0
0
0
0
0
0
0
0
0
0
0
0
0
0
4.6880207
4.6880207
4.6880207
4.7566008
4.7566008
4.7566008
4.7566008
4.8326918
0
0
0
0
0
0
0
0
0
0
0
0
0
0
0
0
0
0
0
0
0
0
0
0
0
0
0
0
0
0
0
0
0
0
0
0
0
0
0
0
0
0
0
0
0
0
0
0
0
0
0
0
0
0
0
0
0
0
0
0
0
0
0
0
0
0
0
0
0
0
0
0
4.7566008
4.7566008
4.8326918
4.8326918
4.8326918
4.8326918
4.8326918
4.8382623
4.8382623
0
0
0
0
0
0
0
0
0
0
0
0
0
0
0
0
0
0
0
0
0
0
0
0
0
0
0
0
0
0
0
0
0
0
0
0
0
0
0
0
0
0
0
0
0
0
0
0
0
0
0
0
0
0
0
0
0
0
0
0
0
0
0
0
0
0
0
0
0
0
0
4.8326918
4.8326918
4.8382623
4.8382623
4.8382623
4.8382623
4.8382623
4.8478836
4.8478836
0
0
0
0
0
0
0
0
0
0
0
0
0
0
0
0
0
0
0
0
0
0
0
0
0
0
0
0
0
0
0
0
0
0
0
0
0
0
0
0
0
0
0
0
0
0
0
0
0
0
0
0
0
0
0
0
0
0
0
0
0
0
0
0
0
0
0
0
0
0
0
0
4.8382623
4.8478836
4.8478836
4.8478836
4.8478836
4.8478836
4.8471717
4.8471717
0
0
0
0
0
0
0
0
0
0
0
0
0
0
0
0
0
0
0
0
0
0
0
0
0
0
0
0
0
0
0
0
0
0
0
0
0
0
0
0
0
0
0
0
0
0
0
0
0
0
0
0
0
0
0
0
0
0
0
0
0
0
0
0
0
0
0
0
0
0
0
0
4.8478836
4.8471717
4.8471717
4.8471717
4.8472101
4.8472101
4.8472101
4.8472101
0
0
0
0
0
0
0
0
0
0
0
0
0
0
0
0
0
0
0
0
0
0
0
0
0
0
0
0
0
0
0
0
0
0
0
0
0
0
0
0
0
0
0
0
0
0
0
0
0
0
0
0
0
0
0
0
0
0
0
0
0
0
0
0
0
0
0
0
0
0
0
0
4.8472101
4.8472101
4.8565998
4.8565998
4.8565998
4.8565998
4.8565998
4.9024946
0
0
0
0
0
0
0
0
0
0
0
0
0
0
0
0
0
0
0
0
0
0
0
0
0
0
0
0
0
0
0
0
0
0
0
0
0
0
0
0
0
0
0
0
0
0
0
0
0
0
0
0
0
0
0
0
0
0
0
0
0
0
0
0
0
0
0
0
0
0
0
0
4.8565998
4.9024946
4.9024946
4.9024946
4.9024946
4.9024946
4.9024946
4.9024946
0
0
0
0
0
0
0
0
0
0
0
0
0
0
0
0
0
0
0
0
0
0
0
0
0
0
0
0
0
0
0
0
0
0
0
0
0
0
0
0
0
0
0
0
0
0
0
0
0
0
0
0
0
0
0
0
0
0
0
0
0
0
0
0
0
0
0
0
0
0
0
0
4.9024946
4.9755591
4.9755591
4.9755591
4.9755591
4.9755591
4.9755591
4.9755591
0
0
0
0
0
0
0
0
0
0
0
0
0
0
0
0
0
0
0
0
0
0
0
0
0
0
0
0
0
0
0
0
0
0
0
0
0
0
0
0
0
0
0
0
0
0
0
0
0
0
0
0
0
0
0
0
0
0
0
0
0
0
0
0
0
0
0
0
0
0
0
0
0
5.0778516
5.0778516
5.0778516
5.0778516
5.0778516
5.0778516
5.0778516
0
0
0
0
0
0
0
0
0
0
0
0
0
0
0
0
0
0
0
0
0
0
0
0
0
0
0
0
0
0
0
0
0
0
0
0
0
0
0
0
0
0
0
0
0
0
0
0
0
0
0
0
0
0
0
0
0
0
0
0
0
0
0
0
0
0
0
0
0
0
0
0
0
5.2165689
5.2165689
5.2165689
5.2165689
5.2165689
5.2165689
5.2165689
0
0
0
0
0
0
0
0
0
0
0
0
0
0
0
0
0
0
0
0
0
0
0
0
0
0
0
0
0
0
0
0
0
0
0
0
0
0
0
0
0
0
0
0
0
0
0
0
0
0
0
0
0
0
0
0
0
0
0
0
0
0
0
0
0
0
0
0
0
0
0
0
0
5.3881102
5.3881102
5.3881102
5.3881102
5.3881102
5.3881102
5.3881102
0
0
0
0
0
0
0
0
0
0
0
0
0
0
0
0
0
0
0
0
0
0
0
0
0
0
0
0
0
0
0
0
0
0
0
0
0
0
0
0
0
0
0
0
0
0
0
0
0
0
0
0
0
0
0
0
0
0
0
0
0
0
0
0
0
0
0
0
0
0
0
0
0
5.5924323
5.5924323
5.5924323
5.5924323
5.5924323
5.5924323
5.5924323
0
0
0
0
0
0
0
0
0
0
0
0
0
0
0
0
0
0
0
0
0
0
0
0
0
0
0
0
0
0
0
0
0
0
0
0
0
0
0
0
0
0
0
0
0
0
0
0
0
0
0
0
0
0
0
0
0
0
0
0
0
0
0
0
0
0
0
0
0
0
0
0
0
5.8052167
5.8052167
5.8052167
5.8052167
5.8052167
5.8052167
5.8052167
0
0
0
0
0
0
0
0
0
0
0
0
0
0
0
0
0
0
0
0
0
0
0
0
0
0
0
0
0
0
0
0
0
0
0
0
0
0
0
0
0
0
0
0
0
0
0
0
0
0
0
0
0
0
0
0
0
0
0
0
0
0
0
0
0
0
0
0
0
0
0
0
0
6.0387211
6.0387211
6.0387211
6.0387211
6.0387211
6.0387211
6.0387211
0
0
0
0
0
0
0
0
0
0
0
0
0
0
0
0
0
0
0
0
0
0
0
0
0
0
0
0
0
0
0
0
0
0
0
0
0
0
0
0
0
0
0
0
0
0
0
0
0
0
0
0
0
0
0
0
0
0
0
0
0
0
0
0
0
0
0
0
0
0
0
0
6.5377195
6.2742496
6.2742496
6.2742496
6.2742496
6.2742496
6.2742496
6.2742496
0
0
0
0
0
0
0
0
0
0
0
0
0
0
0
0
0
0
0
0
0
0
0
0
0
0
0
0
0
0
0
0
0
0
0
0
0
0
0
0
0
0
0
0
0
0
0
0
0
0
0
0
0
0
0
0
0
0
0
0
0
0
0
0
0
0
0
0
0
0
0
0
6.8342386
6.8342386
6.5377195
6.5377195
6.5377195
6.5377195
6.5377195
6.5377195
0
0
0
0
0
0
0
0
0
0
0
0
0
0
0
0
0
0
0
0
0
0
0
0
0
0
0
0
0
0
0
0
0
0
0
0
0
0
0
0
0
0
0
0
0
0
0
0
0
0
0
0
0
0
0
0
0
0
0
0
0
0
0
0
0
0
0
0
0
0
0
7.3290052
7.3290052
7.1444532
7.1444532
6.8342386
6.8342386
6.8342386
6.8342386
6.5377195
0
0
0
0
0
0
0
0
0
0
0
0
0
0
0
0
0
0
0
0
0
0
0
0
0
0
0
0
0
0
0
0
0
0
0
0
0
0
0
0
0
0
0
0
0
0
0
0
0
0
0
0
0
0
0
0
0
0
0
0
0
0
0
0
0
0
0
0
0
0
0
7.6663941
7.4786358
7.4786358
7.3290052
7.3290052
7.1444532
7.1444532
6.8342386
6.8342386
0
0
0
0
0
0
0
0
0
0
0
0
0
0
0
0
0
0
0
0
0
0
0
0
0
0
0
0
0
0
0
0
0
0
0
0
0
0
0
0
0
0
0
0
0
0
0
0
0
0
0
0
0
0
0
0
0
0
0
0
0
0
0
0
0
0
0
0
0
0
8.3421444
8.1286277
7.8456908
7.6663941
7.4786358
7.4786358
7.4786358
7.3290052
7.3290052
7.1444532
0
0
0
0
0
0
0
0
0
0
0
0
0
0
0
0
0
0
0
0
0
0
0
0
0
0
0
0
0
0
0
0
0
0
0
0
0
0
0
0
0
0
0
0
0
0
0
0
0
0
0
0
0
0
0
0
0
0
0
0
0
0
0
0
0
0
0
0
0
8.7674346
8.4032512
8.365131
8.1286277
8.1286277
7.8456908
7.6663941
7.6663941
7.4786358
7.4786358
7.3290052
0
0
0
0
0
0
0
0
0
0
0
0
0
0
0
0
0
0
0
0
0
0
0
0
0
0
0
0
0
0
0
0
0
0
0
0
0
0
0
0
0
0
0
0
0
0
0
0
0
0
0
0
0
0
0
0
0
0
0
0
0
0
0
0
0
0
0
9.2819333
9.0661507
9.2125647
8.7674346
8.4032512
8.365131
8.3421444
8.1286277
7.8456908
7.8456908
7.6663941
7.6663941
7.4786358
0
0
0
0
0
0
0
0
0
0
0
0
0
0
0
0
0
0
0
0
0
0
0
0
0
0
0
0
0
0
0
0
0
0
0
0
0
0
0
0
0
0
0
0
0
0
0
0
0
0
0
0
0
0
0
0
0
0
0
0
0
0
0
0
0
0
0
9.3419769
9.0661507
9.3598303
9.2125647
8.5590699
8.4032512
8.365131
8.3421444
8.1286277
8.1286277
7.8456908
7.8456908
0
0
0
0
0
0
0
0
0
0
0
0
0
0
0
0
0
0
0
0
0
0
0
0
0
0
0
0
0
0
0
0
0
0
0
0
0
0
0
0
0
0
0
0
0
0
0
0
0
0
0
0
0
0
0
0
0
0
0
0
0
0
0
0
0
0
0
0
9.3419769
9.0661507
9.2351642
9.2125647
8.7674346
8.5590699
8.4032512
8.365131
8.3421444
8.3421444
8.1286277
7.8456908
0
0
0
0
0
0
0
0
0
0
0
0
0
0
0
0
0
0
0
0
0
0
0
0
0
0
0
0
0
0
0
0
0
0
0
0
0
0
0
0
0
0
0
0
0
0
0
0
0
0
0
0
0
0
0
0
0
0
0
0
0
0
0
0
0
0
0
0
9.3419769
9.2819333
9.0661507
9.3598303
9.2125647
8.7674346
8.5590699
8.4032512
8.365131
8.3421444
8.3421444
0
0
0
0
0
0
0
0
0
0
0
0
0
0
0
0
0
0
0
0
0
0
0
0
0
0
0
0
0
0
0
0
0
0
0
0
0
0
0
0
0
0
0
0
0
0
0
0
0
0
0
0
0
0
0
0
0
0
0
0
0
0
0
0
0
0
0
0
0
9.3419769
9.2819333
9.0661507
9.2351642
9.3598303
9.2125647
8.7674346
8.5590699
8.4032512
8.365131
8.365131
0
0
0
0
0
0
0
0
0
0
0
0
0
0
0
0
0
0
0
0
0
0
0
0
0
0
0
0
0
0
0
0
0
0
0
0
0
0
0
0
0
0
0
0
0
0
0
0
0
0
0
0
0
0
0
0
0
0
0
0
0
0
0
0
0
0
0
0
0
9.3419769
9.2819333
9.0661507
9.2351642
9.3598303
9.2125647
8.7674346
8.5590699
8.5590699
8.4032512
0
0
0
0
0
0
0
0
0
0
0
0
0
0
0
0
0
0
0
0
0
0
0
0
0
0
0
0
0
0
0
0
0
0
0
0
0
0
0
0
0
0
0
0
0
0
0
0
0
0
0
0
0
0
0
0
0
0
0
0
0
0
0
0
0
0
0
0
0
0
9.3419769
9.2819333
9.2819333
9.0661507
9.2351642
9.3598303
9.2125647
8.7674346
8.5590699
0
0
0
0
0
0
0
0
0
0
0
0
0
0
0
0
0
0
0
0
0
0
0
0
0
0
0
0
0
0
0
0
0
0
0
0
0
0
0
0
0
0
0
0
0
0
0
0
0
0
0
0
0
0
0
0
0
0
0
0
0
0
0
0
0
0
0
0
0
0
0
9.3419769
9.2819333
9.2819333
9.0661507
9.2351642
9.3598303
9.2125647
0
0
0
0
0
0
0
0
0
0
0
0
0
0
0
0
0
0
0
0
0
0
0
0
0
0
0
0
0
0
0
0
0
0
0
0
0
0
0
0
0
0
0
0
0
0
0
0
0
0
0
0
0
0
0
0
0
0
0
0
0
0
0
0
0
0
0
0
0
0
0
0
0
0
0
0
0
0
0
0
0
0
0
0
0
0
0
0
0
0
0
0
0
0
0
0
0
0
0
0
0
0
0
0
0
0
0
0
0
0
0
0
0
0
0
0
0
0
0
0
0
0
0
0
0
0
0
0
0
0
0
0
0
0
0
0
0
0
0
0
0
0
0
0
0
0
0
0
0
0
0
0
0
0
0
0
0
0
0
0
0
0
0
0
0
0
0
0
0
0
0
0
0
0
0
0
0
0
0
0
0
0
0
0
0
0
0
0
0
0
0
0
0
0
0
0
0
0
0
0
0
0
0
0
0
0
0
0
0
0
0
0
0
0
0
0
0
0
0
0
0
0
0
0
0
0
0
0
0
0
0
0
0
0
0
0
0
0
0
0
0
0
0
0
0
0
0
0
0
0
0
0
0
0
0
0
0
0
0
0
0
0
0
0
0
0
0
0
0
0
0
0
0
0
0
0
0
0
0
0
0
0
0
0
0
0
0
0
0
0
0
0
0
0
0
0
0
0
0
0
0
0
0
0
0
0
0
0
0
0
0
0
0
0
0
0
0
0
0
0
0
0
0
0
0
0
0
0
0
0
0
0
0
0
0
0
0
0
0
0
0
0
0
0
0
0
0
0
0
0
0
0
0
0
0
0
0
0
0
0
0
0
0
0
0
0
0
0
0
0
0
0
0
0
0
0
0
0
0
0
0
0
0
0
0
0
0
0
0
0
0
0
0
0
0
0
0
0
0
0
0
0
0
0
0
0
0
0
0
0
0
0
0
0
0
0
0
0
0
0
0
0
0
0
0
0
0
0
0
0
0
0
0
0
0
0
0
0
0
0
0
0
0
0
0
0
0
0
0
0
0
0
0
0
0
0
0
0
0
0
0
0
0
0
0
0
0
0
0
0
0
0
0
0
0
0
0
0
0
0
0
0
0
0
0
0
0
0
0
0
0
0
0
0
0
0
0
0
0
0
0
0
0
0
0
0
0
0
0
0
0
0
0
0
0
0
0
0
0
0
0
0
0
0
0
0
0
0
0
0
0
0
0
0
0
0
0
0
0
0
0
0
0
0
0
0
0
0
0
0
0
0
0
0
0
0
0
0
0
0
0
0
0
0
0
0
0
0
0
0
0
0
0
0
0
0
0
0
0
0
0
0
0
0
0
0
0
0
0
0
0
0
0
0
0
0
0
0
0
0
0
0
0
0
0
0
0
0
0
0
0
0
0
0
0
0
0
0
0
0
0
0
0
0
0
0
0
0
0
0
0
0
0
0
0
0
0
0
0
0
0
0
0
0
0
0
0
0
0
0
0
0
0
0
0
0
0
0
0
0
0
0
0
0
0
0
0
0
0
0
0
0
0
0
0
0
0
0
0
0
0
0
0
0
0
0
0
0
0
0
0
0
0
0
0
0
0
0
0
0
0
0
0
0
0
0
0
0
0
0
0
0
0
0
0
0
0
0
0
0
0
0
0
0
0
0
0
0
0
0
0
0
0
0
0
0
0
0
0
0
0
0
0
0
0
0
0
0
0
0
0
0
0
0
0
0
0
0
0
0
0
0
0
0
0
0
0
0
0
0
0
0
0
0
0
0
0
0
0
0
0
0
0
0
0
0
0
0
0
0
0
0
0
0
0
0
0
0
0
0
0
0
0
0
0
0
0
0
0
0
0
0
0
0
0
0
0
0
0
0
0
0
0
0
0
0
0
0
0
0
0
0
0
0
0
0
0
0
0
0
0
0
0
0
0
0
0
0
0
0
0
0
0
0
0
0
0
0
0
0
0
0
0
0
0
0
0
0
0
0
0
0
0
0
0
0
0
0
0
0
0
0
0
0
0
0
0
0
0
0
0
0
0
0
0
0
0
0
0
0
0
0
0
0
0
0
0
0
0
0
0
0
0
0
0
0
0
0
0
0
0
0
0
0
0
0
0
0
0
0
0
0
0
0
0
0
0
0
0
0
0
0
0
0
0
0
0
0
0
0
0
0
0
0
0
0
0
0
0
0
0
0
0
0
0
0
0
0
0
0
0
0
0
0
0
0
0
0
0
0
0
0
0
0
0
0
0
0
0
0
0
0
0
0
0
0
0
0
0
0
0
0
0
0
0
0
0
0
0
0
0
0
0
0
0
0
0
0
0
0
0
0
0
0
0
0
0
0
0
0
0
0
0
)
;

boundaryField
{
    bottom
    {
        type            zeroGradient;
    }
    top
    {
        type            zeroGradient;
    }
    right
    {
        type            zeroGradient;
    }
    back
    {
        type            wedge;
    }
    front
    {
        type            wedge;
    }
    axis
    {
        type            empty;
    }
    procBoundary2to0
    {
        type            processor;
        value           uniform 0;
    }
    procBoundary2to3
    {
        type            processor;
        value           nonuniform List<scalar> 
80
(
0
0
0
0
0
0
0
0
0
0
0
0
0
0
0
0
0
0.55463291
0.55463291
0.55463291
0.55463291
0.55463291
0.55463291
0.55463291
0
0
0
0
0
0
0
0
0
0
0
0
0
0
0
0
0
0
0
0
0
0
0
0
0
0
0
0
0
0
0
0
0
0
0
0
0
0
0
0
0
0
0
0
0
0
0
0
0
0
0
0
0
0
0
0
)
;
    }
    procBoundary2to4
    {
        type            processor;
        value           uniform 0;
    }
}


// ************************************************************************* //
