/*--------------------------------*- C++ -*----------------------------------*\
| =========                 |                                                 |
| \\      /  F ield         | OpenFOAM: The Open Source CFD Toolbox           |
|  \\    /   O peration     | Version:  2306                                  |
|   \\  /    A nd           | Website:  www.openfoam.com                      |
|    \\/     M anipulation  |                                                 |
\*---------------------------------------------------------------------------*/
FoamFile
{
    version     2.0;
    format      ascii;
    arch        "LSB;label=32;scalar=64";
    class       volScalarField;
    location    "0.26";
    object      K_;
}
// * * * * * * * * * * * * * * * * * * * * * * * * * * * * * * * * * * * * * //

dimensions      [0 -1 0 0 0 0 0];

internalField   nonuniform List<scalar> 
6400
(
0
0
0
0
0
0
0
0
0
0
0
0
0
0
0
0
0
0
0
0
0
0
0
0
0
0
0
0
0
0
0
0
0
0
0
0
0
0
0
0
0
0
0
0
0
0
0
0
0
0
0
0
0
0
0
0
0
0
0
0
0
0
0
0
0
0
0
0
0
0
0
0
0
0
0
0
0
0
0
0
0
0
0
0
0
0
0
0
0
0
0
0
0
0
0
0
0
0
0
0
0
0
0
0
0
0
0
0
0
0
0
0
0
0
0
0
0
0
0
0
0
0
0
0
0
0
0
0
0
0
0
0
0
0
0
0
0
0
0
0
0
0
0
0
0
0
0
0
0
0
0
0
0
0
0
0
0
0
0
0
0
0
0
0
0
0
0
0
0
0
0
0
0
0
0
0
0
0
0
0
0
0
0
0
0
0
0
0
0
0
0
0
0
0
0
0
0
0
0
0
0
0
0
0
0
0
0
0
0
0
0
0
0
0
0
0
0
0
0
0
0
0
0
0
0
0
0
0
0
0
0
0
0
0
0
0
0
0
0
0
0
0
0
0
0
0
0
0
0
0
0
0
0
0
0
0
0
0
0
0
0
0
0
0
0
0
0
0
0
0
0
0
0
0
0
0
0
0
0
0
0
0
0
0
0
0
0
0
0
0
0
0
0
0
0
0
0
0
0
0
0
0
0
0
0
0
0
0
0
0
0
0
0
0
0
0
0
0
0
0
0
0
0
0
0
0
0
0
0
0
0
0
0
0
0
0
0
0
0
0
0
0
0
0
0
0
0
0
0
0
0
0
0
0
0
0
0
0
0
0
0
0
0
0
0
0
0
0
0
0
0
0
0
0
0
0
0
0
0
0
0
0
0
0
0
0
0
0
0
0
0
0
0
0
0
0
0
0
0
0
0
0
0
0
0
0
0
0
0
0
0
0
0
0
0
0
0
0
0
0
0
0
0
0
0
0
0
0
0
0
0
0
0
0
0
0
0
0
0
0
0
0
0
0
0
0
0
0
0
0
0
0
0
0
0
0
0
0
0
0
0
0
0
0
0
0
0
0
0
0
0
0
0
0
0
0
0
0
0
0
0
0
0
0
0
0
0
0
0
0
0
0
0
0
0
0
0
0
0
0
0
0
0
0
0
0
0
0
0
0
0
0
0
0
0
0
0
0
0
0
0
0
0
0
0
0
0
0
0
0
0
0
0
0
0
0
0
0
0
0
0
0
0
0
0
0
0
0
0
0
0
0
0
0
0
0
0
0
0
0
0
0
0
0
0
0
0
0
0
0
0
0
0
0
0
0
0
0
0
0
0
0
0
0
0
0
0
0
0
0
0
0
0
0
0
0
0
0
0
0
0
0
0
0
0
0
0
0
0
0
0
0
0
0
0
0
0
0
0
0
0
0
0
0
0
0
0
0
0
0
0
0
0
0
0
0
0
0
0
0
0
0
0
0
0
0
0
0
0
0
0
0
0
0
0
0
0
0
0
0
0
0
0
0
0
0
0
0
0
0
0
0
0
0
0
0
0
0
0
0
0
0
0
0
0
0
0
0
0
0
0
0
0
0
0
0
0
0
0
0
0
0
0
0
0
0
0
0
0
0
0
0
0
0
0
0
0
0
0
0
0
0
0
0
0
0
0
0
0
0
0
0
0
0
0
0
0
0
0
0
0
0
0
0
0
0
0
0
0
0
0
0
0
0
0
0
0
0
0
0
0
0
0
0
0
0
0
0
0
0
0
0
0
0
0
0
0
0
0
0
0
0
0
0
0
0
0
0
0
0
0
0
0
0
0
0
0
0
0
0
0
0
0
0
0
0
0
0
0
0
0
0
0
0
0
0
0
0
0
0
0
0
0
0
0
0
0
0
0
0
0
0
0
0
0
0
0
0
0
0
0
0
0
0
0
0
0
0
0
0
0
0
0
0
0
0
0
0
0
0
0
0
0
0
0
0
0
0
0
0
0
0
0
0
0
0
0
0
0
0
0
0
0
0
0
0
0
0
0
0
0
0
0
0
0
0
0
0
0
0
0
0
0
0
0
0
0
0
0
0
0
0
0
0
0
0
0
0
0
0
0
0
0
0
0
0
0
0
0
0
0
0
0
0
0
0
0
0
0
0
0
0
0
0
0
0
0
0
0
0
0
0
0
0
0
0
0
0
0
0
0
0
0
0
0
0
0
0
0
0
0
0
0
0
0
0
0
0
0
0
0
0
0
0
0
0
0
0
0
0
0
0
0
0
0
0
0
0
0
0
0
0
0
0
0
0
0
0
0
0
0
0
0
0
0
0
0
0
0
0
0
0
0
0
0
0
0
0
0
0
0
0
0
0
0
0
0
0
0
0
0
0
0
0
0
0
0
0
0
0
0
0
0
0
0
0
0
0
0
0
0
0
0
0
0
0
0
0
0
0
0
0
0
0
0
0
0
0
0
0
0
0
0
0
0
0
0
0
0
0
0
0
0
0
0
0
0
0
0
0
0
0
0
0
0
0
0
0
0
0
0
0
0
0
0
0
0
0
0
0
-34.322172
-29.523102
-30.210312
-30.210312
-30.210312
-30.210312
-30.210312
0
0
0
0
0
0
0
0
0
0
0
0
0
0
0
0
0
0
0
0
0
0
0
0
0
0
0
0
0
0
0
0
0
0
0
0
0
0
0
0
0
0
0
0
0
0
0
0
0
0
0
0
0
0
0
0
0
0
0
0
0
0
0
0
0
0
0
0
0
0
0
0
0
-34.322172
-29.523102
-30.210312
-30.210312
-30.210312
-30.210312
-30.210312
0
0
0
0
0
0
0
0
0
0
0
0
0
0
0
0
0
0
0
0
0
0
0
0
-1.6815963
-2.0927978
-2.3377296
-2.6659163
-3.0417056
-3.0417056
-3.2166607
-3.1077312
-2.7161316
-2.1191023
-1.4534289
-1.4534289
-0.91957987
-0.30154594
-0.092136447
0.31799721
0
0
0
0
0
0
0
0
0
0
0
0
0
0
0
0
0
0
0
0
0
0
0
0
0
0
0
0
0
0
0
0
0
-34.322172
-29.523102
-25.895205
-30.210312
-30.210312
-30.210312
-30.210312
0
0
0
0
0
0
0
0
0
0
0
0
0
0
0
0
0
0
0
0
0
0
-0.6851959
-0.9548135
-1.1917402
-1.6815963
-2.0927978
-2.6659163
-2.6659163
-3.0417056
-3.2166607
-3.1077312
-2.7161316
-2.1191023
-1.4534289
-0.91957987
-0.50346057
-0.30154594
-0.092136447
0.31799721
0.6501858
0.95878524
0.99764522
1.0107736
0.98641275
0.90834384
0.76715799
0.57067613
0.35237377
0.15049522
-0.04669696
-0.1613579
-0.26689547
-0.32578069
-0.32908583
-0.27954527
-0.19920564
-0.11272819
-0.035296966
0.023973503
0.060728865
0.07565232
0.073007527
0.058854564
0.039772878
0.021300844
0.0067558675
-0.002524407
-0.0067346725
-0.0072379238
-0.0056430571
-0.0031773774
-0.0007075009
-34.322172
-29.523102
-25.895205
-30.210312
-30.210312
-30.210312
-30.210312
0
0
0
0
0
0
0
0
0
0
0
0
0
0
0
0
0
0
0
0
0.045448029
-0.26042704
-0.6851959
-0.9548135
-1.1917402
-1.6815963
-2.0927978
-2.3377296
-2.6659163
-3.0417056
-3.2166607
-3.1077312
-2.7161316
-2.1191023
-1.4534289
-0.91957987
-0.50346057
-0.30154594
0.31799721
0.6501858
0.864502
0.95878524
0.99764522
1.0107736
0.98641275
0.90834384
0.76715799
0.57067613
0.35237377
0.15049522
-0.04669696
-0.1613579
-0.26689547
-0.32578069
-0.32908583
-0.27954527
-0.19920564
-0.11272819
-0.035296966
0.023973503
0.060728865
0.07565232
0.073007527
0.058854564
0.039772878
0.021300844
0.0067558675
-0.002524407
-0.0067346725
-0.0072379238
-0.0056430571
-0.0031773774
-0.0007075009
-84.71142
-29.280856
-55.86626
-54.580647
-30.210312
-30.210312
-30.210312
0
0
0
0
0
0
0
0
0
0
0
0
0
0
0
0
0
0
0.25525172
0.10152886
0.045448029
-0.060663008
-0.26042704
-0.6851959
-0.9548135
-1.1917402
-1.6815963
-2.3377296
-2.6659163
-3.0417056
-3.2166607
-3.1077312
-2.7161316
-2.1191023
-1.4534289
-0.91957987
-0.50346057
-0.092136447
0.31799721
0.6501858
0.864502
0.95878524
0.99764522
1.0107736
0.98641275
0.90834384
0.76715799
0.57067613
0.35237377
0.15049522
-0.04669696
-0.1613579
-0.26689547
-0.32578069
-0.32908583
-0.27954527
-0.19920564
-0.11272819
-0.035296966
0.023973503
0.060728865
0.07565232
0.073007527
0.058854564
0.039772878
0.021300844
0.0067558675
-0.002524407
-0.0067346725
-0.0072379238
-0.0056430571
-0.0031773774
-0.0007075009
-35.290996
-52.429079
-53.210481
-46.880065
-46.880065
-46.880065
-46.880065
0
0
0
0
0
0
0
0
0
0
0
0
0
0
0
0
0
0.59873
0.55645885
0.25525172
0.10152886
0.045448029
-0.060663008
-0.6851959
-0.9548135
-1.1917402
-1.6815963
-2.0927978
-2.6659163
-3.0417056
-3.2166607
-3.1077312
-2.7161316
-2.1191023
-1.4534289
-0.91957987
-0.30154594
-0.092136447
0.31799721
0.6501858
0.864502
0.95878524
0.99764522
1.0107736
0.98641275
0.90834384
0.76715799
0.57067613
0.35237377
0.15049522
-0.04669696
-0.1613579
-0.26689547
-0.32578069
-0.32908583
-0.27954527
-0.19920564
-0.11272819
-0.035296966
0.023973503
0.060728865
0.07565232
0.073007527
0.058854564
0.039772878
0.021300844
0.0067558675
-0.002524407
-0.0067346725
-0.0072379238
-0.0056430571
-0.0031773774
-0.0007075009
-35.290996
-36.311278
-34.818191
-45.808534
-45.808534
-45.808534
-46.880065
0
0
0
0
0
0
0
0
0
0
0
0
0
0
0
0.74607481
0.63798857
0.56878896
0.59873
0.55645885
0.25525172
0.045448029
-0.060663008
-0.26042704
-0.6851959
-0.9548135
-1.6815963
-2.0927978
-2.3377296
-3.0417056
-3.2166607
-3.1077312
-2.7161316
-2.1191023
-1.4534289
-0.91957987
-0.30154594
-0.092136447
0.31799721
0.6501858
0.864502
0.95878524
0.99764522
1.0103187
0.98641275
0.90834384
0.76715799
0.57067613
0.35237377
0.15049522
0.031857189
-0.1613579
-0.26689547
-0.32578069
-0.32908583
-0.27954527
-0.19920564
-0.11272819
-0.035296966
0.023973503
0.060728865
0.07565232
0.073007527
0.058854564
0.039772878
0.021300844
0.0067558675
-0.002524407
-0.0067346725
-0.0072379238
-0.0056430571
-0.0031773774
-0.0007075009
-36.311278
-36.311278
-34.818191
-45.808534
-45.808534
-45.808534
-45.808534
0
0
0
0
0
0
0
0
0
0
0
0
0
0
0.69679183
0.76924022
0.74607481
0.63798857
0.56878896
0.55645885
0.25525172
0.10152886
0.045448029
-0.060663008
-0.26042704
-0.9548135
-1.1917402
-1.6815963
-2.3377296
-2.6659163
-3.2166607
-3.1077312
-2.7161316
-2.1191023
-0.91957987
-0.50346057
-0.30154594
-0.092136447
0.31799721
0.6501858
0.864502
0.95878524
0.99764522
1.0103187
0.98641275
0.90834384
0.76715799
0.57067613
0.35237377
0.15049522
-0.04669696
-0.1613579
-0.26689547
-0.32578069
-0.32908583
-0.27954527
-0.19920564
-0.11272819
-0.035296966
0.023973503
0.060728865
0.07565232
0.073007527
0.058854564
0.039772878
0.021300844
0.0067558675
-0.002524407
-0.0067346725
-0.0072379238
-0.0056430571
-0.0031773774
-0.0007075009
-36.311278
-34.818191
-34.818191
-45.808534
-45.808534
-45.808534
-45.808534
0
0
0
0
0
0
0
0
0
0
0
0
0.76179299
0.82108561
0.71658346
0.69679183
0.76924022
0.74607481
0.56878896
0.59873
0.55645885
0.25525172
0.10152886
0.045448029
-0.26042704
-0.6851959
-0.9548135
-1.6815963
-2.0927978
-2.6659163
-3.0417056
0
0
-1.4534289
-0.91957987
-0.50346057
-0.30154594
0.31799721
0.6501858
0.6501858
0.864502
0.95878524
0.99764522
1.0103187
0.98641275
0.90834384
0.76715799
0.57067613
0.35237377
0.15049522
0.031857189
-0.1613579
-0.26689547
-0.32578069
-0.32908583
-0.27954527
-0.19920564
-0.11272819
-0.035296966
0.023973503
0.060728865
0.07565232
0.073007527
0.058854564
0.039772878
0.021300844
0.0067558675
-0.002524407
-0.0067346725
-0.0072379238
-0.0056430571
-0.0031773774
-0.0007075009
-36.311278
-34.818191
-34.818191
-45.808534
-45.808534
-45.808534
-45.808534
0
0
0
0
0
0
0
0
0
0
0
0.50476634
0.55974028
0.76179299
0.82108561
0.71658346
0.76924022
0.74607481
0.63798857
0.56878896
0.59873
0.55645885
0.25525172
0.045448029
-0.060663008
-0.26042704
-0.6851959
-1.1917402
-1.6815963
0
0
0
0
0
0
0
0
0
0
0
0.95878524
0.95878524
0.99764522
1.0103187
0.98641275
0.90834384
0.76715799
0.57067613
0.35237377
0.15049522
0.031857189
-0.1613579
-0.26689547
-0.32578069
0
0
0
0
0
0
0
0
0
0
0
0
0
0
0
0
0
0
0
0
0
0
0
0
0
0
0
0
0
0
0
0
0
0
0
0.55460854
0.60948279
0.52092091
0.50476634
0.55974028
0.76179299
0.71658346
0.69679183
0.76924022
0.74607481
0.63798857
0.56878896
0.55645885
0.25525172
0.10152886
0.045448029
-0.26042704
-0.6851959
0
0
0
0
0
0
0
0
0
0
0
0
0
0
0
0
0
0
0
0
0
0
0
0
0
0
0
0
0
0
0
0
0
0
0
0
0
0
0
0
0
0
0
0
0
0
0
0
0
0
0
0
0
0
0
0
0
0
0
0
0
-0.0079643969
0.2261343
0.55460854
0.60948279
0.50476634
0.55974028
0.76179299
0.82108561
0.71658346
0.69679183
0.76924022
0.74607481
0.56878896
0.59873
0.55645885
0.25525172
0.045448029
0
0
0
0
0
0
0
0
0
0
0
0
0
0
0
0
0
0
0
0
0
0
0
0
0
0
0
0
0
0
0
0
0
0
0
0
0
0
0
0
0
0
0
0
0
0
0
0
0
0
0
0
0
0
0
0
0
0
0
0
0
0
-0.18872714
-0.18872714
0.2261343
0.2261343
0.60948279
0.52092091
0.50476634
0.55974028
0.76179299
0.82108561
0.71658346
0.76924022
0.74607481
0.63798857
0.56878896
0.59873
0.55645885
0
0
0
0
0
0
0
0
0
0
0
0
0
0
0
0
0
0
0
0
0
0
0
0
0
0
0
0
0
0
0
0
0
0
0
0
0
0
0
0
0
0
0
0
0
0
0
0
0
0
0
0
0
0
0
0
0
0
0
0
0
0
-0.61072632
-0.33623122
-0.18872714
-0.0079643969
0.2261343
0.55460854
0.60948279
0.52092091
0.50476634
0.55974028
0.76179299
0.71658346
0.69679183
0.76924022
0.74607481
0.63798857
0
0
0
0
0
0
0
0
0
0
0
0
0
0
0
0
0
0
0
0
0
0
0
0
0
0
0
0
0
0
0
0
0
0
0
0
0
0
0
0
0
0
0
0
0
0
0
0
0
0
0
0
0
0
0
0
0
0
0
0
0
0
0
-1.3510375
-1.0129288
-0.61072632
-0.33623122
-0.18872714
-0.0079643969
0.2261343
0.55460854
0.60948279
0.52092091
0.55974028
0.76179299
0.82108561
0.71658346
0.69679183
0.76924022
0
0
0
0
0
0
0
0
0
0
0
0
0
0
0
0
0
0
0
0
0
0
0
0
0
0
0
0
0
0
0
0
0
0
0
0
0
0
0
0
0
0
0
0
0
0
0
0
0
0
0
0
0
0
0
0
0
0
0
0
0
0
0
-2.3522962
-1.3510375
-1.3510375
-1.0129288
-0.61072632
-0.33623122
-0.18872714
-0.0079643969
0.2261343
0.55460854
0.60948279
0.50476634
0.55974028
0.76179299
0.82108561
0
0
0
0
0
0
0
0
0
0
0
0
0
0
0
0
0
0
0
0
0
0
0
0
0
0
0
0
0
0
0
0
0
0
0
0
0
0
0
0
0
0
0
0
0
0
0
0
0
0
0
0
0
0
0
0
0
0
0
0
0
0
0
0
0
-3.2702794
-2.3522962
-1.3510375
-1.3510375
-1.0129288
-0.61072632
-0.33623122
-0.18872714
-0.0079643969
0.55460854
0.55460854
0.52092091
0.50476634
0.55974028
0
0
0
0
0
0
0
0
0
0
0
0
0
0
0
0
0
0
0
0
0
0
0
0
0
0
0
0
0
0
0
0
0
0
0
0
0
0
0
0
0
0
0
0
0
0
0
0
0
0
0
0
0
0
0
0
0
0
0
0
0
0
0
0
0
0
-3.2702794
-3.2702794
-3.2702794
-2.3522962
-1.3510375
-1.0129288
-0.61072632
-0.33623122
-0.18872714
-0.0079643969
0.55460854
0.60948279
0
0
0
0
0
0
0
0
0
0
0
0
0
0
0
0
0
0
0
0
0
0
0
0
0
0
0
0
0
0
0
0
0
0
0
0
0
0
0
0
0
0
0
0
0
0
0
0
0
0
0
0
0
0
0
0
0
0
0
0
0
0
0
0
0
0
0
-4.0168454
-4.0168454
-4.0168454
-3.2702794
-3.2702794
-2.3522962
-1.3510375
-1.0129288
-0.61072632
-0.33623122
-0.0079643969
0.2261343
0
0
0
0
0
0
0
0
0
0
0
0
0
0
0
0
0
0
0
0
0
0
0
0
0
0
0
0
0
0
0
0
0
0
0
0
0
0
0
0
0
0
0
0
0
0
0
0
0
0
0
0
0
0
0
0
0
0
0
0
0
0
0
0
0
0
0
0
-3.6247205
-3.6247205
-3.6247205
-4.0168454
-4.0168454
-3.2702794
-2.3522962
-2.3522962
-1.0129288
-0.61072632
-0.33623122
0
0
0
0
0
0
0
0
0
0
0
0
0
0
0
0
0
0
0
0
0
0
0
0
0
0
0
0
0
0
0
0
0
0
0
0
0
0
0
0
0
0
0
0
0
0
0
0
0
0
0
0
0
0
0
0
0
0
0
0
0
0
0
0
0
0
0
0
0
-3.161661
-3.161661
-3.6247205
-3.6247205
-3.6247205
-3.6247205
-4.0168454
-4.0168454
-2.3522962
-1.0129288
0
0
0
0
0
0
0
0
0
0
0
0
0
0
0
0
0
0
0
0
0
0
0
0
0
0
0
0
0
0
0
0
0
0
0
0
0
0
0
0
0
0
0
0
0
0
0
0
0
0
0
0
0
0
0
0
0
0
0
0
0
0
0
0
0
0
0
0
0
0
-2.740712
-2.740712
-2.740712
-2.740712
-3.161661
-3.161661
-3.161661
-3.6247205
-4.0168454
0
0
0
0
0
0
0
0
0
0
0
0
0
0
0
0
0
0
0
0
0
0
0
0
0
0
0
0
0
0
0
0
0
0
0
0
0
0
0
0
0
0
0
0
0
0
0
0
0
0
0
0
0
0
0
0
0
0
0
0
0
0
0
0
0
0
0
0
0
0
0
-2.093585
-2.093585
-2.093585
-2.093585
-1.5952789
-1.5952789
-1.5952789
-1.5952789
0
0
0
0
0
0
0
0
0
0
0
0
0
0
0
0
0
0
0
0
0
0
0
0
0
0
0
0
0
0
0
0
0
0
0
0
0
0
0
0
0
0
0
0
0
0
0
0
0
0
0
0
0
0
0
0
0
0
0
0
0
0
0
0
0
0
0
0
0
0
0
0
-1.5952789
-1.5952789
-0.70150159
-0.70150159
-0.70150159
-0.70150159
-0.70150159
0.57111317
0.57111317
0
0
0
0
0
0
0
0
0
0
0
0
0
0
0
0
0
0
0
0
0
0
0
0
0
0
0
0
0
0
0
0
0
0
0
0
0
0
0
0
0
0
0
0
0
0
0
0
0
0
0
0
0
0
0
0
0
0
0
0
0
0
0
0
0
0
0
0
0
0
0
-0.70150159
-0.70150159
0.57111317
0.57111317
0.57111317
0.57111317
1.4987181
1.4987181
1.4987181
0
0
0
0
0
0
0
0
0
0
0
0
0
0
0
0
0
0
0
0
0
0
0
0
0
0
0
0
0
0
0
0
0
0
0
0
0
0
0
0
0
0
0
0
0
0
0
0
0
0
0
0
0
0
0
0
0
0
0
0
0
0
0
0
0
0
0
0
0
0
0
0.57111317
0.57111317
0.57111317
1.4987181
1.4987181
1.4987181
2.0579795
2.0579795
2.0579795
0
0
0
0
0
0
0
0
0
0
0
0
0
0
0
0
0
0
0
0
0
0
0
0
0
0
0
0
0
0
0
0
0
0
0
0
0
0
0
0
0
0
0
0
0
0
0
0
0
0
0
0
0
0
0
0
0
0
0
0
0
0
0
0
0
0
0
0
0
0
0
0
1.4987181
1.4987181
2.0579795
2.0579795
2.3516767
2.3516767
2.6977662
2.6977662
0
0
0
0
0
0
0
0
0
0
0
0
0
0
0
0
0
0
0
0
0
0
0
0
0
0
0
0
0
0
0
0
0
0
0
0
0
0
0
0
0
0
0
0
0
0
0
0
0
0
0
0
0
0
0
0
0
0
0
0
0
0
0
0
0
0
0
0
0
0
0
0
2.0579795
2.3516767
2.3516767
2.6977662
2.6977662
2.6977662
3.3533607
3.3533607
3.3533607
0
0
0
0
0
0
0
0
0
0
0
0
0
0
0
0
0
0
0
0
0
0
0
0
0
0
0
0
0
0
0
0
0
0
0
0
0
0
0
0
0
0
0
0
0
0
0
0
0
0
0
0
0
0
0
0
0
0
0
0
0
0
0
0
0
0
0
0
0
0
0
2.6977662
2.6977662
2.6977662
3.3533607
3.3533607
3.3533607
3.8018891
3.8018891
3.8018891
0
0
0
0
0
0
0
0
0
0
0
0
0
0
0
0
0
0
0
0
0
0
0
0
0
0
0
0
0
0
0
0
0
0
0
0
0
0
0
0
0
0
0
0
0
0
0
0
0
0
0
0
0
0
0
0
0
0
0
0
0
0
0
0
0
0
0
0
0
0
0
3.3533607
3.3533607
3.3533607
3.8018891
3.8018891
3.8018891
4.110272
4.110272
4.110272
0
0
0
0
0
0
0
0
0
0
0
0
0
0
0
0
0
0
0
0
0
0
0
0
0
0
0
0
0
0
0
0
0
0
0
0
0
0
0
0
0
0
0
0
0
0
0
0
0
0
0
0
0
0
0
0
0
0
0
0
0
0
0
0
0
0
0
0
0
0
0
0
3.8018891
4.110272
4.110272
4.110272
4.3071066
4.3071066
4.3071066
4.5755015
0
0
0
0
0
0
0
0
0
0
0
0
0
0
0
0
0
0
0
0
0
0
0
0
0
0
0
0
0
0
0
0
0
0
0
0
0
0
0
0
0
0
0
0
0
0
0
0
0
0
0
0
0
0
0
0
0
0
0
0
0
0
0
0
0
0
0
0
0
0
0
0
4.3071066
4.3071066
4.5755015
4.5755015
4.5755015
4.5755015
4.5755015
4.5755015
0
0
0
0
0
0
0
0
0
0
0
0
0
0
0
0
0
0
0
0
0
0
0
0
0
0
0
0
0
0
0
0
0
0
0
0
0
0
0
0
0
0
0
0
0
0
0
0
0
0
0
0
0
0
0
0
0
0
0
0
0
0
0
0
0
0
0
0
0
0
0
0
4.8566168
4.8566168
4.8566168
4.8566168
4.8566168
4.8566168
4.8566168
4.8566168
0
0
0
0
0
0
0
0
0
0
0
0
0
0
0
0
0
0
0
0
0
0
0
0
0
0
0
0
0
0
0
0
0
0
0
0
0
0
0
0
0
0
0
0
0
0
0
0
0
0
0
0
0
0
0
0
0
0
0
0
0
0
0
0
0
0
0
0
0
0
0
0
5.1058074
5.1058074
5.1058074
5.1058074
5.1058074
5.1058074
5.1058074
5.1058074
0
0
0
0
0
0
0
0
0
0
0
0
0
0
0
0
0
0
0
0
0
0
0
0
0
0
0
0
0
0
0
0
0
0
0
0
0
0
0
0
0
0
0
0
0
0
0
0
0
0
0
0
0
0
0
0
0
0
0
0
0
0
0
0
0
0
0
0
0
0
0
0
5.3194644
5.3194644
5.3194644
5.3194644
5.3194644
5.3194644
5.3194644
5.3194644
0
0
0
0
0
0
0
0
0
0
0
0
0
0
0
0
0
0
0
0
0
0
0
0
0
0
0
0
0
0
0
0
0
0
0
0
0
0
0
0
0
0
0
0
0
0
0
0
0
0
0
0
0
0
0
0
0
0
0
0
0
0
0
0
0
0
0
0
0
0
0
0
5.7706385
5.5940071
5.5940071
5.5940071
5.5940071
5.5940071
5.5940071
5.5940071
0
0
0
0
0
0
0
0
0
0
0
0
0
0
0
0
0
0
0
0
0
0
0
0
0
0
0
0
0
0
0
0
0
0
0
0
0
0
0
0
0
0
0
0
0
0
0
0
0
0
0
0
0
0
0
0
0
0
0
0
0
0
0
0
0
0
0
0
0
0
0
5.9311209
5.9311209
5.8635209
5.8635209
5.7706385
5.7706385
5.7706385
5.7706385
5.7706385
0
0
0
0
0
0
0
0
0
0
0
0
0
0
0
0
0
0
0
0
0
0
0
0
0
0
0
0
0
0
0
0
0
0
0
0
0
0
0
0
0
0
0
0
0
0
0
0
0
0
0
0
0
0
0
0
0
0
0
0
0
0
0
0
0
0
0
0
0
0
0
6.1188037
6.0317254
6.0317254
5.9311209
5.9311209
5.8635209
5.8635209
5.8635209
5.7706385
0
0
0
0
0
0
0
0
0
0
0
0
0
0
0
0
0
0
0
0
0
0
0
0
0
0
0
0
0
0
0
0
0
0
0
0
0
0
0
0
0
0
0
0
0
0
0
0
0
0
0
0
0
0
0
0
0
0
0
0
0
0
0
0
0
0
0
0
0
0
6.1273146
6.1893569
6.1502878
6.1188037
6.0317254
6.0317254
6.0317254
5.9311209
5.9311209
5.9311209
0
0
0
0
0
0
0
0
0
0
0
0
0
0
0
0
0
0
0
0
0
0
0
0
0
0
0
0
0
0
0
0
0
0
0
0
0
0
0
0
0
0
0
0
0
0
0
0
0
0
0
0
0
0
0
0
0
0
0
0
0
0
0
0
0
0
0
0
0
5.9271387
5.9945646
6.1273146
6.1893569
6.1893569
6.1502878
6.1188037
6.1188037
6.0317254
6.0317254
6.0317254
0
0
0
0
0
0
0
0
0
0
0
0
0
0
0
0
0
0
0
0
0
0
0
0
0
0
0
0
0
0
0
0
0
0
0
0
0
0
0
0
0
0
0
0
0
0
0
0
0
0
0
0
0
0
0
0
0
0
0
0
0
0
0
0
0
0
0
4.7028485
5.2210817
5.4750238
5.9271387
5.9945646
6.1273146
6.1785167
6.1893569
6.1502878
6.1502878
6.1188037
6.1188037
6.0317254
0
0
0
0
0
0
0
0
0
0
0
0
0
0
0
0
0
0
0
0
0
0
0
0
0
0
0
0
0
0
0
0
0
0
0
0
0
0
0
0
0
0
0
0
0
0
0
0
0
0
0
0
0
0
0
0
0
0
0
0
0
0
0
0
0
1.7040253
2.7396671
4.7028485
4.8690519
5.3018099
5.4750238
5.9271387
5.9945646
6.1273146
6.1785167
6.1893569
6.1893569
6.1502878
6.1502878
0
0
0
0
0
0
0
0
0
0
0
0
0
0
0
0
0
0
0
0
0
0
0
0
0
0
0
0
0
0
0
0
0
0
0
0
0
0
0
0
0
0
0
0
0
0
0
0
0
0
0
0
0
0
0
0
0
0
0
0
0
1.7324493
1.6358236
1.3227523
1.0724392
1.1605823
1.7040253
2.7396671
4.5109154
4.8690519
5.2210817
5.4750238
5.7909119
5.9271387
5.9945646
6.1273146
6.1785167
6.1785167
6.1893569
6.1502878
0
0
0
0
0
0
0
0
0
0
0
0
0
0
0
0
0
0
0
0
0
0
0
0
0
0
0
0
0
0
0
0
0
0
0
0
0
0
0
0
0
0
0
0
0
0
0
0
0
0
0
0
0
0
0
0
0
0
0
0
0
1.7324493
1.6358236
1.3227523
1.0724392
1.1605823
1.7040253
2.7396671
4.5109154
4.7028485
4.8690519
5.3018099
5.4750238
5.7909119
5.9271387
5.9945646
6.1273146
6.1785167
6.1785167
0
0
0
0
0
0
0
0
0
0
0
0
0
0
0
0
0
0
0
0
0
0
0
0
0
0
0
0
0
0
0
0
0
0
0
0
0
0
0
0
0
0
0
0
0
0
0
0
0
0
0
0
0
0
0
0
0
0
0
0
0
0
1.7324493
1.6358236
1.3227523
1.0724392
1.1605823
1.7040253
2.7396671
4.0208409
4.7028485
4.8690519
5.2210817
5.3018099
5.4750238
5.7909119
5.9271387
5.9945646
6.1273146
6.1785167
0
0
0
0
0
0
0
0
0
0
0
0
0
0
0
0
0
0
0
0
0
0
0
0
0
0
0
0
0
0
0
0
0
0
0
0
0
0
0
0
0
0
0
0
0
0
0
0
0
0
0
0
0
0
0
0
0
0
0
0
0
0
1.7324493
1.6358236
1.3227523
1.0724392
1.1605823
1.7040253
2.7396671
4.0208409
4.5109154
4.8690519
5.2210817
5.3018099
5.4750238
5.7909119
5.7909119
5.9271387
5.9945646
0
0
0
0
0
0
0
0
0
0
0
0
0
0
0
0
0
0
0
0
0
0
0
0
0
0
0
0
0
0
0
0
0
0
0
0
0
0
0
0
0
0
0
0
0
0
0
0
0
0
0
0
0
0
0
0
0
0
0
0
0
0
0
1.7324493
1.6358236
1.3227523
1.0724392
1.1605823
1.7040253
2.7396671
4.0208409
4.5109154
4.7028485
4.8690519
5.2210817
5.3018099
5.4750238
5.7909119
5.9271387
0
0
0
0
0
0
0
0
0
0
0
0
0
0
0
0
0
0
0
0
0
0
0
0
0
0
0
0
0
0
0
0
0
0
0
0
0
0
0
0
0
0
0
0
0
0
0
0
0
0
0
0
0
0
0
0
0
0
0
0
0
0
0
0
1.7324493
1.6358236
1.3227523
1.0724392
1.1605823
1.7040253
2.7396671
4.0208409
4.5109154
4.7028485
4.8690519
5.2210817
5.3018099
5.4750238
0
0
0
0
0
0
0
0
0
0
0
0
0
0
0
0
0
0
0
0
0
0
0
0
0
0
0
0
0
0
0
0
0
0
0
0
0
0
0
0
0
0
0
0
0
0
0
0
0
0
0
0
0
0
0
0
0
0
0
0
0
0
0
0
0
0
1.7324493
1.6358236
1.3227523
1.0724392
1.1605823
1.7040253
2.7396671
4.0208409
4.5109154
4.7028485
4.8690519
4.8690519
0
0
0
0
0
0
0
0
0
0
0
0
0
0
0
0
0
0
0
0
0
0
0
0
0
0
0
0
0
0
0
0
0
0
0
0
0
0
0
0
0
0
0
0
0
0
0
0
0
0
0
0
0
0
0
0
0
0
0
0
0
0
0
0
0
0
0
0
0
0
0
0
0
0
0
0
0
0
0
0
0
0
0
0
0
0
0
0
0
0
0
0
0
0
0
0
0
0
0
0
0
0
0
0
0
0
0
0
0
0
0
0
0
0
0
0
0
0
0
0
0
0
0
0
0
0
0
0
0
0
0
0
0
0
0
0
0
0
0
0
0
0
0
0
0
0
0
0
0
0
0
0
0
0
0
0
0
0
0
0
0
0
0
0
0
0
0
0
0
0
0
0
0
0
0
0
0
0
0
0
0
0
0
0
0
0
0
0
0
0
0
0
0
0
0
0
0
0
0
0
0
0
0
0
0
0
0
0
0
0
0
0
0
0
0
0
0
0
0
0
0
0
0
0
0
0
0
0
0
0
0
0
0
0
0
0
0
0
0
0
0
0
0
0
0
0
0
0
0
0
0
0
0
0
0
0
0
0
0
0
0
0
0
0
0
0
0
0
0
0
0
0
0
0
0
0
0
0
0
0
0
0
0
0
0
0
0
0
0
0
0
0
0
0
0
0
0
0
0
0
0
0
0
0
0
0
0
0
0
0
0
0
0
0
0
0
0
0
0
0
0
0
0
0
0
0
0
0
0
0
0
0
0
0
0
0
0
0
0
0
0
0
0
0
0
0
0
0
0
0
0
0
0
0
0
0
0
0
0
0
0
0
0
0
0
0
0
0
0
0
0
0
0
0
0
0
0
0
0
0
0
0
0
0
0
0
0
0
0
0
0
0
0
0
0
0
0
0
0
0
0
0
0
0
0
0
0
0
0
0
0
0
0
0
0
0
0
0
0
0
0
0
0
0
0
0
0
0
0
0
0
0
0
0
0
0
0
0
0
0
0
0
0
0
0
0
0
0
0
0
0
0
0
0
0
0
0
0
0
0
0
0
0
0
0
0
0
0
0
0
0
0
0
0
0
0
0
0
0
0
0
0
0
0
0
0
0
0
0
0
0
0
0
0
0
0
0
0
0
0
0
0
0
0
0
0
0
0
0
0
0
0
0
0
0
0
0
0
0
0
0
0
0
0
0
0
0
0
0
0
0
0
0
0
0
0
0
0
0
0
0
0
0
0
0
0
0
0
0
0
0
0
0
0
0
0
0
0
0
0
0
0
0
0
0
0
0
0
0
0
0
0
0
0
0
0
0
0
0
0
0
0
0
0
0
0
0
0
0
0
0
0
0
0
0
0
0
0
0
0
0
0
0
0
0
0
0
0
0
0
0
0
0
0
0
0
0
0
0
0
0
0
0
0
0
0
0
0
0
0
0
0
0
0
0
0
0
0
0
0
0
0
0
0
0
0
0
0
0
0
0
0
0
0
0
0
0
0
0
0
0
0
0
0
0
0
0
0
0
0
0
0
0
0
0
0
0
0
0
0
0
0
0
0
0
0
0
0
0
0
0
0
0
0
0
0
0
0
0
0
0
0
0
0
0
0
0
0
0
0
0
0
0
0
0
0
0
0
0
0
0
0
0
0
0
0
0
0
0
0
0
0
0
0
0
0
0
0
0
0
0
0
0
0
0
0
0
0
0
0
0
0
0
0
0
0
0
0
0
0
0
0
0
0
0
0
0
0
0
0
0
0
0
0
0
0
0
0
0
0
0
0
0
0
0
0
0
0
0
0
0
0
0
0
0
0
0
0
0
0
0
0
0
0
0
0
0
0
0
0
0
0
0
0
0
0
0
0
0
0
0
0
0
0
0
0
0
0
0
0
0
0
0
0
0
0
0
0
0
0
0
0
0
0
0
0
0
0
0
0
0
0
0
0
0
0
0
0
0
0
0
0
0
0
0
0
0
0
0
0
0
0
0
0
0
0
0
0
0
0
0
0
0
0
0
0
0
0
0
0
0
0
0
0
0
0
0
0
0
0
0
0
0
0
0
0
0
0
0
0
0
0
0
0
0
0
0
0
0
0
0
0
0
0
0
0
0
0
0
0
0
0
0
0
0
0
0
0
0
0
0
0
0
0
0
0
0
0
0
0
0
0
0
0
0
0
0
0
0
0
0
0
0
0
0
0
0
0
0
0
0
0
0
0
0
0
0
0
0
0
0
0
0
0
0
0
0
0
0
0
0
0
0
0
0
0
0
0
0
0
0
0
0
0
0
0
0
0
0
0
0
0
0
0
0
0
0
0
0
0
0
0
0
0
0
0
0
0
0
0
0
0
0
0
0
0
0
0
0
0
0
0
0
0
0
0
0
0
0
0
0
0
0
0
0
0
0
0
0
0
0
0
0
0
0
0
0
0
0
0
0
0
0
0
0
0
0
0
0
0
0
0
0
0
0
0
0
0
0
0
0
0
0
0
0
0
0
0
0
0
0
0
0
0
0
0
0
0
0
0
0
0
0
0
0
0
0
0
0
0
0
0
0
0
0
0
0
0
0
0
0
0
0
0
0
0
0
0
0
0
0
0
0
0
0
0
0
0
0
0
0
0
0
0
0
0
0
0
0
0
0
0
0
0
0
0
0
0
0
0
0
0
0
0
0
0
0
0
0
0
0
0
0
0
0
0
0
0
0
0
0
0
0
0
0
0
0
0
0
0
0
0
0
0
0
0
0
0
0
0
0
0
0
0
0
0
0
0
0
0
0
0
0
0
0
0
0
0
0
0
0
0
0
0
0
0
0
0
0
0
0
0
0
0
0
0
0
0
0
0
0
0
0
0
0
0
0
0
0
0
0
0
0
0
0
0
0
0
0
0
0
0
0
0
0
0
0
0
0
0
0
0
0
0
0
0
0
0
0
0
0
0
0
0
0
0
0
0
0
0
0
0
0
0
0
0
0
0
0
0
0
0
0
0
0
0
0
0
0
0
0
0
0
0
0
0
0
0
0
0
0
0
0
0
0
0
0
0
0
0
0
0
0
0
0
0
0
0
0
0
0
0
0
0
0
0
0
0
0
0
0
0
0
0
0
0
0
0
0
0
0
0
0
0
0
0
0
0
0
0
0
0
0
0
0
0
0
0
0
0
0
0
0
0
0
0
0
0
0
0
0
0
0
0
0
0
0
0
0
0
0
0
0
0
0
0
0
0
0
0
0
0
0
0
0
0
0
0
)
;

boundaryField
{
    bottom
    {
        type            zeroGradient;
    }
    top
    {
        type            zeroGradient;
    }
    right
    {
        type            zeroGradient;
    }
    back
    {
        type            wedge;
    }
    front
    {
        type            wedge;
    }
    axis
    {
        type            empty;
    }
    procBoundary2to0
    {
        type            processor;
        value           uniform 0;
    }
    procBoundary2to3
    {
        type            processor;
        value           nonuniform List<scalar> 
80
(
0
0
0
0
0
0
0
0
0
0
0
0
0
0
0
0
0.001211691
0.001211691
0.001211691
0.001211691
0.001211691
0.001211691
0.001211691
0
0
0
0
0
0
0
0
0
0
0
0
0
0
0
0
0
0
0
0
0
0
0
0
0
0
0
0
0
0
0
0
0
0
0
0
0
0
0
0
0
0
0
0
0
0
0
0
0
0
0
0
0
0
0
0
0
)
;
    }
    procBoundary2to4
    {
        type            processor;
        value           uniform 0;
    }
}


// ************************************************************************* //
