/*--------------------------------*- C++ -*----------------------------------*\
| =========                 |                                                 |
| \\      /  F ield         | OpenFOAM: The Open Source CFD Toolbox           |
|  \\    /   O peration     | Version:  2106                                  |
|   \\  /    A nd           | Website:  www.openfoam.com                      |
|    \\/     M anipulation  |                                                 |
\*---------------------------------------------------------------------------*/
FoamFile
{
    version     2.0;
    format      ascii;
    arch        "LSB;label=32;scalar=64";
    class       volScalarField;
    location    "0.043";
    object      K_;
}
// * * * * * * * * * * * * * * * * * * * * * * * * * * * * * * * * * * * * * //

dimensions      [0 -1 0 0 0 0 0];

internalField   nonuniform List<scalar> 
1024
(
0
0
0
0
0
0
0
0
0
0
0
0
0
0
0
0
0
0
0
0
0
0
0
0
0
0
0
0
0
0
0
0
0
0
0
0
0
0
0
0
0
0
0
0
0
0
0
0
0
0
0
0
0
0
0
0
0
0
0
0
0
0
0
0
0
0
0
0
0
0
0
0
0
0
0
0
0
0
0
0
0
0
0
0
0
0
0
0
0
0
0
0
0
0
0
0
0
0
0
0
0
0
0
0
0
0
0
0
0
0
0
0
0
0
0
0
0
0
0
0
0
0
0
0
0
0
0
0
0
0
0
0
0
0
0
0
0
0
0
0
0
0
0
0
0
0
0
0
0
0
0
0
0
0
0
0
0
0
0
0
0
0
0
0
0
0
0
0
0
0
0
0
0
0
0
0
0
0
0
0
0
0
0
0
0
0
0
0
0
0
0
0
0
0
0
0
0
0
0
0
0
0
0
0
0
0
0
0
0
0
0
0
0
0
0
0
0
0
0
0
0
0
0
0
0
0
0
0
0
0
0
0
0
0
0
0
0
0
0
0
0
0
0
0
0
0
0
0
0
0
0
0
0
0
0
0
0
0
0
0
0
0
0
0
0
0
0
0
0
0
0
0
0
0
0
0
0
0
0
0
0
0
0
0
0
0
0
0
0
0
0
0
0
0
0
0
0
0
0
0
0
0
0
0
0
0
0
0
0
0
0
0
0
0
0
0
0
0
0
0
0
0
0
0
0
0
0
0
0
0
0
0
0
0
0
0
0
0
0
0
0
0
0
0
0
0
0
0
0
0
0
0
0
0
0
0
0
0
0
0
0
0
0
0
0
0
0
0
0
0
0
0
0
0
0
0
0
0
0
0
0
0
0
0
0
0
0
0
0
0.00088407957
0.00056383124
0.00020082839
-0.00020182171
-0.00056369941
-0.00088259752
-0.0011895527
-0.0014421382
-0.0016312316
-0.0017698586
-0.001834082
-0.0018338346
-0.0017697599
-0.0016316538
-0.0014424249
-0.0011896284
-0.00088249749
-0.00056347841
-0.00020220464
0.00020032041
0.00056391709
0.00088402617
0.0011902051
0
0
0
0
0.0018329193
0.0017688493
0.0016312147
0.0014427405
0.0011907198
0.00088407957
0.00056383124
0.00020082839
-0.00020182171
-0.00056369941
-0.00088259752
-0.0011895527
-0.0014421382
-0.0016312316
-0.0017698586
-0.001834082
-0.0018338346
-0.0017697599
-0.0016316538
-0.0014424249
-0.0011896284
-0.00088249749
-0.00056347841
-0.00020220464
0.00020032041
0.00056391709
0.00088402617
0.0011902051
0.0014424246
0.0016316291
0.0017695554
0.0018332036
0.0018329193
0.0017688493
0.0016312147
0.0014427405
0.0011907198
0.00088407957
0.00056383124
0.00020082839
-0.00020182171
-0.00056369941
-0.00088259752
-0.0011895527
-0.0014421382
-0.0016312316
-0.0017698586
-0.001834082
-0.0018338346
-0.0017697599
-0.0016316538
-0.0014424249
-0.0011896284
-0.00088249749
-0.00056347841
-0.00020220464
0.00020032041
0.00056391709
0.00088402617
0.0011902051
0.0014424246
0.0016316291
0.0017695554
0.0018332036
0.0018329193
0.0017688493
0.0016312147
0.0014427405
0.0011907198
0.00088407957
0.00056383124
0.00020082839
-0.00020182171
-0.00056369941
-0.00088259752
-0.0011895527
-0.0014421382
-0.0016312316
-0.0017698586
-0.001834082
-0.0018338346
-0.0017697599
-0.0016316538
-0.0014424249
-0.0011896284
-0.00088249749
-0.00056347841
-0.00020220464
2.8547039e-07
0.00056391709
0.00088402617
0.0011902051
0.0014424246
0.0016316291
0.0017695554
0.0018332036
0.0018329193
0.0017688493
0.0016312147
0.0014427405
0.0011907198
0.00088407957
0.00056383124
0.00020082839
-0.00020182171
-0.00056369941
-0.00088259752
-0.0011895527
-0.0014421382
-0.0016312316
-0.0017698586
-0.001834082
-0.0018338346
-0.0017697599
-0.0016316538
-0.0014424249
-0.0011896284
-0.00088249749
-0.00056347841
-0.00020220464
0.00020032041
0.00056391709
0.00088402617
0.0011902051
0.0014424246
0.0016316291
0.0017695554
0.0018332036
0.0018329193
0.0017688493
0.0016312147
0.0014427405
0.0011907198
0.00088407957
0.00056383124
0.00020082839
-0.00020182171
-0.00056369941
-0.00088259752
-0.0011895527
-0.0014421382
-0.0016312316
-0.0017698586
-0.001834082
-0.0018338346
-0.0017697599
-0.0016316538
-0.0014424249
-0.0011896284
-0.00088249749
-0.00056347841
-0.00020220464
0.00020032041
0.00056391709
0.00088402617
0.0011902051
0.0014424246
0.0016316291
0.0017695554
0.0018332036
0.0018329193
0.0017688493
0.0016312147
0.0014427405
0.0011907198
0.00088407957
0.00056383124
0.00020082839
-0.00020182171
-0.00056369941
-0.00088259752
-0.0011895527
-0.0014421382
-0.0016312316
-0.0017698586
-0.001834082
-0.0018338346
-0.0017697599
-0.0016316538
-0.0014424249
-0.0011896284
-0.00088249749
-0.00056347841
-0.00020220464
0.00020032041
0.00056391709
0.00088402617
0.0011902051
0.0014424246
0.0016316291
0.0017695554
0.0018332036
0.0018329193
0.0017688493
0.0016312147
0.0014427405
0.0011907198
0.00088407957
0.00056383124
0.00020082839
-0.00020182171
-0.00056369941
-0.00088259752
0
0
0
0
0
0
0
0
0
0
-0.00088249749
-0.00056347841
-0.00020220464
0.00020032041
0.00056391709
0.00088402617
0.0011902051
0.0014424246
0.0016316291
0.0017695554
0.0018332036
0
0
0
0
0
0
0
0
0
0
0
0
0
0
0
0
0
0
0
0
0
0
0
0
0
0
0
0
0
0
0
0
0
0
0
0
0
0
0
0
0
0
0
0
0
0
0
0
0
0
0
0
0
0
0
0
0
0
0
0
0
0
0
0
0
0
0
0
0
0
0
0
0
0
0
0
0
0
0
0
0
0
0
0
0
0
0
0
0
0
0
0
0
0
0
0
0
0
0
0
0
0
0
0
0
0
0
0
0
0
0
0
0
0
0
0
0
0
0
0
0
0
0
0
0
0
0
0
0
0
0
0
0
0
0
0
0
0
0
0
0
0
0
0
0
0
0
0
0
0
0
0
0
0
0
0
0
0
0
0
0
0
0
0
0
0
0
0
0
0
0
0
0
0
0
0
0
0
0
0
0
0
0
0
0
0
0
0
0
0
0
0
0
0
0
0
0
0
0
0
0
0
0
0
0
0
0
0
0
0
0
0
0
0
0
0
0
0
0
0
0
0
0
0
0
0
0
0
0
0
0
0
0
0
0
0
0
0
0
0
0
0
0
0
0
0
0
0
0
0
0
0
0
0
0
0
0
0
0
0
0
0
0
0
0
0
0
0
0
0
0
0
0
0
0
0
0
0
0
0
0
0
0
0
0
0
0
0
0
0
0
0
0
0
0
0
0
0
0
0
0
0
0
0
0
0
0
0
0
0
0
0
0
0
0
0
0
0
0
0
0
0
0
0
0
0
0
0
0
0
0
0
0
0
0
0
0
0
0
0
0
0
0
0
0
0
0
0
0
0
0
0
0
0
0
0
0
0
0
0
0
0
0
0
0
0
0
0
0
0
0
0
0
0
0
0
0
0
0
0
0
0
0
0
)
;

boundaryField
{
    leftWall
    {
        type            cyclic;
    }
    rightWall
    {
        type            cyclic;
    }
    lowerWall
    {
        type            zeroGradient;
    }
    atmosphere
    {
        type            zeroGradient;
    }
    defaultFaces
    {
        type            empty;
    }
}


// ************************************************************************* //
