/*--------------------------------*- C++ -*----------------------------------*\
| =========                 |                                                 |
| \\      /  F ield         | OpenFOAM: The Open Source CFD Toolbox           |
|  \\    /   O peration     | Version:  2306                                  |
|   \\  /    A nd           | Website:  www.openfoam.com                      |
|    \\/     M anipulation  |                                                 |
\*---------------------------------------------------------------------------*/
FoamFile
{
    version     2.0;
    format      ascii;
    arch        "LSB;label=32;scalar=64";
    class       volScalarField;
    location    "0.27";
    object      p_rgh;
}
// * * * * * * * * * * * * * * * * * * * * * * * * * * * * * * * * * * * * * //

dimensions      [1 -1 -2 0 0 0 0];

internalField   nonuniform List<scalar> 
6400
(
1000001.3
1000001.3
1000001.3
1000001.3
1000001.2
1000001.2
1000001.2
1000001.2
1000001.2
1000001.2
1000001.2
1000001.2
1000001.2
1000001.2
1000001.1
1000001.1
1000001.1
1000001.1
1000001.1
1000001.1
1000001
1000001
1000001
1000001
1000001
1000000.9
1000000.9
1000000.9
1000000.9
1000000.9
1000000.8
1000000.8
1000000.8
1000000.8
1000000.8
1000000.8
1000000.8
1000000.8
1000000.8
1000000.8
1000000.8
1000000.8
1000000.8
1000000.8
1000000.8
1000000.8
1000000.8
1000000.8
1000000.9
1000000.9
1000000.9
1000000.9
1000000.9
1000000.9
1000000.9
1000000.9
1000000.9
1000000.9
1000000.9
1000000.9
1000000.9
1000000.9
1000000.9
1000000.9
1000000.9
1000000.9
1000000.9
1000000.9
1000000.9
1000000.9
1000000.9
1000000.9
1000000.9
1000000.9
1000000.9
1000000.9
1000000.9
1000000.9
1000000.9
1000000.9
1000001.3
1000001.3
1000001.3
1000001.3
1000001.3
1000001.3
1000001.3
1000001.3
1000001.2
1000001.2
1000001.2
1000001.2
1000001.2
1000001.2
1000001.2
1000001.1
1000001.1
1000001.1
1000001.1
1000001.1
1000001
1000001
1000001
1000001
1000001
1000000.9
1000000.9
1000000.9
1000000.9
1000000.9
1000000.8
1000000.8
1000000.8
1000000.8
1000000.8
1000000.8
1000000.8
1000000.8
1000000.8
1000000.8
1000000.8
1000000.8
1000000.8
1000000.8
1000000.8
1000000.8
1000000.8
1000000.8
1000000.9
1000000.9
1000000.9
1000000.9
1000000.9
1000000.9
1000000.9
1000000.9
1000000.9
1000000.9
1000000.9
1000000.9
1000000.9
1000000.9
1000000.9
1000000.9
1000000.9
1000000.9
1000000.9
1000000.9
1000000.9
1000000.9
1000000.9
1000000.9
1000000.9
1000000.9
1000000.9
1000000.9
1000000.9
1000000.9
1000000.9
1000000.9
1000001.3
1000001.3
1000001.3
1000001.3
1000001.3
1000001.3
1000001.3
1000001.3
1000001.3
1000001.3
1000001.3
1000001.2
1000001.2
1000001.2
1000001.2
1000001.2
1000001.1
1000001.1
1000001.1
1000001.1
1000001.1
1000001
1000001
1000001
1000001
1000000.9
1000000.9
1000000.9
1000000.9
1000000.8
1000000.8
1000000.8
1000000.8
1000000.8
1000000.8
1000000.7
1000000.7
1000000.7
1000000.7
1000000.7
1000000.7
1000000.8
1000000.8
1000000.8
1000000.8
1000000.8
1000000.8
1000000.8
1000000.8
1000000.9
1000000.9
1000000.9
1000000.9
1000000.9
1000000.9
1000000.9
1000000.9
1000000.9
1000000.9
1000000.9
1000000.9
1000000.9
1000000.9
1000000.9
1000000.9
1000000.9
1000000.9
1000000.9
1000000.9
1000000.9
1000000.9
1000000.9
1000000.9
1000000.9
1000000.9
1000000.9
1000000.9
1000000.9
1000000.9
1000000.9
1000001.3
1000001.3
1000001.3
1000001.3
1000001.3
1000001.3
1000001.3
1000001.3
1000001.3
1000001.3
1000001.3
1000001.3
1000001.3
1000001.2
1000001.2
1000001.2
1000001.2
1000001.1
1000001.1
1000001.1
1000001.1
1000001
1000001
1000001
1000001
1000000.9
1000000.9
1000000.9
1000000.9
1000000.8
1000000.8
1000000.8
1000000.8
1000000.7
1000000.7
1000000.7
1000000.7
1000000.7
1000000.7
1000000.7
1000000.7
1000000.7
1000000.7
1000000.8
1000000.8
1000000.8
1000000.8
1000000.8
1000000.8
1000000.9
1000000.9
1000000.9
1000000.9
1000000.9
1000000.9
1000000.9
1000000.9
1000000.9
1000000.9
1000000.9
1000000.9
1000000.9
1000000.9
1000000.9
1000000.9
1000000.9
1000000.9
1000000.9
1000000.9
1000000.9
1000000.9
1000000.9
1000000.9
1000000.9
1000000.9
1000000.9
1000000.9
1000000.9
1000000.9
1000000.9
1000001.4
1000001.4
1000001.4
1000001.4
1000001.4
1000001.4
1000001.4
1000001.4
1000001.3
1000001.3
1000001.3
1000001.3
1000001.3
1000001.3
1000001.2
1000001.2
1000001.2
1000001.2
1000001.1
1000001.1
1000001.1
1000001.1
1000001
1000001
1000001
1000000.9
1000000.9
1000000.9
1000000.9
1000000.8
1000000.8
1000000.8
1000000.7
1000000.7
1000000.7
1000000.7
1000000.7
1000000.7
1000000.7
1000000.7
1000000.7
1000000.7
1000000.7
1000000.7
1000000.8
1000000.8
1000000.8
1000000.8
1000000.8
1000000.9
1000000.9
1000000.9
1000000.9
1000000.9
1000000.9
1000000.9
1000000.9
1000000.9
1000000.9
1000000.9
1000000.9
1000000.9
1000000.9
1000000.9
1000000.9
1000000.9
1000000.9
1000000.9
1000000.9
1000000.9
1000000.9
1000000.9
1000000.9
1000000.9
1000000.9
1000000.9
1000000.9
1000000.9
1000000.9
1000000.9
1000001.4
1000001.4
1000001.4
1000001.4
1000001.4
1000001.4
1000001.4
1000001.4
1000001.4
1000001.4
1000001.4
1000001.3
1000001.3
1000001.3
1000001.3
1000001.2
1000001.2
1000001.2
1000001.2
1000001.1
1000001.1
1000001.1
1000001
1000001
1000001
1000000.9
1000000.9
1000000.9
1000000.8
1000000.8
1000000.8
1000000.8
1000000.7
1000000.7
1000000.7
1000000.7
1000000.7
1000000.6
1000000.6
1000000.7
1000000.7
1000000.7
1000000.7
1000000.7
1000000.7
1000000.8
1000000.8
1000000.8
1000000.8
1000000.9
1000000.9
1000000.9
1000000.9
1000000.9
1000000.9
1000000.9
1000000.9
1000000.9
1000000.9
1000000.9
1000000.9
1000000.9
1000000.9
1000000.9
1000000.9
1000000.9
1000000.9
1000000.9
1000000.9
1000000.9
1000000.9
1000000.9
1000000.9
1000000.9
1000000.9
1000000.9
1000000.9
1000000.9
1000000.9
1000000.9
1000001.5
1000001.5
1000001.5
1000001.5
1000001.5
1000001.5
1000001.4
1000001.4
1000001.4
1000001.4
1000001.4
1000001.4
1000001.4
1000001.3
1000001.3
1000001.3
1000001.3
1000001.2
1000001.2
1000001.2
1000001.1
1000001.1
1000001.1
1000001
1000001
1000001
1000000.9
1000000.9
1000000.8
1000000.8
1000000.8
1000000.7
1000000.7
1000000.7
1000000.6
1000000.6
1000000.6
1000000.6
1000000.6
1000000.6
1000000.6
1000000.6
1000000.7
1000000.7
1000000.7
1000000.8
1000000.8
1000000.8
1000000.8
1000000.9
1000000.9
1000000.9
1000000.9
1000000.9
1000000.9
1000000.9
1000001
1000001
1000001
1000001
1000000.9
1000000.9
1000000.9
1000000.9
1000000.9
1000000.9
1000000.9
1000000.9
1000000.9
1000000.9
1000000.9
1000000.9
1000000.9
1000000.9
1000000.9
1000000.9
1000000.9
1000000.9
1000000.9
1000000.9
1000001.5
1000001.5
1000001.5
1000001.5
1000001.5
1000001.5
1000001.5
1000001.5
1000001.5
1000001.5
1000001.4
1000001.4
1000001.4
1000001.4
1000001.3
1000001.3
1000001.3
1000001.3
1000001.2
1000001.2
1000001.2
1000001.1
1000001.1
1000001
1000001
1000001
1000000.9
1000000.9
1000000.8
1000000.8
1000000.7
1000000.7
1000000.7
1000000.6
1000000.6
1000000.6
1000000.6
1000000.6
1000000.6
1000000.6
1000000.6
1000000.6
1000000.6
1000000.7
1000000.7
1000000.7
1000000.8
1000000.8
1000000.8
1000000.9
1000000.9
1000000.9
1000000.9
1000000.9
1000001
1000001
1000001
1000001
1000001
1000001
1000001
1000001
1000000.9
1000000.9
1000000.9
1000000.9
1000000.9
1000000.9
1000000.9
1000000.9
1000000.9
1000000.9
1000000.9
1000000.9
1000000.9
1000000.9
1000000.9
1000000.9
1000000.9
1000000.9
1000001.5
1000001.5
1000001.5
1000001.5
1000001.5
1000001.5
1000001.5
1000001.5
1000001.5
1000001.5
1000001.5
1000001.5
1000001.4
1000001.4
1000001.4
1000001.3
1000001.3
1000001.3
1000001.2
1000001.2
1000001.2
1000001.1
1000001.1
1000001.1
1000001
1000001
1000000.9
1000000.9
1000000.8
1000000.8
1000000.7
1000000.7
1000000.6
1000000.6
1000000.6
1000000.5
1000000.5
1000000.5
1000000.5
1000000.5
1000000.5
1000000.6
1000000.6
1000000.6
1000000.7
1000000.7
1000000.8
1000000.8
1000000.8
1000000.9
1000000.9
1000000.9
1000000.9
1000001
1000001
1000001
1000001
1000001
1000001
1000001
1000001
1000001
1000001
1000000.9
1000000.9
1000000.9
1000000.9
1000000.9
1000000.9
1000000.9
1000000.9
1000000.9
1000000.9
1000000.9
1000000.9
1000000.9
1000000.9
1000000.9
1000000.9
1000000.9
1000001.6
1000001.6
1000001.6
1000001.6
1000001.6
1000001.6
1000001.6
1000001.6
1000001.6
1000001.5
1000001.5
1000001.5
1000001.5
1000001.5
1000001.4
1000001.4
1000001.4
1000001.3
1000001.3
1000001.2
1000001.2
1000001.2
1000001.1
1000001.1
1000001
1000001
1000000.9
1000000.9
1000000.8
1000000.8
1000000.7
1000000.7
1000000.6
1000000.6
1000000.5
1000000.5
1000000.5
1000000.4
1000000.4
1000000.4
1000000.5
1000000.5
1000000.6
1000000.6
1000000.7
1000000.7
1000000.8
1000000.8
1000000.9
1000000.9
1000000.9
1000001
1000001
1000001
1000001
1000001
1000001
1000001
1000001
1000001
1000001
1000001
1000001
1000000.9
1000000.9
1000000.9
1000000.9
1000000.9
1000000.9
1000000.9
1000000.9
1000000.9
1000000.9
1000000.9
1000000.9
1000000.9
1000000.9
1000000.9
1000000.9
1000000.9
1000001.6
1000001.6
1000001.6
1000001.6
1000001.6
1000001.6
1000001.6
1000001.6
1000001.6
1000001.6
1000001.6
1000001.6
1000001.5
1000001.5
1000001.5
1000001.4
1000001.4
1000001.4
1000001.3
1000001.3
1000001.2
1000001.2
1000001.1
1000001.1
1000001
1000001
1000000.9
1000000.9
1000000.8
1000000.8
1000000.7
1000000.6
1000000.6
1000000.5
1000000.5
1000000.4
1000000.4
1000000.4
1000000.4
1000000.4
1000000.4
1000000.5
1000000.5
1000000.6
1000000.6
1000000.7
1000000.8
1000000.8
1000000.9
1000000.9
1000000.9
1000001
1000001
1000001
1000001
1000001
1000001
1000001
1000001
1000001
1000001
1000001
1000001
1000000.9
1000000.9
1000000.9
1000000.9
1000000.9
1000000.9
1000000.9
1000000.9
1000000.9
1000000.9
1000000.9
1000000.9
1000000.9
1000000.9
1000000.9
1000000.9
1000000.9
1000001.6
1000001.7
1000001.7
1000001.7
1000001.7
1000001.7
1000001.7
1000001.7
1000001.7
1000001.6
1000001.6
1000001.6
1000001.6
1000001.5
1000001.5
1000001.5
1000001.4
1000001.4
1000001.4
1000001.3
1000001.3
1000001.2
1000001.2
1000001.1
1000001.1
1000001
1000000.9
1000000.9
1000000.8
1000000.7
1000000.7
1000000.6
1000000.5
1000000.4
1000000.4
1000000.3
1000000.3
1000000.3
1000000.3
1000000.3
1000000.3
1000000.4
1000000.4
1000000.5
1000000.6
1000000.7
1000000.8
1000000.8
1000000.9
1000000.9
1000001
1000001
1000001
1000001
1000001
1000001
1000001
1000001
1000001
1000001
1000001
1000001
1000001
1000000.9
1000000.9
1000000.9
1000000.9
1000000.9
1000000.9
1000000.9
1000000.9
1000000.9
1000000.9
1000000.9
1000000.9
1000000.9
1000000.9
1000000.9
1000000.9
1000000.9
1000001.7
1000001.7
1000001.7
1000001.7
1000001.7
1000001.7
1000001.7
1000001.7
1000001.7
1000001.7
1000001.7
1000001.7
1000001.6
1000001.6
1000001.6
1000001.5
1000001.5
1000001.4
1000001.4
1000001.3
1000001.3
1000001.2
1000001.2
1000001.1
1000001.1
1000001
1000001
1000000.9
1000000.8
1000000.7
1000000.7
1000000.6
1000000.5
1000000.4
1000000.3
1000000.2
1000000.2
1000000.1
1000000.1
1000000.2
1000000.2
1000000.3
1000000.4
1000000.5
1000000.6
1000000.7
1000000.8
1000000.8
1000000.9
1000001
1000001
1000001
1000001.1
1000001.1
1000001.1
1000001.1
1000001.1
1000001
1000001
1000001
1000001
1000001
1000000.9
1000000.9
1000000.9
1000000.9
1000000.9
1000000.9
1000000.9
1000000.9
1000000.9
1000000.9
1000000.9
1000000.9
1000000.9
1000000.9
1000000.9
1000000.9
1000000.9
1000000.9
1000001.6
1000001.7
1000001.7
1000001.8
1000001.7
1000001.8
1000001.8
1000001.8
1000001.8
1000001.8
1000001.7
1000001.7
1000001.7
1000001.6
1000001.6
1000001.6
1000001.5
1000001.5
1000001.4
1000001.4
1000001.3
1000001.3
1000001.2
1000001.2
1000001.1
1000001.1
1000001
1000000.9
1000000.8
1000000.7
1000000.6
1000000.5
1000000.4
1000000.3
1000000.2
1000000.1
1000000
999999.98
999999.97
1000000
1000000.1
1000000.2
1000000.3
1000000.4
1000000.5
1000000.7
1000000.8
1000000.9
1000000.9
1000001
1000001.1
1000001.1
1000001.1
1000001.1
1000001.1
1000001.1
1000001.1
1000001.1
1000001
1000001
1000001
1000001
1000000.9
1000000.9
1000000.9
1000000.9
1000000.9
1000000.9
1000000.9
1000000.9
1000000.9
1000000.9
1000001
1000001
1000001
1000001
1000001
1000000.9
1000000.9
1000000.9
1000001.4
1000001.6
1000001.6
1000001.8
1000001.8
1000001.8
1000001.8
1000001.8
1000001.8
1000001.8
1000001.8
1000001.8
1000001.7
1000001.7
1000001.7
1000001.6
1000001.6
1000001.5
1000001.5
1000001.4
1000001.4
1000001.3
1000001.3
1000001.2
1000001.1
1000001.1
1000001
1000000.9
1000000.8
1000000.7
1000000.6
1000000.5
1000000.4
1000000.2
1000000.1
999999.97
999999.86
999999.79
999999.77
999999.82
999999.89
1000000
1000000.2
1000000.3
1000000.5
1000000.6
1000000.8
1000000.9
1000001
1000001.1
1000001.1
1000001.2
1000001.2
1000001.2
1000001.2
1000001.1
1000001.1
1000001.1
1000001
1000001
1000001
1000000.9
1000000.9
1000000.9
1000000.9
1000000.9
1000000.9
1000000.9
1000000.9
1000000.9
1000001
1000001
1000001
1000001
1000001
1000001
1000001
1000001
1000000.9
1000000.9
1000001
1000001.4
1000001.5
1000001.8
1000001.8
1000001.9
1000001.9
1000001.9
1000001.9
1000001.9
1000001.8
1000001.8
1000001.8
1000001.8
1000001.7
1000001.7
1000001.6
1000001.6
1000001.5
1000001.5
1000001.4
1000001.4
1000001.3
1000001.2
1000001.2
1000001.1
1000001
1000001
1000000.9
1000000.8
1000000.6
1000000.5
1000000.3
1000000.2
999999.98
999999.8
999999.64
999999.53
999999.47
999999.48
999999.63
999999.81
1000000
1000000.2
1000000.4
1000000.6
1000000.8
1000000.9
1000001.1
1000001.1
1000001.2
1000001.2
1000001.3
1000001.2
1000001.2
1000001.2
1000001.1
1000001.1
1000001
1000001
1000001
1000000.9
1000000.9
1000000.9
1000000.9
1000000.9
1000000.9
1000000.9
1000000.9
1000000.9
1000001
1000001
1000001
1000001
1000001
1000001
1000001
1000001
1000001
1000000.9
999999.32
1000000.8
1000001.5
1000001.9
1000001.8
1000001.9
1000001.9
1000001.9
1000001.9
1000001.9
1000001.9
1000001.9
1000001.8
1000001.8
1000001.8
1000001.7
1000001.7
1000001.6
1000001.6
1000001.5
1000001.5
1000001.4
1000001.3
1000001.3
1000001.2
1000001.2
1000001.1
1000001
1000000.9
1000000.8
1000000.6
1000000.5
1000000.3
1000000.1
999999.85
999999.61
999999.39
999999.22
999999.16
999999.23
999999.36
999999.58
999999.86
1000000.1
1000000.4
1000000.6
1000000.8
1000001
1000001.1
1000001.2
1000001.3
1000001.3
1000001.3
1000001.3
1000001.3
1000001.2
1000001.2
1000001.1
1000001.1
1000001
1000000.9
1000000.9
1000000.9
1000000.9
1000000.9
1000000.9
1000000.9
1000000.9
1000000.9
1000001
1000001
1000001
1000001
1000001
1000001
1000001
1000001
1000001
1000001
1000000.9
999997.25
1000000.4
1000002.6
1000002.3
1000001.9
1000001.9
1000001.9
1000001.9
1000001.9
1000001.9
1000001.9
1000001.9
1000001.9
1000001.8
1000001.8
1000001.7
1000001.7
1000001.6
1000001.6
1000001.5
1000001.5
1000001.4
1000001.4
1000001.3
1000001.3
1000001.2
1000001.1
1000001.1
1000001
1000000.8
1000000.7
1000000.5
1000000.3
1000000
999999.73
999999.39
999999.03
999998.73
999998.54
999998.57
999998.8
999999.19
999999.63
1000000
1000000.4
1000000.6
1000000.9
1000001.1
1000001.3
1000001.4
1000001.4
1000001.5
1000001.5
1000001.4
1000001.4
1000001.3
1000001.2
1000001.1
1000001.1
1000001
1000000.9
1000000.9
1000000.8
1000000.8
1000000.8
1000000.9
1000000.9
1000000.9
1000000.9
1000001
1000001
1000001
1000001
1000001
1000001
1000001
1000001
1000001
1000000.9
1000000.9
1000047.4
1000045.1
1000004
1000002.1
1000001.8
1000001.9
1000001.9
1000001.9
1000001.9
1000001.9
1000001.9
1000001.9
1000001.9
1000001.8
1000001.8
1000001.8
1000001.7
1000001.7
1000001.6
1000001.6
1000001.5
1000001.5
1000001.4
1000001.4
1000001.3
1000001.3
1000001.2
1000001.1
1000001
1000000.9
1000000.7
1000000.5
1000000.3
999999.97
999999.62
999999.2
999999.17
999999.37
999999.58
999999.69
999999.72
999999.71
999999.8
1000000
1000000.3
1000000.7
1000001
1000001.2
1000001.4
1000001.5
1000001.6
1000001.6
1000001.6
1000001.5
1000001.5
1000001.4
1000001.3
1000001.2
1000001.1
1000001
1000000.9
1000000.8
1000000.8
1000000.8
1000000.8
1000000.8
1000000.9
1000000.9
1000001
1000001
1000001
1000001
1000001
1000001
1000001
1000001
1000001
1000000.9
1000000.9
1000000.9
1000003.4
1000002.3
1000046.1
1000013.6
1000001.7
1000001.8
1000001.8
1000001.9
1000001.9
1000001.9
1000001.9
1000001.9
1000001.8
1000001.8
1000001.8
1000001.8
1000001.7
1000001.7
1000001.6
1000001.6
1000001.5
1000001.5
1000001.5
1000001.4
1000001.4
1000001.3
1000001.3
1000001.2
1000001.1
1000001
1000000.8
1000000.6
1000000.3
999999.98
999999.95
1000000.1
1000000.1
1000000.1
1000000.1
1000000.1
1000000.1
1000000.1
1000000.1
1000000
1000000
1000000.1
1000000.3
1000000.7
1000001
1000001.4
1000001.6
1000001.8
1000001.8
1000001.8
1000001.7
1000001.5
1000001.4
1000001.2
1000001
1000000.9
1000000.7
1000000.6
1000000.6
1000000.6
1000000.7
1000000.7
1000000.8
1000000.9
1000000.9
1000000.9
1000001
1000001
1000001
1000000.9
1000000.9
1000000.9
1000000.9
1000000.9
1000000.9
1000000.9
1000003.1
1000003.2
1000019.3
1000002.5
1000001.6
1000001.7
1000001.8
1000001.8
1000001.8
1000001.8
1000001.8
1000001.8
1000001.8
1000001.8
1000001.8
1000001.7
1000001.7
1000001.7
1000001.6
1000001.6
1000001.6
1000001.5
1000001.5
1000001.5
1000001.4
1000001.4
1000001.4
1000001.3
1000001.2
1000001.1
1000001
1000000.7
1000000.2
1000000.1
1000000.1
1000000.1
1000000.1
1000000.1
1000000.1
1000000.1
1000000.1
1000000.1
1000000.1
1000000
1000000
1000000
999999.99
999999.97
999999.95
999999.94
999999.93
999999.95
1000000.1
1000000.1
1000000.1
1000000.1
1000000.1
1000000.1
1000000
1000000
1000000
1000000
1000000
1000000
1000000
1000000
1000000
1000000
1000000
1000000
1000000
1000000
1000000
1000000
1000000
1000000
1000000
1000000
1000000
1000000
1000002.6
1000002.1
1000002.3
1000001.4
1000001.8
1000001.7
1000001.8
1000001.8
1000001.8
1000001.8
1000001.8
1000001.8
1000001.7
1000001.7
1000001.7
1000001.7
1000001.6
1000001.6
1000001.6
1000001.6
1000001.6
1000001.6
1000001.5
1000001.5
1000001.5
1000001.5
1000001.5
1000001.4
1000001.3
1000001.1
1000000.4
1000000
1000000.1
1000000.1
1000000.1
1000000.1
1000000.1
1000000.1
1000000.1
1000000.1
1000000.1
1000000.1
1000000.1
1000000
1000000
1000000
999999.99
999999.98
999999.96
999999.95
999999.95
999999.95
999999.95
999999.95
999999.96
999999.97
999999.98
999999.99
1000000
1000000
1000000
1000000
1000000
1000000
1000000
1000000
1000000
1000000
1000000
1000000
1000000
1000000
1000000
1000000
1000000
1000000
1000000
1000000
1000000
1000000
1000002.3
1000001.9
1000002.2
1000001.7
1000001.9
1000001.8
1000001.8
1000001.7
1000001.7
1000001.7
1000001.7
1000001.7
1000001.7
1000001.6
1000001.6
1000001.6
1000001.6
1000001.6
1000001.6
1000001.6
1000001.6
1000001.6
1000001.6
1000001.6
1000001.6
1000001.6
1000001.6
1000001.5
1000000.8
1000000.1
1000000
1000000
1000000
1000000.1
1000000.1
1000000.1
1000000.1
1000000.1
1000000.1
1000000.1
1000000.1
1000000.1
1000000.1
1000000
1000000
1000000
1000000
999999.99
999999.98
999999.97
999999.96
999999.96
999999.96
999999.96
999999.97
999999.98
999999.98
999999.99
1000000
1000000
1000000
1000000
1000000
1000000
1000000
1000000
1000000
1000000
1000000
1000000
1000000
1000000
1000000
1000000
1000000
1000000
1000000
1000000
1000000
1000000
1000002.1
1000001.9
1000002.1
1000001.8
1000001.8
1000001.7
1000001.7
1000001.7
1000001.7
1000001.7
1000001.6
1000001.6
1000001.6
1000001.5
1000001.5
1000001.5
1000001.5
1000001.5
1000001.5
1000001.5
1000001.6
1000001.6
1000001.6
1000001.6
1000001.6
1000001.7
1000001.3
1000000.3
1000000
1000000
1000000
1000000
1000000
1000000.1
1000000.1
1000000.1
1000000.1
1000000.1
1000000.1
1000000.1
1000000.1
1000000.1
1000000
1000000
1000000
1000000
1000000
999999.99
999999.98
999999.98
999999.97
999999.97
999999.97
999999.97
999999.97
999999.98
999999.99
999999.99
1000000
1000000
1000000
1000000
1000000
1000000
1000000
1000000
1000000
1000000
1000000
1000000
1000000
1000000
1000000
1000000
1000000
1000000
1000000
1000000
1000000
1000000
1000001.9
1000001.8
1000001.9
1000001.8
1000001.8
1000001.7
1000001.7
1000001.7
1000001.6
1000001.6
1000001.6
1000001.5
1000001.5
1000001.4
1000001.4
1000001.4
1000001.4
1000001.4
1000001.4
1000001.5
1000001.5
1000001.6
1000001.6
1000001.6
1000001.6
1000000.7
999999.99
999999.98
999999.99
1000000
1000000
1000000
1000000
1000000
1000000.1
1000000.1
1000000.1
1000000.1
1000000.1
1000000.1
1000000.1
1000000.1
1000000
1000000
1000000
1000000
1000000
1000000
999999.99
999999.99
999999.98
999999.98
999999.98
999999.98
999999.98
999999.99
999999.99
999999.99
1000000
1000000
1000000
1000000
1000000
1000000
1000000
1000000
1000000
1000000
1000000
1000000
1000000
1000000
1000000
1000000
1000000
1000000
1000000
1000000
1000000
1000000
1000001.8
1000001.8
1000001.8
1000001.8
1000001.7
1000001.7
1000001.6
1000001.6
1000001.6
1000001.5
1000001.5
1000001.4
1000001.4
1000001.3
1000001.3
1000001.3
1000001.3
1000001.3
1000001.4
1000001.4
1000001.5
1000001.6
1000001.6
1000001.2
1000000.2
999999.96
999999.97
999999.98
999999.99
1000000
1000000
1000000
1000000
1000000
1000000
1000000.1
1000000.1
1000000.1
1000000.1
1000000.1
1000000.1
1000000
1000000
1000000
1000000
1000000
1000000
1000000
1000000
999999.99
999999.99
999999.98
999999.98
999999.98
999999.99
999999.99
999999.99
1000000
1000000
1000000
1000000
1000000
1000000
1000000
1000000
1000000
1000000
1000000
1000000
1000000
1000000
1000000
1000000
1000000
1000000
1000000
1000000
1000000
1000000
1000000
1000001.8
1000001.8
1000001.8
1000001.7
1000001.7
1000001.6
1000001.6
1000001.5
1000001.5
1000001.4
1000001.4
1000001.3
1000001.3
1000001.2
1000001.2
1000001.2
1000001.2
1000001.2
1000001.3
1000001.4
1000001.6
1000001.6
1000000.6
999999.97
999999.96
999999.96
999999.97
999999.98
999999.99
1000000
1000000
1000000
1000000
1000000
1000000
1000000
1000000
1000000.1
1000000.1
1000000
1000000
1000000
1000000
1000000
1000000
1000000
1000000
1000000
1000000
1000000
999999.99
999999.99
999999.99
999999.99
999999.99
999999.99
999999.99
1000000
1000000
1000000
1000000
1000000
1000000
1000000
1000000
1000000
1000000
1000000
1000000
1000000
1000000
1000000
1000000
1000000
1000000
1000000
1000000
1000000
1000000
1000000
1000001.7
1000001.7
1000001.7
1000001.7
1000001.7
1000001.6
1000001.5
1000001.5
1000001.4
1000001.3
1000001.3
1000001.2
1000001.1
1000001.1
1000001
1000001
1000001.1
1000001.2
1000001.3
1000001.4
1000001.2
1000000.1
999999.93
999999.95
999999.96
999999.97
999999.98
999999.99
1000000
1000000
1000000
1000000
1000000
1000000
1000000
1000000
1000000
1000000
1000000
1000000
1000000
1000000
1000000
1000000
1000000
1000000
1000000
1000000
1000000
1000000
1000000
999999.99
999999.99
999999.99
999999.99
999999.99
1000000
1000000
1000000
1000000
1000000
1000000
1000000
1000000
1000000
1000000
1000000
1000000
1000000
1000000
1000000
1000000
1000000
1000000
1000000
1000000
1000000
1000000
1000000
1000000
1000001.7
1000001.7
1000001.7
1000001.7
1000001.6
1000001.6
1000001.5
1000001.4
1000001.3
1000001.2
1000001.2
1000001.1
1000001
1000000.9
1000000.9
1000000.9
1000001
1000001.1
1000001.1
1000000.5
999999.94
999999.93
999999.94
999999.95
999999.96
999999.97
999999.98
999999.99
1000000
1000000
1000000
1000000
1000000
1000000
1000000
1000000
1000000
1000000
1000000
1000000
1000000
1000000
1000000
1000000
1000000
1000000
1000000
1000000
1000000
1000000
1000000
1000000
1000000
1000000
1000000
1000000
1000000
1000000
1000000
1000000
1000000
1000000
1000000
1000000
1000000
1000000
1000000
1000000
1000000
1000000
1000000
1000000
1000000
1000000
1000000
1000000
1000000
1000000
1000000
1000000
1000001.7
1000001.7
1000001.7
1000001.7
1000001.6
1000001.6
1000001.5
1000001.4
1000001.3
1000001.2
1000001
1000000.9
1000000.8
1000000.7
1000000.7
1000000.7
1000000.8
1000000.8
1000000.2
999999.95
999999.94
999999.94
999999.95
999999.96
999999.96
999999.97
999999.98
999999.99
1000000
1000000
1000000
1000000
1000000
1000000
1000000
1000000
1000000
1000000
1000000
1000000
1000000
1000000
1000000
1000000
1000000
1000000
1000000
1000000
1000000
1000000
1000000
1000000
1000000
1000000
1000000
1000000
1000000
1000000
1000000
1000000
1000000
1000000
1000000
1000000
1000000
1000000
1000000
1000000
1000000
1000000
1000000
1000000
1000000
1000000
1000000
1000000
1000000
1000000
1000000
1000000
1000001.8
1000001.8
1000001.7
1000001.7
1000001.6
1000001.6
1000001.5
1000001.3
1000001.2
1000001.1
1000000.9
1000000.7
1000000.6
1000000.4
1000000.3
1000000.4
1000000.5
1000000
999999.94
999999.95
999999.95
999999.95
999999.95
999999.96
999999.97
999999.97
999999.98
999999.99
1000000
1000000
1000000
1000000
1000000
1000000
1000000
1000000
1000000
1000000
1000000
1000000
1000000
1000000
1000000
1000000
1000000
1000000
1000000
1000000
1000000
1000000
1000000
1000000
1000000
1000000
1000000
1000000
1000000
1000000
1000000
1000000
1000000
1000000
1000000
1000000
1000000
1000000
1000000
1000000
1000000
1000000
1000000
1000000
1000000
1000000
1000000
1000000
1000000
1000000
1000000
1000000
1000001.8
1000001.8
1000001.8
1000001.7
1000001.7
1000001.6
1000001.5
1000001.3
1000001.2
1000001
1000000.8
1000000.5
1000000.3
1000000
999999.84
1000000
999999.99
999999.94
999999.94
999999.94
999999.94
999999.95
999999.95
999999.96
999999.97
999999.98
999999.98
999999.99
1000000
1000000
1000000
1000000
1000000
1000000
1000000
1000000
1000000
1000000
1000000
1000000
1000000
1000000
1000000
1000000
1000000
1000000
1000000
1000000
1000000
1000000
1000000
1000000
1000000
1000000
1000000
1000000
1000000
1000000
1000000
1000000
1000000
1000000
1000000
1000000
1000000
1000000
1000000
1000000
1000000
1000000
1000000
1000000
1000000
1000000
1000000
1000000
1000000
1000000
1000000
1000000
1000001.9
1000001.9
1000001.9
1000001.8
1000001.7
1000001.6
1000001.5
1000001.4
1000001.2
1000000.9
1000000.6
1000000.3
999999.89
999999.41
999999.04
999999.9
999999.94
999999.93
999999.93
999999.93
999999.94
999999.95
999999.95
999999.96
999999.97
999999.98
999999.99
999999.99
1000000
1000000
1000000
1000000
1000000
1000000
1000000
1000000
1000000
1000000
1000000
1000000
1000000
1000000
1000000
1000000
1000000
1000000
1000000
1000000
1000000
1000000
1000000
1000000
1000000
1000000
1000000
1000000
1000000
1000000
1000000
1000000
1000000
1000000
1000000
1000000
1000000
1000000
1000000
1000000
1000000
1000000
1000000
1000000
1000000
1000000
1000000
1000000
1000000
1000000
1000000
1000000
1000002
1000002
1000002
1000001.9
1000001.9
1000001.8
1000001.6
1000001.4
1000001.2
1000000.9
1000000.6
1000000.1
999999.58
999998.64
999999.09
999999.98
999999.93
999999.92
999999.92
999999.93
999999.94
999999.95
999999.96
999999.97
999999.97
999999.98
999999.99
999999.99
1000000
1000000
1000000
1000000
1000000
1000000
1000000
1000000
1000000
1000000
1000000
1000000
1000000
1000000
1000000
1000000
1000000
1000000
1000000
1000000
1000000
1000000
1000000
1000000
1000000
1000000
1000000
1000000
1000000
1000000
1000000
1000000
1000000
1000000
1000000
1000000
1000000
1000000
1000000
1000000
1000000
1000000
1000000
1000000
1000000
1000000
1000000
1000000
1000000
1000000
1000000
1000000
1000002.2
1000002.2
1000002.2
1000002.1
1000002
1000001.9
1000001.8
1000001.6
1000001.4
1000001
1000000.7
1000000
999999.5
999998.11
999999.9
999999.96
999999.92
999999.92
999999.92
999999.93
999999.94
999999.95
999999.96
999999.97
999999.98
999999.98
999999.99
999999.99
1000000
1000000
1000000
1000000
1000000
1000000
1000000
1000000
1000000
1000000
1000000
1000000
1000000
1000000
1000000
1000000
1000000
1000000
1000000
1000000
1000000
1000000
1000000
1000000
1000000
1000000
1000000
1000000
1000000
1000000
1000000
1000000
1000000
1000000
1000000
1000000
1000000
1000000
1000000
1000000
1000000
1000000
1000000
1000000
1000000
1000000
1000000
1000000
1000000
1000000
1000000
1000000
1000002.4
1000002.4
1000002.4
1000002.3
1000002.2
1000002.1
1000002
1000001.8
1000001.6
1000001.3
1000000.9
1000000.3
999999.72
999998.54
999999.98
999999.95
999999.92
999999.92
999999.93
999999.94
999999.95
999999.96
999999.96
999999.97
999999.98
999999.98
999999.99
999999.99
1000000
1000000
1000000
1000000
1000000
1000000
1000000
1000000
1000000
1000000
1000000
1000000
1000000
1000000
1000000
1000000
1000000
1000000
1000000
1000000
1000000
1000000
1000000
1000000
1000000
1000000
1000000
1000000
1000000
1000000
1000000
1000000
1000000
1000000
1000000
1000000
1000000
1000000
1000000
1000000
1000000
1000000
1000000
1000000
1000000
1000000
1000000
1000000
1000000
1000000
1000000
1000000
1000002.7
1000002.7
1000002.6
1000002.6
1000002.5
1000002.4
1000002.3
1000002.1
1000001.9
1000001.6
1000001.3
1000000.7
1000000.2
999999.32
999999.96
999999.95
999999.93
999999.93
999999.94
999999.94
999999.95
999999.96
999999.97
999999.98
999999.98
999999.99
999999.99
1000000
1000000
1000000
1000000
1000000
1000000
1000000
1000000
1000000
1000000
1000000
1000000
1000000
1000000
1000000
1000000
1000000
1000000
1000000
1000000
1000000
1000000
1000000
1000000
1000000
1000000
1000000
1000000
1000000
1000000
1000000
1000000
1000000
1000000
1000000
1000000
1000000
1000000
1000000
1000000
1000000
1000000
1000000
1000000
1000000
1000000
1000000
1000000
1000000
1000000
1000000
1000000
1000000
1000002.9
1000002.9
1000002.9
1000002.8
1000002.8
1000002.7
1000002.6
1000002.4
1000002.3
1000002
1000001.7
1000001.3
1000000.9
1000000.1
999999.96
999999.96
999999.94
999999.94
999999.95
999999.95
999999.96
999999.97
999999.97
999999.98
999999.98
999999.99
999999.99
1000000
1000000
1000000
1000000
1000000
1000000
1000000
1000000
1000000
1000000
1000000
1000000
1000000
1000000
1000000
1000000
1000000
1000000
1000000
1000000
1000000
1000000
1000000
1000000
1000000
1000000
1000000
1000000
1000000
1000000
1000000
1000000
1000000
1000000
1000000
1000000
1000000
1000000
1000000
1000000
1000000
1000000
1000000
1000000
1000000
1000000
1000000
1000000
1000000
1000000
1000000
1000000
1000000
1000003.2
1000003.2
1000003.2
1000003.1
1000003.1
1000003
1000002.9
1000002.8
1000002.7
1000002.5
1000002.3
1000002
1000001.6
1000001.1
1000000
999999.97
999999.95
999999.95
999999.95
999999.96
999999.97
999999.97
999999.98
999999.98
999999.99
999999.99
999999.99
1000000
1000000
1000000
1000000
1000000
1000000
1000000
1000000
1000000
1000000
1000000
1000000
1000000
1000000
1000000
1000000
1000000
1000000
1000000
1000000
1000000
1000000
1000000
1000000
1000000
1000000
1000000
1000000
1000000
1000000
1000000
1000000
1000000
1000000
1000000
1000000
1000000
1000000
1000000
1000000
1000000
1000000
1000000
1000000
1000000
1000000
1000000
1000000
1000000
1000000
1000000
1000000
1000000
1000003.5
1000003.5
1000003.5
1000003.5
1000003.4
1000003.3
1000003.3
1000003.2
1000003.1
1000003
1000002.8
1000002.6
1000002.4
1000002.2
1000000.6
999999.97
999999.96
999999.96
999999.96
999999.97
999999.97
999999.97
999999.98
999999.98
999999.99
999999.99
999999.99
1000000
1000000
1000000
1000000
1000000
1000000
1000000
1000000
1000000
1000000
1000000
1000000
1000000
1000000
1000000
1000000
1000000
1000000
1000000
1000000
1000000
1000000
1000000
1000000
1000000
1000000
1000000
1000000
1000000
1000000
1000000
1000000
1000000
1000000
1000000
1000000
1000000
1000000
1000000
1000000
1000000
1000000
1000000
1000000
1000000
1000000
1000000
1000000
1000000
1000000
1000000
1000000
1000000
1000003.8
1000003.8
1000003.8
1000003.8
1000003.7
1000003.7
1000003.6
1000003.6
1000003.5
1000003.4
1000003.3
1000003.2
1000003.1
1000003
1000001.7
999999.96
999999.96
999999.96
999999.97
999999.97
999999.97
999999.98
999999.98
999999.99
999999.99
999999.99
999999.99
1000000
1000000
1000000
1000000
1000000
1000000
1000000
1000000
1000000
1000000
1000000
1000000
1000000
1000000
1000000
1000000
1000000
1000000
1000000
1000000
1000000
1000000
1000000
1000000
1000000
1000000
1000000
1000000
1000000
1000000
1000000
1000000
1000000
1000000
1000000
1000000
1000000
1000000
1000000
1000000
1000000
1000000
1000000
1000000
1000000
1000000
1000000
1000000
1000000
1000000
1000000
1000000
1000000
1000004.1
1000004.1
1000004.1
1000004.1
1000004.1
1000004
1000004
1000004
1000003.9
1000003.9
1000003.8
1000003.7
1000003.7
1000003.6
1000003
999999.96
999999.97
999999.97
999999.97
999999.97
999999.98
999999.98
999999.98
999999.99
999999.99
999999.99
999999.99
1000000
1000000
1000000
1000000
1000000
1000000
1000000
1000000
1000000
1000000
1000000
1000000
1000000
1000000
1000000
1000000
1000000
1000000
1000000
1000000
1000000
1000000
1000000
1000000
1000000
1000000
1000000
1000000
1000000
1000000
1000000
1000000
1000000
1000000
1000000
1000000
1000000
1000000
1000000
1000000
1000000
1000000
1000000
1000000
1000000
1000000
1000000
1000000
1000000
1000000
1000000
1000000
1000000
1000004.4
1000004.4
1000004.4
1000004.4
1000004.4
1000004.3
1000004.3
1000004.3
1000004.3
1000004.3
1000004.2
1000004.2
1000004.2
1000004.1
1000004.1
1000000.5
999999.98
999999.97
999999.97
999999.98
999999.98
999999.98
999999.99
999999.99
999999.99
999999.99
999999.99
1000000
1000000
1000000
1000000
1000000
1000000
1000000
1000000
1000000
1000000
1000000
1000000
1000000
1000000
1000000
1000000
1000000
1000000
1000000
1000000
1000000
1000000
1000000
1000000
1000000
1000000
1000000
1000000
1000000
1000000
1000000
1000000
1000000
1000000
1000000
1000000
1000000
1000000
1000000
1000000
1000000
1000000
1000000
1000000
1000000
1000000
1000000
1000000
1000000
1000000
1000000
1000000
1000000
1000004.7
1000004.7
1000004.7
1000004.7
1000004.7
1000004.6
1000004.6
1000004.6
1000004.6
1000004.6
1000004.6
1000004.6
1000004.6
1000004.6
1000004.6
1000001.8
999999.97
999999.97
999999.97
999999.98
999999.98
999999.98
999999.99
999999.99
999999.99
999999.99
999999.99
1000000
1000000
1000000
1000000
1000000
1000000
1000000
1000000
1000000
1000000
1000000
1000000
1000000
1000000
1000000
1000000
1000000
1000000
1000000
1000000
1000000
1000000
1000000
1000000
1000000
1000000
1000000
1000000
1000000
1000000
1000000
1000000
1000000
1000000
1000000
1000000
1000000
1000000
1000000
1000000
1000000
1000000
1000000
1000000
1000000
1000000
1000000
1000000
1000000
1000000
1000000
1000000
1000000
1000005
1000004.9
1000004.9
1000004.9
1000004.9
1000004.9
1000004.9
1000004.9
1000004.9
1000005
1000005
1000005
1000005
1000005
1000005
1000003.1
999999.96
999999.97
999999.97
999999.98
999999.98
999999.98
999999.99
999999.99
999999.99
999999.99
999999.99
1000000
1000000
1000000
1000000
1000000
1000000
1000000
1000000
1000000
1000000
1000000
1000000
1000000
1000000
1000000
1000000
1000000
1000000
1000000
1000000
1000000
1000000
1000000
1000000
1000000
1000000
1000000
1000000
1000000
1000000
1000000
1000000
1000000
1000000
1000000
1000000
1000000
1000000
1000000
1000000
1000000
1000000
1000000
1000000
1000000
1000000
1000000
1000000
1000000
1000000
1000000
1000000
1000000
1000005.2
1000005.2
1000005.1
1000005.1
1000005.2
1000005.2
1000005.2
1000005.2
1000005.2
1000005.3
1000005.3
1000005.3
1000005.3
1000005.4
1000005.4
1000004.4
999999.96
999999.97
999999.97
999999.98
999999.98
999999.98
999999.99
999999.99
999999.99
999999.99
999999.99
1000000
1000000
1000000
1000000
1000000
1000000
1000000
1000000
1000000
1000000
1000000
1000000
1000000
1000000
1000000
1000000
1000000
1000000
1000000
1000000
1000000
1000000
1000000
1000000
1000000
1000000
1000000
1000000
1000000
1000000
1000000
1000000
1000000
1000000
1000000
1000000
1000000
1000000
1000000
1000000
1000000
1000000
1000000
1000000
1000000
1000000
1000000
1000000
1000000
1000000
1000000
1000000
1000000
1000005.3
1000005.3
1000005.3
1000005.3
1000005.4
1000005.4
1000005.4
1000005.4
1000005.5
1000005.5
1000005.5
1000005.6
1000005.6
1000005.7
1000005.7
1000005.5
999999.95
999999.97
999999.97
999999.97
999999.98
999999.98
999999.98
999999.99
999999.99
999999.99
999999.99
999999.99
1000000
1000000
1000000
1000000
1000000
1000000
1000000
1000000
1000000
1000000
1000000
1000000
1000000
1000000
1000000
1000000
1000000
1000000
1000000
1000000
1000000
1000000
1000000
1000000
1000000
1000000
1000000
1000000
1000000
1000000
1000000
1000000
1000000
1000000
1000000
1000000
1000000
1000000
1000000
1000000
1000000
1000000
1000000
1000000
1000000
1000000
1000000
1000000
1000000
1000000
1000000
1000000
1000005.5
1000005.5
1000005.5
1000005.5
1000005.5
1000005.6
1000005.6
1000005.6
1000005.7
1000005.7
1000005.8
1000005.8
1000005.9
1000005.9
1000006
1000006.1
1000000.1
999999.97
999999.97
999999.97
999999.98
999999.98
999999.98
999999.99
999999.99
999999.99
999999.99
999999.99
1000000
1000000
1000000
1000000
1000000
1000000
1000000
1000000
1000000
1000000
1000000
1000000
1000000
1000000
1000000
1000000
1000000
1000000
1000000
1000000
1000000
1000000
1000000
1000000
1000000
1000000
1000000
1000000
1000000
1000000
1000000
1000000
1000000
1000000
1000000
1000000
1000000
1000000
1000000
1000000
1000000
1000000
1000000
1000000
1000000
1000000
1000000
1000000
1000000
1000000
1000000
1000000
1000005.6
1000005.6
1000005.6
1000005.6
1000005.7
1000005.7
1000005.8
1000005.8
1000005.9
1000005.9
1000006
1000006.1
1000006.1
1000006.2
1000006.2
1000006.4
1000000.2
999999.96
999999.96
999999.97
999999.98
999999.98
999999.98
999999.99
999999.99
999999.99
999999.99
999999.99
999999.99
1000000
1000000
1000000
1000000
1000000
1000000
1000000
1000000
1000000
1000000
1000000
1000000
1000000
1000000
1000000
1000000
1000000
1000000
1000000
1000000
1000000
1000000
1000000
1000000
1000000
1000000
1000000
1000000
1000000
1000000
1000000
1000000
1000000
1000000
1000000
1000000
1000000
1000000
1000000
1000000
1000000
1000000
1000000
1000000
1000000
1000000
1000000
1000000
1000000
1000000
1000000
1000005.7
1000005.7
1000005.7
1000005.7
1000005.8
1000005.8
1000005.9
1000006
1000006
1000006.1
1000006.2
1000006.3
1000006.3
1000006.4
1000006.5
1000006.5
999999.99
999999.96
999999.96
999999.97
999999.97
999999.98
999999.98
999999.98
999999.99
999999.99
999999.99
999999.99
999999.99
999999.99
1000000
1000000
1000000
1000000
1000000
1000000
1000000
1000000
1000000
1000000
1000000
1000000
1000000
1000000
1000000
1000000
1000000
1000000
1000000
1000000
1000000
1000000
1000000
1000000
1000000
1000000
1000000
1000000
1000000
1000000
1000000
1000000
1000000
1000000
1000000
1000000
1000000
1000000
1000000
1000000
1000000
1000000
1000000
1000000
1000000
1000000
1000000
1000000
1000000
1000000
1000005.7
1000005.7
1000005.7
1000005.7
1000005.8
1000005.9
1000006
1000006.1
1000006.2
1000006.2
1000006.3
1000006.4
1000006.5
1000006.6
1000006.7
1000005.9
999999.93
999999.95
999999.96
999999.96
999999.97
999999.98
999999.98
999999.98
999999.99
999999.99
999999.99
999999.99
999999.99
999999.99
1000000
1000000
1000000
1000000
1000000
1000000
1000000
1000000
1000000
1000000
1000000
1000000
1000000
1000000
1000000
1000000
1000000
1000000
1000000
1000000
1000000
1000000
1000000
1000000
1000000
1000000
1000000
1000000
1000000
1000000
1000000
1000000
1000000
1000000
1000000
1000000
1000000
1000000
1000000
1000000
1000000
1000000
1000000
1000000
1000000
1000000
1000000
1000000
1000000
1000000
1000005.6
1000005.6
1000005.7
1000005.7
1000005.8
1000005.9
1000006
1000006.1
1000006.3
1000006.4
1000006.5
1000006.6
1000006.7
1000006.7
1000006.8
1000004.5
999999.93
999999.95
999999.95
999999.96
999999.97
999999.97
999999.98
999999.98
999999.98
999999.99
999999.99
999999.99
999999.99
999999.99
999999.99
1000000
1000000
1000000
1000000
1000000
1000000
1000000
1000000
1000000
1000000
1000000
1000000
1000000
1000000
1000000
1000000
1000000
1000000
1000000
1000000
1000000
1000000
1000000
1000000
1000000
1000000
1000000
1000000
1000000
1000000
1000000
1000000
1000000
1000000
1000000
1000000
1000000
1000000
1000000
1000000
1000000
1000000
1000000
1000000
1000000
1000000
1000000
1000000
1000000
1000005.5
1000005.5
1000005.6
1000005.7
1000005.8
1000005.9
1000006.1
1000006.2
1000006.3
1000006.5
1000006.6
1000006.7
1000006.8
1000006.9
1000007
1000002.4
999999.93
999999.94
999999.95
999999.96
999999.97
999999.97
999999.98
999999.98
999999.98
999999.99
999999.99
999999.99
999999.99
999999.99
999999.99
1000000
1000000
1000000
1000000
1000000
1000000
1000000
1000000
1000000
1000000
1000000
1000000
1000000
1000000
1000000
1000000
1000000
1000000
1000000
1000000
1000000
1000000
1000000
1000000
1000000
1000000
1000000
1000000
1000000
1000000
1000000
1000000
1000000
1000000
1000000
1000000
1000000
1000000
1000000
1000000
1000000
1000000
1000000
1000000
1000000
1000000
1000000
1000000
1000000
1000005.3
1000005.3
1000005.4
1000005.5
1000005.7
1000005.9
1000006
1000006.2
1000006.4
1000006.5
1000006.7
1000006.8
1000006.9
1000007
1000006.5
1000000.1
999999.93
999999.94
999999.95
999999.96
999999.97
999999.97
999999.98
999999.98
999999.98
999999.99
999999.99
999999.99
999999.99
999999.99
999999.99
999999.99
1000000
1000000
1000000
1000000
1000000
1000000
1000000
1000000
1000000
1000000
1000000
1000000
1000000
1000000
1000000
1000000
1000000
1000000
1000000
1000000
1000000
1000000
1000000
1000000
1000000
1000000
1000000
1000000
1000000
1000000
1000000
1000000
1000000
1000000
1000000
1000000
1000000
1000000
1000000
1000000
1000000
1000000
1000000
1000000
1000000
1000000
1000000
1000000
1000005
1000005.1
1000005.2
1000005.3
1000005.5
1000005.8
1000006
1000006.2
1000006.4
1000006.6
1000006.7
1000006.9
1000007
1000007.2
1000002.9
999999.91
999999.93
999999.94
999999.95
999999.96
999999.97
999999.97
999999.98
999999.98
999999.98
999999.99
999999.99
999999.99
999999.99
999999.99
999999.99
999999.99
1000000
1000000
1000000
1000000
1000000
1000000
1000000
1000000
1000000
1000000
1000000
1000000
1000000
1000000
1000000
1000000
1000000
1000000
1000000
1000000
1000000
1000000
1000000
1000000
1000000
1000000
1000000
1000000
1000000
1000000
1000000
1000000
1000000
1000000
1000000
1000000
1000000
1000000
1000000
1000000
1000000
1000000
1000000
1000000
1000000
1000000
1000000
1000000
1000004.6
1000004.7
1000004.8
1000005
1000005.3
1000005.6
1000005.9
1000006.2
1000006.4
1000006.6
1000006.8
1000007
1000007.1
1000005.2
999999.95
999999.91
999999.93
999999.94
999999.95
999999.96
999999.97
999999.97
999999.98
999999.98
999999.98
999999.98
999999.99
999999.99
999999.99
999999.99
999999.99
999999.99
1000000
1000000
1000000
1000000
1000000
1000000
1000000
1000000
1000000
1000000
1000000
1000000
1000000
1000000
1000000
1000000
1000000
1000000
1000000
1000000
1000000
1000000
1000000
1000000
1000000
1000000
1000000
1000000
1000000
1000000
1000000
1000000
1000000
1000000
1000000
1000000
1000000
1000000
1000000
1000000
1000000
1000000
1000000
1000000
1000000
1000000
1000000
1000000
1000004
1000004.1
1000004.3
1000004.6
1000005
1000005.4
1000005.8
1000006.1
1000006.4
1000006.6
1000006.9
1000007
1000005.6
1000000.3
999999.9
999999.92
999999.93
999999.95
999999.95
999999.96
999999.97
999999.97
999999.98
999999.98
999999.98
999999.98
999999.99
999999.99
999999.99
999999.99
999999.99
999999.99
999999.99
1000000
1000000
1000000
1000000
1000000
1000000
1000000
1000000
1000000
1000000
1000000
1000000
1000000
1000000
1000000
1000000
1000000
1000000
1000000
1000000
1000000
1000000
1000000
1000000
1000000
1000000
1000000
1000000
1000000
1000000
1000000
1000000
1000000
1000000
1000000
1000000
1000000
1000000
1000000
1000000
1000000
1000000
1000000
1000000
1000000
1000000
1000000
1000003.2
1000003.3
1000003.5
1000003.9
1000004.6
1000005.2
1000005.6
1000006.1
1000006.4
1000006.6
1000006.9
1000004.3
1000000.2
999999.91
999999.92
999999.93
999999.94
999999.95
999999.96
999999.96
999999.97
999999.97
999999.98
999999.98
999999.98
999999.99
999999.99
999999.99
999999.99
999999.99
999999.99
999999.99
999999.99
1000000
1000000
1000000
1000000
1000000
1000000
1000000
1000000
1000000
1000000
1000000
1000000
1000000
1000000
1000000
1000000
1000000
1000000
1000000
1000000
1000000
1000000
1000000
1000000
1000000
1000000
1000000
1000000
1000000
1000000
1000000
1000000
1000000
1000000
1000000
1000000
1000000
1000000
1000000
1000000
1000000
1000000
1000000
1000000
1000000
1000000
1000000
1000002.1
1000002.3
1000002.5
1000003.1
1000003.9
1000004.8
1000005.5
1000006
1000006.3
1000004.8
1000001.7
999999.92
999999.92
999999.93
999999.93
999999.94
999999.95
999999.96
999999.96
999999.97
999999.97
999999.98
999999.98
999999.98
999999.98
999999.99
999999.99
999999.99
999999.99
999999.99
999999.99
999999.99
999999.99
1000000
1000000
1000000
1000000
1000000
1000000
1000000
1000000
1000000
1000000
1000000
1000000
1000000
1000000
1000000
1000000
1000000
1000000
1000000
1000000
1000000
1000000
1000000
1000000
1000000
1000000
1000000
1000000
1000000
1000000
1000000
1000000
1000000
1000000
1000000
1000000
1000000
1000000
1000000
1000000
1000000
1000000
1000000
1000000
1000000
1000000
1000000
1000000.7
1000000.7
1000000.8
1000001.2
1000001.8
1000002.6
1000002.6
1000002
1000000.6
999999.96
999999.95
999999.94
999999.94
999999.94
999999.95
999999.95
999999.96
999999.96
999999.97
999999.97
999999.97
999999.98
999999.98
999999.98
999999.98
999999.99
999999.99
999999.99
999999.99
999999.99
999999.99
999999.99
999999.99
1000000
1000000
1000000
1000000
1000000
1000000
1000000
1000000
1000000
1000000
1000000
1000000
1000000
1000000
1000000
1000000
1000000
1000000
1000000
1000000
1000000
1000000
1000000
1000000
1000000
1000000
1000000
1000000
1000000
1000000
1000000
1000000
1000000
1000000
1000000
1000000
1000000
1000000
1000000
1000000
1000000
1000000
1000000
1000000
1000000
1000000
1000000
1000000.4
1000000.4
1000000.4
1000000.3
1000000.3
1000000.2
1000000.1
1000000.1
1000000
1000000
999999.98
999999.97
999999.96
999999.96
999999.96
999999.96
999999.96
999999.97
999999.97
999999.97
999999.98
999999.98
999999.98
999999.98
999999.99
999999.99
999999.99
999999.99
999999.99
999999.99
999999.99
999999.99
999999.99
1000000
1000000
1000000
1000000
1000000
1000000
1000000
1000000
1000000
1000000
1000000
1000000
1000000
1000000
1000000
1000000
1000000
1000000
1000000
1000000
1000000
1000000
1000000
1000000
1000000
1000000
1000000
1000000
1000000
1000000
1000000
1000000
1000000
1000000
1000000
1000000
1000000
1000000
1000000
1000000
1000000
1000000
1000000
1000000
1000000
1000000
1000000
1000000.3
1000000.3
1000000.3
1000000.3
1000000.2
1000000.1
1000000.1
1000000.1
1000000
1000000
999999.99
999999.98
999999.97
999999.97
999999.97
999999.97
999999.97
999999.97
999999.97
999999.98
999999.98
999999.98
999999.98
999999.98
999999.99
999999.99
999999.99
999999.99
999999.99
999999.99
999999.99
999999.99
999999.99
1000000
1000000
1000000
1000000
1000000
1000000
1000000
1000000
1000000
1000000
1000000
1000000
1000000
1000000
1000000
1000000
1000000
1000000
1000000
1000000
1000000
1000000
1000000
1000000
1000000
1000000
1000000
1000000
1000000
1000000
1000000
1000000
1000000
1000000
1000000
1000000
1000000
1000000
1000000
1000000
1000000
1000000
1000000
1000000
1000000
1000000
1000000
1000000.2
1000000.2
1000000.2
1000000.2
1000000.2
1000000.1
1000000.1
1000000.1
1000000
1000000
1000000
999999.99
999999.98
999999.98
999999.98
999999.98
999999.98
999999.98
999999.98
999999.98
999999.98
999999.98
999999.98
999999.99
999999.99
999999.99
999999.99
999999.99
999999.99
999999.99
999999.99
999999.99
999999.99
1000000
1000000
1000000
1000000
1000000
1000000
1000000
1000000
1000000
1000000
1000000
1000000
1000000
1000000
1000000
1000000
1000000
1000000
1000000
1000000
1000000
1000000
1000000
1000000
1000000
1000000
1000000
1000000
1000000
1000000
1000000
1000000
1000000
1000000
1000000
1000000
1000000
1000000
1000000
1000000
1000000
1000000
1000000
1000000
1000000
1000000
1000000
1000000.2
1000000.2
1000000.2
1000000.2
1000000.1
1000000.1
1000000.1
1000000.1
1000000
1000000
1000000
1000000
999999.99
999999.99
999999.98
999999.98
999999.98
999999.98
999999.98
999999.98
999999.98
999999.98
999999.99
999999.99
999999.99
999999.99
999999.99
999999.99
999999.99
999999.99
999999.99
999999.99
999999.99
1000000
1000000
1000000
1000000
1000000
1000000
1000000
1000000
1000000
1000000
1000000
1000000
1000000
1000000
1000000
1000000
1000000
1000000
1000000
1000000
1000000
1000000
1000000
1000000
1000000
1000000
1000000
1000000
1000000
1000000
1000000
1000000
1000000
1000000
1000000
1000000
1000000
1000000
1000000
1000000
1000000
1000000
1000000
1000000
1000000
1000000
1000000
1000000.2
1000000.2
1000000.1
1000000.1
1000000.1
1000000.1
1000000.1
1000000
1000000
1000000
1000000
1000000
1000000
999999.99
999999.99
999999.99
999999.98
999999.98
999999.98
999999.99
999999.99
999999.99
999999.99
999999.99
999999.99
999999.99
999999.99
999999.99
999999.99
999999.99
999999.99
999999.99
999999.99
1000000
1000000
1000000
1000000
1000000
1000000
1000000
1000000
1000000
1000000
1000000
1000000
1000000
1000000
1000000
1000000
1000000
1000000
1000000
1000000
1000000
1000000
1000000
1000000
1000000
1000000
1000000
1000000
1000000
1000000
1000000
1000000
1000000
1000000
1000000
1000000
1000000
1000000
1000000
1000000
1000000
1000000
1000000
1000000
1000000
1000000
1000000
1000000.1
1000000.1
1000000.1
1000000.1
1000000.1
1000000.1
1000000.1
1000000
1000000
1000000
1000000
1000000
1000000
999999.99
999999.99
999999.99
999999.99
999999.99
999999.99
999999.99
999999.99
999999.99
999999.99
999999.99
999999.99
999999.99
999999.99
999999.99
999999.99
999999.99
999999.99
999999.99
1000000
1000000
1000000
1000000
1000000
1000000
1000000
1000000
1000000
1000000
1000000
1000000
1000000
1000000
1000000
1000000
1000000
1000000
1000000
1000000
1000000
1000000
1000000
1000000
1000000
1000000
1000000
1000000
1000000
1000000
1000000
1000000
1000000
1000000
1000000
1000000
1000000
1000000
1000000
1000000
1000000
1000000
1000000
1000000
1000000
1000000
1000000
1000000
1000000.1
1000000.1
1000000.1
1000000.1
1000000.1
1000000.1
1000000
1000000
1000000
1000000
1000000
1000000
1000000
1000000
999999.99
999999.99
999999.99
999999.99
999999.99
999999.99
999999.99
999999.99
999999.99
999999.99
999999.99
999999.99
999999.99
999999.99
999999.99
999999.99
999999.99
999999.99
1000000
1000000
1000000
1000000
1000000
1000000
1000000
1000000
1000000
1000000
1000000
1000000
1000000
1000000
1000000
1000000
1000000
1000000
1000000
1000000
1000000
1000000
1000000
1000000
1000000
1000000
1000000
1000000
1000000
1000000
1000000
1000000
1000000
1000000
1000000
1000000
1000000
1000000
1000000
1000000
1000000
1000000
1000000
1000000
1000000
1000000
1000000
1000000
1000000.1
1000000.1
1000000.1
1000000.1
1000000.1
1000000.1
1000000
1000000
1000000
1000000
1000000
1000000
1000000
1000000
1000000
999999.99
999999.99
999999.99
999999.99
999999.99
999999.99
999999.99
999999.99
999999.99
999999.99
999999.99
999999.99
999999.99
999999.99
999999.99
999999.99
1000000
1000000
1000000
1000000
1000000
1000000
1000000
1000000
1000000
1000000
1000000
1000000
1000000
1000000
1000000
1000000
1000000
1000000
1000000
1000000
1000000
1000000
1000000
1000000
1000000
1000000
1000000
1000000
1000000
1000000
1000000
1000000
1000000
1000000
1000000
1000000
1000000
1000000
1000000
1000000
1000000
1000000
1000000
1000000
1000000
1000000
1000000
1000000
1000000
1000000.1
1000000.1
1000000.1
1000000.1
1000000
1000000
1000000
1000000
1000000
1000000
1000000
1000000
1000000
1000000
1000000
1000000
999999.99
999999.99
999999.99
999999.99
999999.99
999999.99
999999.99
999999.99
999999.99
999999.99
999999.99
999999.99
999999.99
999999.99
1000000
1000000
1000000
1000000
1000000
1000000
1000000
1000000
1000000
1000000
1000000
1000000
1000000
1000000
1000000
1000000
1000000
1000000
1000000
1000000
1000000
1000000
1000000
1000000
1000000
1000000
1000000
1000000
1000000
1000000
1000000
1000000
1000000
1000000
1000000
1000000
1000000
1000000
1000000
1000000
1000000
1000000
1000000
1000000
1000000
1000000
1000000
1000000
1000000
1000000
1000000.1
1000000.1
1000000
1000000
1000000
1000000
1000000
1000000
1000000
1000000
1000000
1000000
1000000
1000000
1000000
1000000
1000000
999999.99
999999.99
999999.99
999999.99
999999.99
999999.99
999999.99
999999.99
999999.99
999999.99
999999.99
999999.99
1000000
1000000
1000000
1000000
1000000
1000000
1000000
1000000
1000000
1000000
1000000
1000000
1000000
1000000
1000000
1000000
1000000
1000000
1000000
1000000
1000000
1000000
1000000
1000000
1000000
1000000
1000000
1000000
1000000
1000000
1000000
1000000
1000000
1000000
1000000
1000000
1000000
1000000
1000000
1000000
1000000
1000000
1000000
1000000
1000000
1000000
1000000
1000000
1000000
1000000
1000000
1000000
1000000
1000000
1000000
1000000
1000000
1000000
1000000
1000000
1000000
1000000
1000000
1000000
1000000
1000000
1000000
1000000
1000000
1000000
999999.99
999999.99
999999.99
999999.99
999999.99
999999.99
999999.99
999999.99
999999.99
1000000
1000000
1000000
1000000
1000000
1000000
1000000
1000000
1000000
1000000
1000000
1000000
1000000
1000000
1000000
1000000
1000000
1000000
1000000
1000000
1000000
1000000
1000000
1000000
1000000
1000000
1000000
1000000
1000000
1000000
1000000
1000000
1000000
1000000
1000000
1000000
1000000
1000000
1000000
1000000
1000000
1000000
1000000
1000000
1000000
1000000
1000000
1000000
1000000
1000000
1000000
1000000
1000000
1000000
1000000
1000000
1000000
1000000
1000000
1000000
1000000
1000000
1000000
1000000
1000000
1000000
1000000
1000000
1000000
1000000
1000000
1000000
1000000
1000000
999999.99
999999.99
999999.99
1000000
1000000
1000000
1000000
1000000
1000000
1000000
1000000
1000000
1000000
1000000
1000000
1000000
1000000
1000000
1000000
1000000
1000000
1000000
1000000
1000000
1000000
1000000
1000000
1000000
1000000
1000000
1000000
1000000
1000000
1000000
1000000
1000000
1000000
1000000
1000000
1000000
1000000
1000000
1000000
1000000
1000000
1000000
1000000
1000000
1000000
1000000
1000000
1000000
1000000
1000000
1000000
1000000
1000000
1000000
1000000
1000000
1000000
1000000
1000000
1000000
1000000
1000000
1000000
1000000
1000000
1000000
1000000
1000000
1000000
1000000
1000000
1000000
1000000
1000000
1000000
1000000
1000000
1000000
1000000
1000000
1000000
1000000
1000000
1000000
1000000
1000000
1000000
1000000
1000000
1000000
1000000
1000000
1000000
1000000
1000000
1000000
1000000
1000000
1000000
1000000
1000000
1000000
1000000
1000000
1000000
1000000
1000000
1000000
1000000
1000000
1000000
1000000
1000000
1000000
1000000
1000000
1000000
1000000
1000000
1000000
1000000
1000000
1000000
1000000
1000000
1000000
1000000
1000000
1000000
1000000
1000000
1000000
1000000
1000000
1000000
1000000
1000000
1000000
1000000
1000000
1000000
1000000
1000000
1000000
1000000
1000000
1000000
1000000
1000000
1000000
1000000
1000000
1000000
1000000
1000000
1000000
1000000
1000000
1000000
1000000
1000000
1000000
1000000
1000000
1000000
1000000
1000000
1000000
1000000
1000000
1000000
1000000
1000000
1000000
1000000
1000000
1000000
1000000
1000000
1000000
1000000
1000000
1000000
1000000
1000000
1000000
1000000
1000000
1000000
1000000
1000000
1000000
1000000
1000000
1000000
1000000
1000000
1000000
1000000
1000000
1000000
1000000
1000000
1000000
1000000
1000000
1000000
1000000
1000000
1000000
1000000
1000000
1000000
1000000
1000000
1000000
1000000
1000000
1000000
1000000
1000000
1000000
1000000
1000000
1000000
1000000
1000000
1000000
1000000
1000000
1000000
1000000
1000000
1000000
1000000
1000000
1000000
1000000
1000000
1000000
1000000
1000000
1000000
1000000
1000000
1000000
1000000
1000000
1000000
1000000
1000000
1000000
1000000
1000000
1000000
1000000
1000000
1000000
1000000
1000000
1000000
1000000
1000000
1000000
1000000
1000000
1000000
1000000
1000000
1000000
1000000
1000000
1000000
1000000
1000000
1000000
1000000
1000000
1000000
1000000
1000000
1000000
1000000
1000000
1000000
1000000
1000000
1000000
1000000
1000000
1000000
1000000
1000000
1000000
1000000
1000000
1000000
1000000
1000000
1000000
1000000
1000000
1000000
1000000
1000000
1000000
1000000
1000000
1000000
1000000
1000000
1000000
1000000
1000000
1000000
1000000
1000000
1000000
1000000
1000000
1000000
1000000
1000000
1000000
1000000
1000000
1000000
1000000
1000000
1000000
1000000
1000000
1000000
1000000
1000000
1000000
1000000
1000000
1000000
1000000
1000000
1000000
1000000
1000000
1000000
1000000
1000000
1000000
1000000
1000000
1000000
1000000
1000000
1000000
1000000
1000000
1000000
1000000
1000000
1000000
1000000
1000000
1000000
1000000
1000000
1000000
1000000
1000000
1000000
1000000
1000000
1000000
1000000
1000000
1000000
1000000
1000000
1000000
1000000
1000000
1000000
1000000
1000000
1000000
1000000
1000000
1000000
1000000
1000000
1000000
1000000
1000000
1000000
1000000
1000000
1000000
1000000
1000000
1000000
1000000
1000000
1000000
1000000
1000000
1000000
1000000
1000000
1000000
1000000
1000000
1000000
1000000
1000000
1000000
1000000
1000000
1000000
1000000
1000000
1000000
1000000
1000000
1000000
1000000
1000000
1000000
1000000
1000000
1000000
1000000
1000000
1000000
1000000
1000000
1000000
1000000
1000000
1000000
1000000
1000000
1000000
1000000
1000000
1000000
1000000
1000000
1000000
1000000
1000000
1000000
1000000
1000000
1000000
1000000
1000000
1000000
1000000
1000000
1000000
1000000
1000000
1000000
1000000
1000000
1000000
1000000
1000000
1000000
1000000
1000000
1000000
1000000
1000000
1000000
1000000
1000000
1000000
1000000
1000000
1000000
1000000
1000000
1000000
1000000
1000000
1000000
1000000
1000000
1000000
1000000
1000000
1000000
1000000
1000000
1000000
1000000
1000000
1000000
1000000
1000000
1000000
1000000
1000000
1000000
1000000
1000000
1000000
1000000
1000000
1000000
1000000
1000000
1000000
1000000
1000000
1000000
1000000
1000000
1000000
1000000
1000000
1000000
1000000
1000000
1000000
1000000
1000000
1000000
1000000
1000000
1000000
1000000
1000000
1000000
1000000
1000000
1000000
1000000
1000000
1000000
1000000
1000000
1000000
1000000
1000000
1000000
1000000
1000000
1000000
1000000
1000000
1000000
1000000
1000000
1000000
1000000
1000000
1000000
1000000
1000000
1000000
1000000
1000000
1000000
1000000
1000000
1000000
1000000
1000000
1000000
1000000
1000000
1000000
1000000
1000000
1000000
1000000
1000000
1000000
1000000
1000000
1000000
1000000
1000000
1000000
1000000
1000000
1000000
1000000
1000000
1000000
1000000
1000000
1000000
1000000
1000000
1000000
1000000
1000000
1000000
1000000
1000000
1000000
1000000
1000000
1000000
1000000
1000000
1000000
1000000
1000000
1000000
1000000
1000000
1000000
1000000
1000000
1000000
1000000
1000000
1000000
1000000
1000000
1000000
1000000
1000000
1000000
1000000
1000000
1000000
1000000
1000000
1000000
1000000
1000000
1000000
1000000
1000000
1000000
1000000
1000000
1000000
1000000
1000000
1000000
1000000
1000000
1000000
1000000
1000000
1000000
1000000
1000000
1000000
1000000
1000000
1000000
1000000
1000000
1000000
1000000
1000000
1000000
1000000
1000000
1000000
1000000
1000000
1000000
1000000
1000000
1000000
1000000
1000000
1000000
1000000
1000000
1000000
1000000
1000000
1000000
1000000
1000000
1000000
1000000
1000000
1000000
1000000
1000000
1000000
1000000
1000000
1000000
1000000
)
;

boundaryField
{
    bottom
    {
        type            fixedFluxPressure;
        gradient        nonuniform List<scalar> 0();
        value           nonuniform List<scalar> 0();
    }
    top
    {
        type            totalPressure;
        rho             rho;
        psi             none;
        gamma           1;
        p0              nonuniform List<scalar> 0();
        value           nonuniform List<scalar> 0();
    }
    right
    {
        type            fixedFluxPressure;
        gradient        nonuniform List<scalar> 0();
        value           nonuniform List<scalar> 0();
    }
    back
    {
        type            wedge;
    }
    front
    {
        type            wedge;
    }
    axis
    {
        type            empty;
    }
    procBoundary2to0
    {
        type            processor;
        value           nonuniform List<scalar> 
80
(
1000001.2
1000001.2
1000001.2
1000001.2
1000001.2
1000001.2
1000001.2
1000001.2
1000001.2
1000001.2
1000001.2
1000001.2
1000001.2
1000001.1
1000001.1
1000001.1
1000001.1
1000001.1
1000001.1
1000001
1000001
1000001
1000001
1000001
1000001
1000000.9
1000000.9
1000000.9
1000000.9
1000000.9
1000000.9
1000000.8
1000000.8
1000000.8
1000000.8
1000000.8
1000000.8
1000000.8
1000000.8
1000000.8
1000000.8
1000000.8
1000000.8
1000000.8
1000000.8
1000000.8
1000000.8
1000000.8
1000000.9
1000000.9
1000000.9
1000000.9
1000000.9
1000000.9
1000000.9
1000000.9
1000000.9
1000000.9
1000000.9
1000000.9
1000000.9
1000000.9
1000000.9
1000000.9
1000000.9
1000000.9
1000000.9
1000000.9
1000000.9
1000000.9
1000000.9
1000000.9
1000000.9
1000000.9
1000000.9
1000000.9
1000000.9
1000000.9
1000000.9
1000000.9
)
;
    }
    procBoundary2to3
    {
        type            processor;
        value           nonuniform List<scalar> 
80
(
1000000.9
1000000.9
1000000.9
1000000.9
1000000.9
1000000.9
1000000.9
1000000.9
1000000.9
1000000.9
1000000.9
1000000.9
1000000.9
1000000.9
1000000.9
1000000.9
1000000.9
1000000.9
1000000.9
1000000.9
1000000
1000000
1000000
1000000
1000000
1000000
1000000
1000000
1000000
1000000
1000000
1000000
1000000
1000000
1000000
1000000
1000000
1000000
1000000
1000000
1000000
1000000
1000000
1000000
1000000
1000000
1000000
1000000
1000000
1000000
1000000
1000000
1000000
1000000
1000000
1000000
1000000
1000000
1000000
1000000
1000000
1000000
1000000
1000000
1000000
1000000
1000000
1000000
1000000
1000000
1000000
1000000
1000000
1000000
1000000
1000000
1000000
1000000
1000000
1000000
)
;
    }
    procBoundary2to4
    {
        type            processor;
        value           nonuniform List<scalar> 
80
(
1000000
1000000
1000000
1000000
1000000
1000000
1000000
1000000
1000000
1000000
1000000
1000000
1000000
1000000
1000000
1000000
1000000
1000000
1000000
1000000
1000000
1000000
1000000
1000000
1000000
1000000
1000000
1000000
1000000
1000000
1000000
1000000
1000000
1000000
1000000
1000000
1000000
1000000
1000000
1000000
1000000
1000000
1000000
1000000
1000000
1000000
1000000
1000000
1000000
1000000
1000000
1000000
1000000
1000000
1000000
1000000
1000000
1000000
1000000
1000000
1000000
1000000
1000000
1000000
1000000
1000000
1000000
1000000
1000000
1000000
1000000
1000000
1000000
1000000
1000000
1000000
1000000
1000000
1000000
1000000
)
;
    }
}


// ************************************************************************* //
