/*--------------------------------*- C++ -*----------------------------------*\
| =========                 |                                                 |
| \\      /  F ield         | OpenFOAM: The Open Source CFD Toolbox           |
|  \\    /   O peration     | Version:  2106                                  |
|   \\  /    A nd           | Website:  www.openfoam.com                      |
|    \\/     M anipulation  |                                                 |
\*---------------------------------------------------------------------------*/
FoamFile
{
    version     2.0;
    format      ascii;
    arch        "LSB;label=32;scalar=64";
    class       volScalarField;
    location    "0.027";
    object      p;
}
// * * * * * * * * * * * * * * * * * * * * * * * * * * * * * * * * * * * * * //

dimensions      [1 -1 -2 0 0 0 0];

internalField   nonuniform List<scalar> 
4096
(
2.0771204
2.0569293
2.0167476
1.9569739
1.8782008
1.7812087
1.6669573
1.5365756
1.3913501
1.232711
1.0622174
0.88154184
0.69245289
0.4967952
0.2964551
0.093401914
-0.11038847
-0.31298711
-0.51243293
-0.7068132
-0.89427313
-1.0730299
-1.241389
-1.39776
-1.5406706
-1.6687796
-1.7808882
-1.8759502
-1.9530806
-2.0115628
-2.0508546
-2.0705918
-2.0705918
-2.0508546
-2.0115628
-1.9530806
-1.8759502
-1.7808882
-1.6687796
-1.5406706
-1.39776
-1.241389
-1.0730299
-0.89427313
-0.7068132
-0.51243293
-0.31298711
-0.11038847
0.093401916
0.2964551
0.4967952
0.69245289
0.88154184
1.0622175
1.232711
1.3913501
1.5365756
1.6669573
1.7812087
1.8782008
1.9569739
2.0167476
2.0569293
2.0771204
2.1020171
2.0815868
2.0409289
1.9804462
1.9007378
1.8025927
1.6869812
1.5550451
1.4080851
1.247548
1.075011
0.89216566
0.70080085
0.50278273
0.30003265
0.094531759
-0.11173707
-0.31679213
-0.5186586
-0.71540193
-0.90514409
-1.08608
-1.2564943
-1.4147765
-1.559436
-1.6891145
-1.802598
-1.898827
-1.9769051
-2.0361064
-2.0758814
-2.0958615
-2.0958615
-2.0758814
-2.0361064
-1.9769051
-1.898827
-1.802598
-1.6891145
-1.559436
-1.4147765
-1.2564943
-1.08608
-0.90514409
-0.71540193
-0.5186586
-0.31679213
-0.11173707
0.094531761
0.30003265
0.50278274
0.70080085
0.89216567
1.075011
1.247548
1.4080851
1.5550451
1.6869812
1.8025927
1.9007378
1.9804462
2.0409289
2.0815868
2.1020171
2.1458171
2.1249617
2.0834575
2.0217155
1.9403467
1.8401561
1.7221334
1.5874436
1.437414
1.2735211
1.0973745
0.91070088
0.71532599
0.51315561
0.3061558
0.096339642
-0.11426503
-0.3236292
-0.52973925
-0.73062022
-0.92435411
-1.1090975
-1.2830986
-1.4447129
-1.5924182
-1.7248274
-1.8407009
-1.9389567
-2.0186793
-2.0791277
-2.1197406
-2.1401416
-2.1401416
-2.1197406
-2.0791277
-2.0186793
-1.9389567
-1.8407009
-1.7248274
-1.5924182
-1.4447129
-1.2830986
-1.1090975
-0.9243541
-0.73062022
-0.52973925
-0.3236292
-0.11426503
0.096339643
0.3061558
0.51315561
0.71532599
0.91070088
1.0973745
1.2735211
1.437414
1.5874436
1.7221334
1.8401561
1.9403467
2.0217155
2.0834575
2.1249617
2.1458171
2.2097057
2.1882283
2.145486
2.0819017
1.9981044
1.8949221
1.773374
1.6346588
1.4801433
1.3113473
1.1299284
0.9376647
0.73643654
0.52820712
0.31500262
0.09889362
-0.11802919
-0.33367422
-0.54596785
-0.75287561
-0.95242158
-1.1427068
-1.3219267
-1.4883875
-1.6405212
-1.7768995
-1.8962457
-1.9974456
-2.0795566
-2.1418157
-2.183645
-2.204657
-2.204657
-2.183645
-2.1418157
-2.0795566
-1.9974456
-1.8962457
-1.7768995
-1.6405212
-1.4883875
-1.3219267
-1.1427068
-0.95242158
-0.75287561
-0.54596785
-0.33367422
-0.11802919
0.09889362
0.31500262
0.52820712
0.73643654
0.9376647
1.1299284
1.3113473
1.4801433
1.6346588
1.773374
1.8949221
1.9981044
2.0819017
2.145486
2.1882283
2.2097057
2.2947044
2.2723983
2.2280068
2.1619688
2.0749367
1.9677702
1.8415268
1.6974511
1.5369621
1.3616378
1.1731997
0.97349456
0.76447546
0.54818199
0.32671944
0.10223815
-0.12308923
-0.34708892
-0.56760654
-0.78252838
-0.98980158
-1.1874534
-1.3736093
-1.5465101
-1.7045274
-1.8461781
-1.9701365
-2.0752461
-2.1605285
-2.2251916
-2.2686358
-2.2904589
-2.2904589
-2.2686358
-2.2251916
-2.1605285
-2.0752461
-1.9701365
-1.8461781
-1.7045274
-1.5465101
-1.3736093
-1.1874534
-0.98980158
-0.78252838
-0.56760654
-0.34708892
-0.12308923
0.10223815
0.32671944
0.54818199
0.76447546
0.97349456
1.1731997
1.3616378
1.5369621
1.6974511
1.8415268
1.9677702
2.0749367
2.1619688
2.2280068
2.2723983
2.2947044
2.4016169
2.3782678
2.3318004
2.2626734
2.1715695
2.0593877
1.9272343
1.7764115
1.6084039
1.4248632
1.2275912
1.0185212
0.79969811
0.5732577
0.34140467
0.10639068
-0.12950876
-0.36401677
-0.59487714
-0.81987639
-1.0368649
-1.2437773
-1.4386512
-1.6196454
-1.7850557
-1.9333304
-2.0630828
-2.1731033
-2.2623686
-2.3300507
-2.3755229
-2.3983645
-2.3983645
-2.3755229
-2.3300507
-2.2623686
-2.1731033
-2.0630828
-1.9333304
-1.7850557
-1.6196454
-1.4386512
-1.2437773
-1.0368649
-0.81987639
-0.59487714
-0.36401677
-0.12950876
0.10639068
0.34140467
0.5732577
0.79969811
1.0185212
1.2275912
1.4248632
1.6084039
1.7764115
1.9272343
2.0593877
2.1715695
2.2626734
2.3318004
2.3782678
2.4016169
2.5314343
2.5068179
2.4578281
2.3849482
2.288897
2.1706216
2.0312875
1.872267
1.6951245
1.5016012
1.2935967
1.0731495
0.84241638
0.60364989
0.35917573
0.11136905
-0.13736959
-0.38463809
-0.62805646
-0.86528998
-1.0940716
-1.3122234
-1.5176767
-1.7084907
-1.8828698
-2.0391792
-2.1759586
-2.2919341
-2.3860289
-2.4573714
-2.5053021
-2.5293785
-2.5293785
-2.5053021
-2.4573714
-2.3860289
-2.2919341
-2.1759586
-2.0391792
-1.8828698
-1.7084907
-1.5176767
-1.3122234
-1.0940716
-0.86528998
-0.62805646
-0.38463809
-0.13736959
0.11136905
0.35917572
0.60364989
0.84241638
1.0731495
1.2935967
1.5016012
1.6951245
1.872267
2.0312875
2.1706216
2.288897
2.3849482
2.4578281
2.5068179
2.5314343
2.6853923
2.6592722
2.6072893
2.529956
2.4280342
2.3025278
2.1546727
1.985924
1.7979414
1.592572
1.3718316
1.1378838
0.89301816
0.63962623
0.38017741
0.11719378
-0.14677551
-0.40917972
-0.6674918
-0.91923313
-1.1619974
-1.3934733
-1.6114661
-1.8139174
-1.9989235
-2.1647516
-2.3098545
-2.4328831
-2.5326971
-2.6083739
-2.6592155
-2.6847537
-2.6847537
-2.6592155
-2.6083739
-2.5326971
-2.4328831
-2.3098545
-2.1647516
-1.9989235
-1.8139174
-1.6114661
-1.3934733
-1.1619974
-0.91923313
-0.6674918
-0.40917972
-0.14677551
0.11719378
0.38017741
0.63962623
0.89301816
1.1378838
1.3718316
1.592572
1.7979414
1.985924
2.1546727
2.3025278
2.4280342
2.529956
2.6072893
2.6592722
2.6853923
2.8649598
2.8370849
2.7816093
2.699079
2.5903062
2.4563611
2.2985615
2.1184592
1.917825
1.6986297
1.4630249
1.2133206
0.95196132
0.68150116
0.40457764
0.12388467
-0.15785487
-0.43791649
-0.71360135
-0.98226276
-1.2413318
-1.4883419
-1.7209515
-1.9369653
-2.1343542
-2.3112716
-2.4660697
-2.5973124
-2.703786
-2.7845093
-2.8387399
-2.8659801
-2.8659801
-2.8387399
-2.7845093
-2.703786
-2.5973124
-2.4660697
-2.3112716
-2.1343542
-1.9369653
-1.7209515
-1.4883419
-1.2413318
-0.98226276
-0.71360135
-0.43791649
-0.15785487
0.12388467
0.40457764
0.68150116
0.95196132
1.2133206
1.4630249
1.6986297
1.917825
2.1184592
2.2985615
2.4563611
2.5903062
2.699079
2.7816093
2.8370849
2.8649598
3.0718467
3.0419489
2.982447
2.8939258
2.7772549
2.633581
2.4643162
2.2711239
2.0559024
1.8207657
1.568022
1.3001501
1.0197737
0.72963487
0.4325653
0.13145752
-0.1707648
-0.47117649
-0.7668803
-1.0550356
-1.3328862
-1.5977863
-1.8472257
-2.0788521
-2.290492
-2.4801692
-2.6461208
-2.7868111
-2.9009434
-2.9874694
-3.0455965
-3.0747933
-3.0747933
-3.0455965
-2.9874694
-2.9009434
-2.7868111
-2.6461208
-2.4801692
-2.290492
-2.0788521
-1.8472257
-1.5977863
-1.3328862
-1.0550356
-0.76688031
-0.47117649
-0.1707648
0.13145752
0.43256529
0.72963487
1.0197737
1.3001501
1.568022
1.8207657
2.0559024
2.2711239
2.4643162
2.633581
2.7772549
2.8939258
2.982447
3.0419489
3.0718467
3.3080189
3.2758106
3.2117099
3.1163454
2.9906527
2.8358651
2.6535022
2.4453547
2.2134669
1.9601162
1.6877898
1.3991598
1.0970553
0.78443327
0.46434821
0.13992016
-0.18569721
-0.50934885
-0.82791044
-1.1383195
-1.4376057
-1.7229191
-1.991557
-2.2409885
-2.4688766
-2.6730978
-2.8517593
-3.0032133
-3.1260694
-3.219204
-3.2817681
-3.3131929
-3.3131929
-3.2817681
-3.219204
-3.1260694
-3.0032133
-2.8517593
-2.6730978
-2.4688766
-2.2409885
-1.991557
-1.7229191
-1.4376057
-1.1383195
-0.82791045
-0.50934885
-0.18569721
0.13992016
0.46434821
0.78443327
1.0970553
1.3991598
1.6877898
1.9601162
2.2134669
2.4453547
2.6535022
2.8358651
2.9906527
3.1163454
3.2117099
3.2758106
3.3080189
3.5757158
3.540887
3.4715703
3.3684438
3.2325172
3.0651222
2.8678998
2.6427849
2.3919873
2.1179695
1.8234226
1.5112382
1.184479
0.84634695
0.50014981
0.14926678
-0.20288663
-0.55289378
-0.8973721
-1.2330071
-1.5565852
-1.8650252
-2.1554068
-2.4249974
-2.671276
-2.8919537
-3.084992
-3.248618
-3.3813369
-3.4819416
-3.5495205
-3.583463
-3.583463
-3.5495205
-3.4819416
-3.3813369
-3.248618
-3.084992
-2.8919537
-2.671276
-2.4249974
-2.1554068
-1.8650252
-1.5565852
-1.2330071
-0.8973721
-0.55289378
-0.20288663
0.14926678
0.50014981
0.84634695
1.184479
1.5112382
1.8234226
2.1179695
2.3919873
2.6427849
2.8678998
3.0651222
3.2325172
3.3684438
3.4715703
3.540887
3.5757158
3.8774676
3.839683
3.7644824
3.6525995
3.5051273
3.3235076
3.1095181
2.8652558
2.5931171
2.2957739
1.9761472
1.6373774
1.2827915
0.9158687
0.54020404
0.15947029
-0.22262039
-0.60235509
-0.97605891
-1.3401323
-1.6910874
-2.025582
-2.3404511
-2.6327361
-2.8997098
-3.1388992
-3.348104
-3.5254128
-3.6692154
-3.7782128
-3.8514249
-3.8881954
-3.8881954
-3.8514249
-3.7782128
-3.6692154
-3.5254128
-3.348104
-3.1388992
-2.8997098
-2.6327361
-2.3404511
-2.025582
-1.6910874
-1.3401323
-0.97605891
-0.60235509
-0.22262039
0.15947029
0.54020404
0.9158687
1.2827915
1.6373774
1.9761472
2.2957739
2.5931171
2.8652558
3.1095181
3.3235076
3.5051273
3.6525995
3.7644824
3.839683
3.8774676
4.2161148
4.1750103
4.0932008
3.971482
3.8110395
3.613438
3.3806081
3.1148286
2.8187051
2.495145
2.1473282
1.7786753
1.3928117
0.99352969
0.58474847
0.17047235
-0.24525152
-0.65837586
-1.0648961
-1.4608915
-1.8425656
-2.2062833
-2.5486058
-2.866322
-3.1564758
-3.4163902
-3.6436864
-3.8363008
-3.9924973
-4.1108769
-4.1903849
-4.2303156
-4.2303156
-4.1903849
-4.1108769
-3.9924973
-3.8363008
-3.6436864
-3.4163902
-3.1564758
-2.866322
-2.5486058
-2.2062833
-1.8425656
-1.4608915
-1.0648961
-0.65837586
-0.24525152
0.17047235
0.58474847
0.99352969
1.3928117
1.7786753
2.1473282
2.495145
2.8187051
3.1148286
3.3806081
3.613438
3.8110395
3.971482
4.0932008
4.1750103
4.2161148
4.5948279
4.5500074
4.4608001
4.3280703
4.153106
3.9376085
3.6836786
3.3937977
3.0708057
2.7178735
2.3384721
1.936337
1.5154293
1.079894
0.63401531
0.18217103
-0.27121446
-0.7217174
-1.1649623
-1.5966676
-2.0126905
-2.4090683
-2.7820568
-3.1281646
-3.4441822
-3.7272079
-3.974668
-4.184333
-4.3543304
-4.4831536
-4.5696678
-4.6131148
-4.6131148
-4.5696678
-4.4831536
-4.3543304
-4.184333
-3.974668
-3.7272079
-3.4441822
-3.1281646
-2.7820568
-2.4090683
-2.0126905
-1.5966676
-1.1649623
-0.7217174
-0.27121445
0.18217103
0.63401531
1.079894
1.5154293
1.936337
2.3384721
2.7178735
3.0708057
3.3937977
3.6836786
3.9376085
4.153106
4.3280703
4.4608001
4.5500074
4.5948279
5.0171288
4.9681605
4.8706953
4.7256725
4.5344933
4.2990098
4.0215112
3.7047042
3.3516897
2.9659335
2.5512326
2.111676
1.6516021
1.1755521
0.68822092
0.19440623
-0.30104348
-0.79328137
-1.2775152
-1.7490588
-2.2033815
-2.6361551
-3.0432958
-3.4210015
-3.7657844
-4.0744968
-4.344353
-4.5729448
-4.7582536
-4.8986582
-4.9929396
-5.0402839
-5.0402839
-4.9929396
-4.8986582
-4.7582536
-4.5729448
-4.344353
-4.0744968
-3.7657844
-3.4210015
-3.0432958
-2.6361551
-2.2033815
-1.7490588
-1.2775152
-0.79328137
-0.30104348
0.19440623
0.68822092
1.1755521
1.6516021
2.111676
2.5512326
2.9659335
3.3516897
3.7047042
4.0215112
4.2990098
4.5344933
4.7256725
4.8706953
4.9681605
5.0171288
5.4869116
5.4333244
5.3266623
5.1679468
4.9587025
4.7009472
4.3971778
4.0503507
3.663857
3.2414915
2.7874158
2.3061157
1.8023529
1.2811138
0.74755443
0.20694396
-0.33539294
-0.8741344
-1.4040206
-1.9199115
-2.416843
-2.8900794
-3.3351602
-3.7479409
-4.124628
-4.461807
-4.7564634
-5.0059983
-5.2082387
-5.3614434
-5.4643057
-5.5159546
-5.5159546
-5.4643057
-5.3614434
-5.2082387
-5.0059983
-4.7564634
-4.461807
-4.124628
-3.7479409
-3.3351602
-2.8900794
-2.416843
-1.9199115
-1.4040206
-0.8741344
-0.33539294
0.20694396
0.74755443
1.2811138
1.8023529
2.3061157
2.7874158
3.2414915
3.663857
4.0503507
4.3971778
4.7009472
4.9587025
5.1679468
5.3266623
5.4333244
5.4869116
6.0084644
5.9497442
5.8328602
5.6589226
5.4295902
5.1470613
4.8140607
4.4338199
4.0100521
3.5469187
3.0489893
2.521194
1.96877
1.3972034
0.81216788
0.21946141
-0.37505722
-0.96553317
-1.5461819
-2.1113547
-2.6556028
-3.1737368
-3.6608787
-4.1125077
-4.5244969
-4.893143
-5.2151874
-5.48783
-5.7087372
-5.8760444
-5.9883561
-6.0447437
-6.0447437
-5.9883561
-5.8760444
-5.7087372
-5.48783
-5.2151874
-4.893143
-4.5244969
-4.1125077
-3.6608787
-3.1737368
-2.6556028
-2.1113547
-1.5461819
-0.96553317
-0.37505722
0.21946141
0.81216788
1.3972034
1.96877
2.521194
3.0489893
3.5469187
4.0100521
4.4338199
4.8140607
5.1470613
5.4295902
5.6589226
5.8328602
5.9497442
6.0084644
6.5864912
6.5220778
6.3938542
6.2030253
5.9513938
5.6413532
5.2758765
4.8584975
4.3932854
3.8848096
3.3380959
2.7585731
2.1520121
1.5244603
0.88217168
0.23153706
-0.4209865
-1.0689464
-1.7059688
-2.3258343
-2.9225516
-3.4904262
-4.0241186
-4.5186944
-4.9696645
-5.3730159
-5.7252316
-6.0233024
-6.2647308
-6.4475289
-6.5702138
-6.6318016
-6.6318016
-6.5702138
-6.4475289
-6.2647308
-6.0233024
-5.7252316
-5.3730159
-4.9696646
-4.5186944
-4.0241186
-3.4904262
-2.9225516
-2.3258343
-1.7059688
-1.0689464
-0.4209865
0.23153706
0.88217168
1.5244603
2.1520121
2.7585731
3.3380959
3.8848096
4.3932854
4.8584975
5.2758765
5.6413532
5.9513938
6.2030253
6.3938542
6.5220778
6.5864912
7.2261378
7.1554222
7.0146433
6.805105
6.5287625
6.1882175
5.786711
5.3281066
4.816866
4.2580123
3.6570816
3.0200625
2.3533265
1.6635515
0.95764227
0.24265249
-0.47429163
-1.1860671
-1.8856373
-2.5661405
-3.2209775
-3.8438911
-4.4290312
-4.9710101
-5.4649465
-5.906497
-6.2918747
-6.6178571
-6.8817838
-7.0815482
-7.2155858
-7.2828619
-7.2828619
-7.2155858
-7.0815482
-6.8817838
-6.6178571
-6.2918747
-5.906497
-5.4649465
-4.9710101
-4.4290312
-3.8438911
-3.2209775
-2.5661405
-1.8856373
-1.1860671
-0.47429163
0.24265249
0.95764227
1.6635515
2.3533265
3.0200625
3.6570816
4.2580123
4.816866
5.3281066
5.786711
6.1882175
6.5287625
6.805105
7.0146433
7.1554222
7.2261378
7.9330215
7.8553455
7.7006951
7.470476
7.1668006
6.7924895
6.351069
5.8467597
5.2844542
4.6696792
4.0085425
3.3076629
2.5740887
1.8152073
1.0386525
0.25221693
-0.53622718
-1.3188049
-2.087732
-2.835421
-3.5545883
-4.2383497
-4.8802896
-5.4745238
-6.0157473
-6.499267
-6.9210178
-7.2775647
-7.5660919
-7.7843849
-7.9308088
-8.0042875
-8.0042875
-7.9308088
-7.7843849
-7.5660919
-7.2775647
-6.9210178
-6.499267
-6.0157473
-5.4745238
-4.8802896
-4.2383497
-3.5545883
-2.835421
-2.087732
-1.3188049
-0.53622718
0.25221693
1.0386525
1.8152073
2.5740887
3.3076629
4.0085425
4.6696792
5.2844542
5.8467597
6.351069
6.7924895
7.1668006
7.470476
7.7006951
7.8553455
7.9330215
8.7132758
8.627933
8.4579972
8.2049736
7.871132
7.4595167
6.9739523
6.4190415
5.8001464
5.1233526
4.3954088
3.6236459
2.8158784
1.9802934
1.1253401
0.25963082
-0.60813549
-1.4692409
-2.3150544
-3.1371637
-3.9275079
-4.6785029
-5.3831069
-6.0348909
-6.6280929
-7.1576523
-7.6192221
-8.0091626
-8.3245187
-8.5629876
-8.7228831
-8.8031029
-8.8031029
-8.7228831
-8.5629876
-8.3245187
-8.0091626
-7.6192221
-7.1576523
-6.6280929
-6.0348909
-5.3831069
-4.6785029
-3.9275079
-3.1371637
-2.3150544
-1.4692409
-0.60813549
0.25963082
1.1253401
1.9802934
2.8158784
3.6236459
4.3954088
5.1233526
5.8001464
6.4190415
6.9739523
7.4595167
7.871132
8.2049736
8.4579972
8.627933
8.7132758
9.5736139
9.4798557
9.2931322
9.01504
8.6479977
8.1952687
7.660981
7.0501379
6.36861
5.6231004
4.8210793
3.9706864
3.0806073
2.1599343
1.2180311
0.26440933
-0.6913301
-1.6395263
-2.5705843
-3.4751419
-4.3442363
-5.1695087
-5.9432235
-6.6583517
-7.3086378
-7.8886371
-8.3937231
-8.8200692
-9.1646087
-9.4249822
-9.5994822
-9.687003
-9.687003
-9.5994822
-9.4249822
-9.1646087
-8.8200692
-8.3937231
-7.8886371
-7.3086378
-6.6583517
-5.9432235
-5.1695087
-4.3442363
-3.4751419
-2.5705843
-1.6395263
-0.6913301
0.26440933
1.2180311
2.1599343
3.0806073
3.9706864
4.8210793
5.6231004
6.36861
7.0501379
7.660981
8.1952687
8.6479977
9.01504
9.2931322
9.4798557
9.5736139
10.521426
10.418472
10.213391
9.9078523
9.5044013
9.0065009
8.4185731
7.7460306
6.9952856
6.1737228
5.2896266
4.3520613
3.3707111
2.355701
1.317435
0.26638298
-0.78691633
-1.8317543
-2.8573882
-3.8533227
-4.8095584
-5.7169051
-6.5668471
-7.3516866
-8.0646316
-8.6998373
-9.2524081
-9.7183613
-10.094563
-10.378644
-10.568922
-10.66432
-10.66432
-10.568922
-10.378644
-10.094563
-9.7183613
-9.2524081
-8.6998373
-8.0646316
-7.3516866
-6.5668471
-5.7169051
-4.8095584
-3.8533227
-2.8573882
-1.8317543
-0.78691633
0.26638298
1.317435
2.355701
3.3707111
4.3520613
5.2896266
6.1737228
6.9952856
7.7460306
8.4185731
9.0065009
9.5044013
9.9078523
10.213391
10.418472
10.521426
11.564914
11.451973
11.226933
10.891504
10.448315
9.9009875
9.2542032
8.5137738
7.686677
6.7810451
5.806085
4.7719282
3.6894256
2.5699127
1.424967
0.26598146
-0.89557602
-2.0478443
-3.1785511
-4.2756736
-5.328365
-6.3264629
-7.2605333
-8.1221189
-8.9038374
-9.5994277
-10.203745
-10.712701
-11.12316
-11.432816
-11.640073
-11.743937
-11.743936
-11.640073
-11.432816
-11.12316
-10.712701
-10.203745
-9.5994277
-8.9038374
-8.1221189
-7.2605333
-6.3264629
-5.328365
-4.2756736
-3.1785511
-2.0478443
-0.89557602
0.26598146
1.424967
2.5699127
3.6894256
4.7719282
5.806085
6.7810451
7.686677
8.5137738
9.2542032
9.9009875
10.448315
10.891504
11.226933
11.451973
11.564914
12.71327
12.589569
12.342994
11.975242
11.488955
10.887832
10.176746
9.3618663
8.4507388
7.4523088
6.3768363
5.2357167
4.0412441
2.806294
1.5433658
0.264769
-1.0169848
-2.2885312
-3.5358086
-4.7454381
-5.9053035
-7.0039562
-8.0310087
-8.9771709
-9.8344079
-10.596026
-11.256668
-11.812215
-12.259627
-12.596769
-12.822219
-12.935132
-12.935132
-12.822219
-12.596769
-12.259627
-11.812215
-11.256668
-10.596026
-9.8344079
-8.9771709
-8.0310087
-7.0039562
-5.9053035
-4.7454381
-3.5358086
-2.2885312
-1.0169848
0.26476899
1.5433658
2.806294
4.0412441
5.2357167
6.3768363
7.4523088
8.4507388
9.3618663
10.176746
10.887832
11.488955
11.975242
12.342994
12.589569
12.71327
13.976876
13.841706
13.572132
13.169753
12.637111
11.97785
11.19691
10.300719
9.2973624
8.1966596
7.0100965
5.7506252
4.4323984
3.0697203
1.6763503
0.26573566
-1.1490938
-2.5536223
-3.9312193
-5.2661752
-6.5449454
-7.7550722
-8.8850411
-9.9245411
-10.864772
-11.69858
-12.42045
-13.026348
-13.513479
-13.880019
-14.124856
-14.247382
-14.247382
-14.124856
-13.880019
-13.513479
-13.026348
-12.42045
-11.69858
-10.864772
-9.9245411
-8.8850411
-7.7550722
-6.5449454
-5.2661752
-3.9312193
-2.5536223
-1.1490938
0.26573566
1.6763503
3.0697203
4.4323984
5.7506252
7.0100965
8.1966596
9.2973624
10.300719
11.19691
11.97785
12.637111
13.169753
13.572132
13.841706
13.976876
15.367467
15.220246
14.926442
14.487428
13.905475
13.183964
12.327685
11.343149
10.23888
9.0256223
7.7163143
6.3258743
4.8703528
3.3661515
1.8292925
0.27374938
-1.2885218
-2.8421357
-4.3658189
-5.8402081
-7.2511211
-8.5851044
-9.8292732
-10.972007
-12.003566
-12.916293
-13.704609
-14.36474
-14.894347
-15.292137
-15.557468
-15.690094
-15.690094
-15.557468
-15.292137
-14.894347
-14.36474
-13.704609
-12.916293
-12.003566
-10.972007
-9.8292732
-8.5851044
-7.2511211
-5.8402081
-4.3658189
-2.8421357
-1.2885218
0.27374938
1.8292925
3.3661514
4.8703528
6.3258743
7.7163143
9.0256223
10.23888
11.343149
12.327685
13.183964
13.905475
14.487428
14.926442
15.220246
15.367467
16.898
16.738352
16.419468
15.942318
15.30865
14.521264
13.584459
12.504518
11.29019
9.9531179
8.5078658
6.9717751
5.3639864
3.7043755
2.0110185
0.29736101
-1.4284268
-3.1504473
-4.8389796
-6.4689108
-8.0267766
-9.4986755
-10.86998
-12.127236
-13.259468
-14.258452
-15.118702
-15.836973
-16.411705
-16.842429
-17.129189
-17.272209
-17.272209
-17.129189
-16.842429
-16.411705
-15.836973
-15.118702
-14.258452
-13.259468
-12.127236
-10.86998
-9.4986755
-8.0267766
-6.4689108
-4.8389796
-3.1504473
-1.4284268
0.29736101
2.0110185
3.7043755
5.3639864
6.9717751
8.5078658
9.9531179
11.29019
12.504518
13.584459
14.521264
15.30865
15.942318
16.419468
16.738352
16.898
18.582087
18.409912
18.065642
17.5496
16.862656
16.00658
14.984646
13.802408
12.468453
10.995229
9.3991965
7.7009438
5.9240702
4.0936405
2.2312508
0.34829455
-1.558239
-3.474884
-5.3521791
-7.154004
-8.8739819
-10.49951
-12.012889
-13.397672
-14.641099
-15.73429
-16.672119
-17.452295
-18.074522
-18.539592
-18.848551
-19.002118
-19.002118
-18.848551
-18.539592
-18.074522
-17.452295
-16.672119
-15.73429
-14.641099
-13.397672
-12.012889
-10.49951
-8.8739819
-7.154004
-5.3521791
-3.474884
-1.558239
0.34829455
2.2312508
4.0936405
5.9240702
7.7009438
9.3991965
10.995229
12.468453
13.802408
14.984646
16.00658
16.862656
17.5496
18.065642
18.409912
18.582087
20.436567
20.252196
19.883111
19.328634
18.58831
17.662201
16.551737
15.260844
13.797263
12.173908
10.409242
8.528154
6.5605511
4.5408326
2.500525
0.45264752
-1.649497
-3.8191005
-5.9243887
-7.9019175
-9.7972847
-11.594884
-13.268462
-14.796197
-16.162661
-17.358318
-18.37896
-19.224023
-19.895233
-20.395364
-20.727209
-20.892591
-20.892591
-20.727209
-20.395364
-19.895233
-19.224023
-18.37896
-17.358318
-16.162661
-14.796197
-13.268462
-11.594884
-9.7972847
-7.9019175
-5.9243887
-3.8191005
-1.649497
0.45264752
2.500525
4.5408326
6.5605511
8.528154
10.409242
12.173908
13.797263
15.260844
16.551737
17.662201
18.58831
19.328634
19.883111
20.252196
20.436567
22.493547
22.29851
21.906846
21.316834
20.525961
19.531541
18.331545
16.927448
15.323435
13.532717
11.574707
9.4796125
7.2847512
5.0403611
2.8091678
0.650405
-1.8837064
-4.4144929
-6.5091985
-8.5503966
-10.551378
-12.440509
-14.180172
-15.746094
-17.124996
-18.312272
-19.310249
-20.125315
-20.764836
-21.237036
-21.547886
-21.702988
-21.702988
-21.547886
-21.237036
-20.764836
-20.125315
-19.310249
-18.312272
-17.124996
-15.746094
-14.180172
-12.440509
-10.551378
-8.5503966
-6.5091985
-4.4144929
-1.8837064
0.650405
2.8091678
5.0403611
7.2847512
9.4796125
11.574707
13.532717
15.323435
16.927448
18.331545
19.531541
20.525961
21.316834
21.906846
22.29851
22.493547
-21.671309
-21.516527
-21.206184
-20.734727
-20.096225
-19.282421
-18.285942
-17.100403
-15.723484
-14.159793
-12.422571
-10.536056
-8.5378562
-6.4995902
-4.4079268
-1.8802212
0.65047544
2.8059268
5.0337888
7.2748381
9.4663949
11.55822
13.513288
15.301211
16.902575
18.304238
19.502081
20.494659
21.284021
21.872861
22.263755
22.458475
22.458475
22.263755
21.872861
21.284021
20.494659
19.502081
18.304238
16.902575
15.301211
13.513288
11.55822
9.4663949
7.2748381
5.0337888
2.8059268
0.65047544
-1.8802212
-4.4079268
-6.4995902
-8.5378562
-10.536056
-12.422571
-14.159793
-15.723484
-17.100403
-18.285942
-19.282421
-20.096225
-20.734727
-21.206184
-21.516527
-21.671309
-20.860551
-20.695455
-20.364138
-19.864788
-19.194623
-18.35086
-17.331766
-16.137907
-14.773483
-13.248018
-11.576925
-9.782008
-7.8894889
-5.9149519
-3.8127677
-1.6464071
0.45239906
2.4969306
4.5338776
6.550277
8.5146325
10.392644
12.15425
13.77474
15.235686
16.524189
17.632531
18.556825
19.295673
19.849015
20.217334
20.40134
20.40134
20.217334
19.849015
19.295673
18.556825
17.632531
16.524189
15.235686
13.77474
12.15425
10.392644
8.5146325
6.550277
4.5338776
2.4969306
0.45239906
-1.6464071
-3.8127677
-5.9149519
-7.8894889
-9.782008
-11.576925
-13.248018
-14.773483
-16.137907
-17.331766
-18.35086
-19.194623
-19.864788
-20.364138
-20.695455
-20.860551
-18.969312
-18.816033
-18.50763
-18.043387
-17.422258
-16.643446
-15.70724
-14.615926
-13.37462
-11.992189
-10.481377
-8.8586105
-7.1415633
-5.3428152
-3.468719
-1.5553796
0.34777503
2.2273258
4.0863129
5.9133821
7.6869761
9.3820673
10.975057
12.445416
13.776725
14.956568
15.976384
16.83065
17.516117
18.031031
18.374542
18.546342
18.546342
18.374542
18.031031
17.516117
16.83065
15.976384
14.956568
13.776725
12.445416
10.975057
9.3820673
7.6869761
5.9133821
4.0863129
2.2273258
0.34777503
-1.5553796
-3.468719
-5.3428152
-7.1415633
-8.8586105
-10.481377
-11.992189
-13.37462
-14.615926
-15.70724
-16.643446
-17.422258
-18.043387
-18.50763
-18.816033
-18.969312
-17.238346
-17.095623
-16.80945
-16.379598
-15.806023
-15.089187
-14.230642
-13.233625
-12.10361
-10.848807
-9.4801717
-8.0111386
-6.4563109
-4.8295653
-3.14434
-1.4257234
0.29659636
2.0067605
3.6966335
5.3528073
6.9572429
8.4900998
9.932259
11.266425
12.47807
13.555582
14.490245
15.275801
15.907977
16.38399
16.702107
16.861373
16.861373
16.702107
16.38399
15.907977
15.275801
14.490245
13.555582
12.47807
11.266425
9.932259
8.4900998
6.9572429
5.3528073
3.6966335
2.0067605
0.29659636
-1.4257234
-3.14434
-4.8295653
-6.4563109
-8.0111386
-9.4801717
-10.848807
-12.10361
-13.233625
-14.230642
-15.089187
-15.806023
-16.379598
-16.80945
-17.095623
-17.238346
-15.654863
-15.522549
-15.257837
-14.860971
-14.332586
-13.673971
-12.887453
-11.976797
-10.947568
-9.8074051
-8.5660307
-7.2350425
-5.8273006
-4.3562323
-2.8359916
-1.2859125
0.27276503
1.8246926
3.3579507
4.8586037
6.3106661
7.6977698
9.0038968
10.214171
11.315687
12.297736
13.151823
13.871463
14.451889
14.889741
15.182763
15.329592
15.329592
15.182763
14.889741
14.451889
13.871463
13.151823
12.297736
11.315687
10.214171
9.0038968
7.6977698
6.3106661
4.8586037
3.3579507
1.8246926
0.27276503
-1.2859125
-2.8359916
-4.3562323
-5.8273006
-7.2350425
-8.5660307
-9.8074051
-10.947568
-11.976797
-12.887453
-13.673971
-14.332586
-14.860971
-15.257837
-15.522549
-15.654863
-14.210453
-14.088257
-13.844078
-13.478518
-12.992685
-12.388393
-11.668427
-10.836809
-9.8990389
-8.8622512
-7.7352257
-6.5282495
-5.2528115
-3.9213407
-2.5473525
-1.1465224
0.26455298
1.6713939
3.0610086
4.4199884
5.7346112
6.9906118
8.173875
9.2714845
10.271991
11.165607
11.944279
12.601605
13.132671
13.53385
13.802616
13.93738
13.93738
13.802616
13.53385
13.132671
12.601605
11.944279
11.165607
10.271991
9.2714845
8.173875
6.9906118
5.7346112
4.4199884
3.0610086
1.6713939
0.26455298
-1.1465224
-2.5473525
-3.9213407
-5.2528115
-6.5282495
-7.7352257
-8.8622512
-9.8990389
-10.836809
-11.668427
-12.388393
-12.992685
-13.478518
-13.844078
-14.088257
-14.210453
-12.896155
-12.783594
-12.558844
-12.222748
-11.776717
-11.222881
-10.564265
-9.8049738
-8.9503489
-8.0070633
-6.9831293
-5.8878117
-4.7314689
-3.5255222
-2.2820527
-1.0144043
0.26339678
1.5380245
2.7970064
4.0280723
5.2187636
6.3562463
7.4282633
8.423457
9.3316044
10.143795
10.852512
11.451617
11.93626
12.302761
12.548493
12.67177
12.67177
12.548493
12.302761
11.93626
11.451617
10.852512
10.143795
9.3316044
8.423457
7.4282633
6.3562463
5.2187636
4.0280723
2.7970064
1.5380245
0.26339678
-1.0144043
-2.2820527
-3.5255222
-4.7314689
-5.8878117
-6.9831293
-8.0070633
-8.9503489
-9.8049738
-10.564265
-11.222881
-11.776717
-12.222748
-12.558844
-12.783594
-12.896155
-11.702538
-11.599051
-11.392544
-11.084005
-10.675025
-10.167898
-9.5657453
-8.8726404
-8.0937089
-7.2351902
-6.304442
-5.3098939
-4.2609506
-3.1677403
-2.0410732
-0.89293974
0.26442763
1.4192091
2.5599784
3.6753844
4.7538918
5.7842076
6.7555213
7.6577408
8.4816974
9.2192943
9.8635862
10.408791
10.850249
11.184363
11.408518
11.521013
11.521013
11.408518
11.184363
10.850249
10.408791
9.8635862
9.2192943
8.4816974
7.6577408
6.7555213
5.7842076
4.7538918
3.6753844
2.5599784
1.4192091
0.26442763
-0.89293974
-2.0410732
-3.1677403
-4.2609506
-5.3098939
-6.304442
-7.2351902
-8.0937089
-8.8726404
-9.5657453
-10.167898
-10.675025
-11.084005
-11.392544
-11.599051
-11.702538
-10.620101
-10.525107
-10.335635
-10.052755
-9.6781417
-9.2141516
-8.6639043
-8.0313645
-7.3214071
-6.5398531
-5.6934675
-4.7899184
-3.8376888
-2.8459326
-1.8246139
-0.7841879
0.26464463
1.3112181
2.3450376
3.3556779
4.3327799
5.266263
6.1464859
6.9644264
7.7118399
8.3813787
8.9666645
9.4623149
9.8639337
10.168079
10.372223
10.474704
10.474704
10.372223
10.168079
9.8639337
9.4623149
8.9666645
8.3813787
7.7118399
6.9644264
6.1464859
5.266263
4.3327799
3.3556779
2.3450376
1.3112181
0.26464463
-0.7841879
-1.8246139
-2.8459326
-3.8376888
-4.7899184
-5.6934675
-6.5398531
-7.3214071
-8.0313645
-8.6639043
-9.2141516
-9.6781417
-10.052755
-10.335635
-10.525107
-10.620101
-9.639534
-9.5524495
-9.3788189
-9.1197413
-8.7769145
-8.3526847
-7.8501025
-7.272975
-6.6259053
-5.9143125
-5.1444223
-4.3232314
-3.4584401
-2.5583689
-1.6319408
-0.68847505
0.26247797
1.2113034
2.1484472
3.0644456
3.9499824
4.7960127
5.5938967
6.335539
7.0135117
7.6211507
8.1526212
8.6029517
8.9680413
9.244649
9.4303732
9.5236289
9.5236289
9.4303732
9.244649
8.9680413
8.6029517
8.1526212
7.6211507
7.0135117
6.335539
5.5938967
4.7960127
3.9499824
3.0644456
2.1484472
1.2113034
0.26247797
-0.68847505
-1.6319408
-2.5583689
-3.4584401
-4.3232314
-5.1444223
-5.9143125
-6.6259053
-7.272975
-7.8501025
-8.3526847
-8.7769145
-9.1197413
-9.3788189
-9.5524495
-9.639534
-8.7519224
-8.6721751
-8.513221
-8.2761551
-7.9626528
-7.5750025
-7.1161412
-6.5896871
-5.9999617
-5.351997
-4.6515229
-3.9049331
-3.1192306
-2.3019586
-1.461134
-0.60512316
0.25749106
1.1180403
1.9678758
2.7984368
3.6013248
4.3684032
5.0919067
5.7645517
6.379634
6.93111
7.4136551
7.8227006
8.1544505
8.4058842
8.5747499
8.6595546
8.6595546
8.5747499
8.4058842
8.1544505
7.8227006
7.4136551
6.93111
6.379634
5.7645517
5.0919067
4.3684032
3.6013248
2.7984368
1.9678758
1.1180403
0.25749106
-0.60512316
-1.461134
-2.3019586
-3.1192306
-3.9049331
-4.6515229
-5.351997
-5.9999617
-6.5896871
-7.1161412
-7.5750025
-7.9626528
-8.2761551
-8.513221
-8.6721751
-8.7519224
-7.9488965
-7.8759312
-7.73053
-7.5137611
-7.2272474
-6.8731872
-6.4543763
-5.9742261
-5.4367736
-4.8466804
-4.2092162
-3.5302267
-2.8160851
-2.073631
-1.3101002
-0.53303018
0.24984674
1.0307092
1.8017393
2.5551996
3.283511
3.9793404
4.635692
5.2459976
5.8041973
6.3048089
6.7429801
7.1145262
7.4159515
7.6444605
7.79796
7.8750574
7.8750574
7.79796
7.6444605
7.4159515
7.1145262
6.7429801
6.3048089
5.8041973
5.2459976
4.635692
3.9793404
3.283511
2.5551996
1.8017393
1.0307092
0.24984674
-0.53303018
-1.3101002
-2.073631
-2.8160851
-3.5302267
-4.2092162
-4.8466804
-5.4367736
-5.9742261
-6.4543763
-6.8731872
-7.2272474
-7.5137611
-7.73053
-7.8759312
-7.9488965
-7.222719
-7.1560024
-7.0230794
-6.8249756
-6.5632423
-6.2399683
-5.8577917
-5.4199087
-4.9300755
-4.3926005
-3.8123264
-3.1945983
-2.5452204
-1.8704006
-1.1766864
-0.47088504
0.24002342
0.9489739
1.6488991
2.332805
2.9938456
3.6254016
4.2211581
4.7751806
5.2819846
5.7365945
6.1345919
6.4721513
6.7460648
6.9537573
7.0932942
7.1633852
7.1633852
7.0932942
6.9537573
6.7460648
6.4721513
6.1345919
5.7365945
5.2819846
4.7751806
4.2211581
3.6254016
2.9938456
2.332805
1.6488991
0.9489739
0.24002342
-0.47088504
-1.1766864
-1.8704006
-2.5452204
-3.1945983
-3.8123264
-4.3926005
-4.9300755
-5.4199087
-5.8577917
-6.2399683
-6.5632423
-6.8249756
-7.0230794
-7.1560024
-7.222719
-6.5663178
-6.5053415
-6.3838743
-6.2028905
-5.9638581
-5.668745
-5.3200243
-4.9206758
-4.4741824
-3.9845188
-3.4561312
-2.8939073
-2.3031362
-1.6894586
-1.0588089
-0.41734705
0.22861453
0.87268629
1.5084751
2.1296546
2.7300347
3.303631
3.8447336
4.3479723
4.8083765
5.2214279
5.5831039
5.8899115
6.1389132
6.327744
6.4546232
6.5183607
6.5183607
6.4546232
6.327744
6.1389132
5.8899115
5.5831039
5.2214279
4.8083765
4.3479723
3.8447336
3.303631
2.7300347
2.1296546
1.5084751
0.87268629
0.22861453
-0.41734705
-1.0588089
-1.6894586
-2.3031362
-2.8939073
-3.4561312
-3.9845188
-4.4741824
-4.9206758
-5.3200243
-5.668745
-5.9638581
-6.2028905
-6.3838743
-6.5053414
-6.5663178
-5.9732765
-5.9175585
-5.8065807
-5.6412604
-5.4229765
-5.1535716
-4.835352
-4.4710852
-4.0639919
-3.617733
-3.1363881
-2.6244266
-2.0866707
-1.5282509
-0.95455359
-0.37116246
0.21620503
0.80176272
1.3797215
1.944353
2.4900532
3.011404
3.5032341
3.9606768
4.3792219
4.7547631
5.0836373
5.362657
5.5891354
5.7609049
5.8763302
5.934317
5.934317
5.8763302
5.7609049
5.5891354
5.362657
5.0836373
4.7547631
4.3792219
3.9606768
3.5032341
3.011404
2.4900532
1.944353
1.3797215
0.80176272
0.21620503
-0.37116246
-0.95455359
-1.5282509
-2.0866707
-2.6244266
-3.1363881
-3.617733
-4.0639919
-4.4710852
-4.835352
-5.1535716
-5.4229765
-5.6412604
-5.8065807
-5.9175585
-5.9732765
-5.4378013
-5.3868875
-5.285489
-5.1344646
-4.9351023
-4.6891188
-4.3986567
-4.0662784
-3.6949566
-3.2880585
-2.8493256
-2.382845
-1.8930163
-1.3845099
-0.86222163
-0.33122022
0.20330792
0.73611588
1.2619549
1.7756316
2.2720655
2.7463439
3.1937766
3.6099462
3.9907554
4.3324689
4.6317494
4.8856881
5.0918289
5.2481871
5.3532634
5.4060534
5.4060534
5.3532634
5.2481871
5.0918289
4.8856881
4.6317494
4.3324689
3.9907554
3.6099462
3.1937766
2.7463439
2.2720655
1.7756316
1.2619549
0.73611588
0.20330792
-0.33122022
-0.86222163
-1.3845099
-1.8930163
-2.382845
-2.8493256
-3.2880585
-3.6949566
-4.0662784
-4.3986567
-4.6891188
-4.9351023
-5.1344646
-5.285489
-5.3868875
-5.4378013
-4.9546748
-4.9081386
-4.8154665
-4.6774585
-4.4953128
-4.2706232
-4.0053744
-3.7019338
-3.3630406
-2.99179
-2.591612
-2.1662455
-1.7197066
-1.2562519
-0.78033651
-0.29656865
0.19033995
0.67562443
1.1545191
1.6223089
2.074381
2.5062744
2.9137282
3.2927273
3.6395445
3.9507781
4.2233855
4.4547112
4.64251
4.7849655
4.8807039
4.9288042
4.9288042
4.8807039
4.7849655
4.64251
4.4547112
4.2233855
3.9507781
3.6395445
3.2927273
2.9137282
2.5062744
2.074381
1.6223089
1.1545191
0.67562443
0.19033995
-0.29656865
-0.78033651
-1.2562519
-1.7197066
-2.1662455
-2.591612
-2.99179
-3.3630406
-3.7019338
-4.0053744
-4.2706232
-4.4953128
-4.6774585
-4.8154665
-4.9081386
-4.9546748
-4.5192052
-4.476648
-4.3919055
-4.2657205
-4.0992044
-3.8938332
-3.6514413
-3.3742129
-3.0646699
-2.7256556
-2.3603149
-1.9720696
-1.5645889
-1.1417562
-0.70763152
-0.26641034
0.17762001
0.62012554
1.0567723
1.4832728
1.8954319
2.2891919
2.660676
3.0062288
3.3224549
3.6062527
3.8548455
4.0658071
4.2370844
4.3670144
4.4543386
4.4982127
4.4982127
4.4543386
4.3670144
4.2370844
4.0658071
3.8548455
3.6062527
3.3224549
3.0062288
2.660676
2.2891919
1.8954319
1.4832728
1.0567723
0.62012554
0.17762001
-0.26641034
-0.70763152
-1.1417562
-1.5645889
-1.9720696
-2.3603149
-2.7256556
-3.0646699
-3.3742129
-3.6514413
-3.8938332
-4.0992044
-4.2657205
-4.3919055
-4.476648
-4.5192052
-4.1271781
-4.0882281
-4.0106729
-3.8952006
-3.7428399
-3.5549555
-3.3332408
-3.0797091
-2.7966809
-2.4867685
-2.1528562
-1.7980777
-1.4257889
-1.039537
-0.64302736
-0.24008601
0.16537931
0.56941964
0.96808676
1.3574749
1.7337621
2.0932511
2.432408
2.7478995
3.0366273
3.2957595
3.5227586
3.7154059
3.8718218
3.9904834
4.070237
4.1103082
4.1103082
4.070237
3.9904834
3.8718218
3.7154059
3.5227586
3.2957595
3.0366273
2.7478995
2.432408
2.0932511
1.7337621
1.3574749
0.96808676
0.56941964
0.16537931
-0.24008601
-0.64302736
-1.039537
-1.4257889
-1.7980777
-2.1528562
-2.4867685
-2.7966809
-3.0797091
-3.3332408
-3.5549555
-3.7428399
-3.8952006
-4.0106729
-4.0882281
-4.1271781
-3.7748103
-3.7391218
-3.6680639
-3.5622732
-3.4227008
-3.2506071
-3.0475545
-2.8153983
-2.5562739
-2.2725819
-1.9669697
-1.6423101
-1.3016759
-0.94831241
-0.58560675
-0.21705428
0.1537765
0.52328046
0.88785368
1.2439311
1.5880238
1.9167562
2.2269009
2.5154124
2.7794585
3.0164489
3.2240615
3.4002639
3.543334
3.6518751
3.7248286
3.7614838
3.7614838
3.7248286
3.6518751
3.543334
3.4002639
3.2240615
3.0164489
2.7794585
2.5154124
2.2269009
1.9167563
1.5880238
1.2439311
0.88785368
0.52328046
0.1537765
-0.21705428
-0.58560675
-0.94831241
-1.3016759
-1.6423101
-1.9669697
-2.2725819
-2.5562739
-2.8153983
-3.0475545
-3.2506071
-3.4227008
-3.5622732
-3.6680639
-3.7391218
-3.7748103
-3.4587098
-3.4259616
-3.3607603
-3.2636948
-3.1356438
-2.9777712
-2.7915187
-2.5785961
-2.3409696
-2.0808474
-1.8006619
-1.5030499
-1.1908297
-0.86697558
-0.53458943
-0.19687113
0.14291363
0.48146641
0.8154902
1.1417236
1.4569748
1.7581549
2.0423099
2.3066514
2.5485851
2.7657372
2.9559781
3.1174435
3.2485525
3.3480222
3.4148803
3.4484733
3.4484733
3.4148803
3.3480222
3.2485525
3.1174435
2.9559781
2.7657372
2.5485851
2.3066514
2.0423099
1.7581549
1.4569748
1.1417236
0.8154902
0.48146641
0.14291363
-0.19687113
-0.53458943
-0.86697558
-1.1908297
-1.5030499
-1.8006619
-2.0808474
-2.3409696
-2.5785961
-2.7915187
-2.9777712
-3.1356438
-3.2636948
-3.3607603
-3.4259616
-3.4587098
-3.1758387
-3.1457328
-3.0857941
-2.9965669
-2.8788637
-2.7337597
-2.5625858
-2.3669194
-2.1485727
-1.9095793
-1.6521775
-1.3787918
-1.0920118
-0.79456868
-0.48930988
-0.17917145
0.13285072
0.4437311
0.7504458
1.0500037
1.3394772
1.6160328
1.87696
2.1196996
2.3418695
2.5412891
2.7160014
2.8642923
2.9847075
3.0760665
3.1374743
3.1683293
3.1683293
3.1374743
3.0760665
2.9847075
2.8642923
2.7160014
2.5412891
2.3418695
2.1196996
1.87696
1.6160328
1.3394772
1.0500037
0.7504458
0.4437311
0.13285072
-0.17917145
-0.48930988
-0.79456868
-1.0920118
-1.3787918
-1.6521775
-1.9095793
-2.1485727
-2.3669194
-2.5625858
-2.7337597
-2.8788637
-2.9965669
-3.0857941
-3.1457328
-3.1758387
-2.9234843
-2.8957441
-2.8405163
-2.758305
-2.6498619
-2.5161813
-2.3584935
-2.1782556
-1.9771407
-1.7570248
-1.5199716
-1.2682151
-1.0041403
-0.73026138
-0.44919861
-0.16365343
0.12361795
0.40983216
0.69220763
0.96799305
1.2344956
1.4891086
1.7293381
1.9528283
2.1573862
2.3410032
2.5018762
2.6384251
2.7493087
2.8334383
2.8899877
2.9184019
2.9184019
2.8899877
2.8334383
2.7493087
2.6384251
2.5018762
2.3410032
2.1573862
1.9528283
1.7293381
1.4891086
1.2344956
0.96799305
0.69220763
0.40983216
0.12361795
-0.16365343
-0.44919861
-0.73026138
-1.0041403
-1.2682151
-1.5199716
-1.7570248
-1.9771407
-2.1782556
-2.3584935
-2.5161813
-2.6498619
-2.758305
-2.8405163
-2.8957441
-2.9234843
-2.6992453
-2.6736135
-2.6225842
-2.5466247
-2.4464316
-2.3229262
-2.177248
-2.0107455
-1.8249668
-1.6216467
-1.4026924
-1.170168
-0.92627562
-0.67333652
-0.41376924
-0.15006711
0.11522565
0.37953948
0.64030699
0.89498903
1.1411006
1.3762358
1.5980924
1.8044954
1.9934191
2.1630077
2.3115946
2.4377188
2.5401399
2.6178505
2.6700862
2.6963332
2.6963332
2.6700862
2.6178505
2.5401399
2.4377188
2.3115946
2.1630077
1.9934191
1.8044954
1.5980924
1.3762358
1.1411006
0.89498903
0.64030699
0.37953948
0.11522565
-0.15006711
-0.41376924
-0.67333652
-0.92627562
-1.170168
-1.4026924
-1.6216467
-1.8249668
-2.0107455
-2.177248
-2.3229262
-2.4464316
-2.5466247
-2.6225842
-2.6736135
-2.6992453
-2.501039
-2.4772756
-2.4299667
-2.3595464
-2.266662
-2.1521693
-2.017126
-1.8627842
-1.6905799
-1.502122
-1.2991788
-1.083663
-0.85761492
-0.62318472
-0.38261251
-0.1382079
0.10767125
0.35264249
0.59432688
0.83037205
1.0584762
1.2764105
1.4820421
1.6733552
1.8484719
2.0056713
2.1434073
2.2603244
2.3552711
2.4273121
2.4757375
2.5000702
2.5000702
2.4757375
2.4273121
2.3552711
2.2603244
2.1434073
2.0056713
1.8484719
1.6733552
1.4820421
1.2764105
1.0584762
0.83037205
0.59432688
0.35264249
0.10767125
-0.1382079
-0.38261251
-0.62318472
-0.85761492
-1.083663
-1.2991788
-1.502122
-1.6905799
-1.8627842
-2.017126
-2.1521693
-2.266662
-2.3595464
-2.4299667
-2.4772756
-2.501039
-2.3268397
-2.3047222
-2.2606902
-2.1951485
-2.1087004
-2.0021431
-1.8764622
-1.7328236
-1.5725642
-1.3971816
-1.2083209
-1.0077613
-0.79740011
-0.5792368
-0.35535438
-0.1279004
0.10093132
0.32891663
0.55384256
0.77352129
0.98581179
1.1886409
1.3800241
1.5580855
1.721077
1.8673962
1.9956029
2.1044339
2.1928162
2.2598778
2.3049568
2.3276081
2.3276081
2.3049568
2.2598778
2.1928162
2.1044339
1.9956029
1.8673962
1.721077
1.5580855
1.3800241
1.1886409
0.98581179
0.77352129
0.55384256
0.32891663
0.10093132
-0.1279004
-0.35535438
-0.5792368
-0.79740011
-1.0077613
-1.2083209
-1.3971816
-1.5725642
-1.7328236
-1.8764622
-2.0021431
-2.1087004
-2.1951485
-2.2606902
-2.3047222
-2.3268397
-2.1728637
-2.1522038
-2.1110738
-2.0498521
-1.9691026
-1.8695707
-1.7521773
-1.6180117
-1.4683228
-1.3045086
-1.1281052
-0.94077269
-0.7442816
-0.54049711
-0.33136269
-0.11888114
0.094906786
0.30789182
0.51801285
0.7232301
0.92154553
1.111024
1.2898128
1.4561599
1.6084323
1.7451324
1.8649138
1.9665952
2.0491731
2.1118316
2.1539514
2.175116
2.175116
2.1539514
2.1118316
2.0491731
1.9665952
1.8649138
1.7451324
1.6084323
1.4561599
1.2898128
1.111024
0.92154553
0.7232301
0.51801285
0.30789182
0.094906786
-0.11888114
-0.33136269
-0.54049711
-0.7442816
-0.94077269
-1.1281052
-1.3045086
-1.4683228
-1.6180117
-1.7521773
-1.8695707
-1.9691026
-2.0498521
-2.1110738
-2.1522038
-2.1728637
-2.0340035
-2.0146574
-1.9761433
-1.9188159
-1.843204
-1.7500062
-1.6400853
-1.514462
-1.3743058
-1.2209256
-1.0557583
-0.8803564
-0.69637411
-0.50555244
-0.30970601
-0.11070937
0.089556371
0.28902309
0.48578578
0.67793614
0.86360976
1.0410008
1.2083786
1.3641058
1.5066553
1.6346262
1.7467585
1.8419468
1.9192515
1.9779089
2.0173392
2.0371523
2.0371523
2.0173392
1.9779089
1.9192515
1.8419468
1.7467585
1.6346262
1.5066553
1.3641058
1.2083786
1.0410008
0.86360976
0.67793614
0.48578578
0.28902309
0.089556371
-0.11070937
-0.30970601
-0.50555244
-0.69637411
-0.8803564
-1.0557583
-1.2209256
-1.3743058
-1.514462
-1.6400853
-1.7500062
-1.843204
-1.9188159
-1.9761433
-2.0146574
-2.0340035
-1.9387323
-1.9202758
-1.8835333
-1.8288446
-1.756716
-1.6678163
-1.5629711
-1.4431563
-1.3094898
-1.1632213
-1.0057214
-0.83846834
-0.66303327
-0.48106415
-0.29427351
-0.1044524
0.086430362
0.27666199
0.46425705
0.64738848
0.82429801
0.99328089
1.1526997
1.3010025
1.4367407
1.5585852
1.6653407
1.7559584
1.829547
1.8853822
1.9229141
1.941773
1.941773
1.9229141
1.8853822
1.829547
1.7559584
1.6653407
1.5585852
1.4367407
1.3010025
1.1526997
0.99328089
0.82429801
0.64738848
0.46425705
0.27666199
0.086430362
-0.1044524
-0.29427351
-0.48106415
-0.66303327
-0.83846834
-1.0057214
-1.1632213
-1.3094898
-1.4431563
-1.5629711
-1.6678163
-1.756716
-1.8288446
-1.8835333
-1.9202758
-1.9387323
-2.2044872
-2.1835575
-2.1418882
-2.0798583
-1.9980332
-1.8971606
-1.7781655
-1.6421436
-1.4903531
-1.3242054
-1.1452547
-0.95518706
-0.75581116
-0.5490572
-0.33696976
-0.12159656
0.095343955
0.31146553
0.5250357
0.73394937
0.93608299
1.1294026
1.3119755
1.481977
1.6377051
1.7775964
1.9002428
2.0044068
2.0890348
2.1532693
2.1964585
2.2181634
2.2181634
2.1964585
2.1532693
2.0890348
2.0044068
1.9002428
1.7775964
1.6377051
1.481977
1.3119755
1.1294026
0.93608299
0.73394937
0.5250357
0.31146553
0.095343955
-0.12159656
-0.33696976
-0.5490572
-0.75581116
-0.95518706
-1.1452547
-1.3242054
-1.4903531
-1.6421436
-1.7781655
-1.8971606
-1.9980332
-2.0798583
-2.1418882
-2.1835575
-2.2044872
-0.35949613
-0.35611133
-0.34937378
-0.3393471
-0.32612573
-0.30983358
-0.29062241
-0.2686696
-0.24417525
-0.21735828
-0.1884512
-0.15769241
-0.12530778
-0.091463257
-0.056196463
-0.019462713
0.018446545
0.055037423
0.089995304
0.12336575
0.15513458
0.18515697
0.21323316
0.23915591
0.26272697
0.2837636
0.30210247
0.31760207
0.33014394
0.33963322
0.34599883
0.34919345
0.34919345
0.34599883
0.33963322
0.33014394
0.31760207
0.30210247
0.2837636
0.26272697
0.23915591
0.21323316
0.18515698
0.15513458
0.12336575
0.089995304
0.055037423
0.018446545
-0.019462713
-0.056196463
-0.091463257
-0.12530778
-0.15769241
-0.1884512
-0.21735828
-0.24417525
-0.2686696
-0.29062241
-0.30983358
-0.32612573
-0.3393471
-0.34937378
-0.35611133
-0.35949613
-5.04797
-4.9997341
-4.9037105
-4.7607926
-4.572312
-4.3400281
-4.0661147
-3.7531431
-3.4040619
-3.0221739
-2.611111
-2.1748035
-1.7174453
-1.2435041
-0.75795186
-0.26660796
0.2257922
0.71848457
1.2067407
1.6845627
2.1468656
2.5890007
3.0065509
3.3953374
3.7514642
4.0713572
4.3518006
4.5899698
4.7834616
4.9303206
5.029061
5.0786826
5.0786826
5.029061
4.9303206
4.7834616
4.5899698
4.3518006
4.0713572
3.7514642
3.3953374
3.0065509
2.5890007
2.1468656
1.6845627
1.2067407
0.71848457
0.2257922
-0.26660796
-0.75795186
-1.2435041
-1.7174453
-2.1748035
-2.611111
-3.0221739
-3.4040619
-3.7531431
-4.0661147
-4.3400281
-4.572312
-4.7607926
-4.9037105
-4.9997341
-5.04797
)
;

boundaryField
{
    leftWall
    {
        type            cyclic;
    }
    rightWall
    {
        type            cyclic;
    }
    lowerWall
    {
        type            calculated;
        value           nonuniform List<scalar> 
64
(
2.0771204
2.0569293
2.0167476
1.9569739
1.8782008
1.7812087
1.6669573
1.5365756
1.3913501
1.232711
1.0622174
0.88154184
0.69245289
0.4967952
0.2964551
0.093401914
-0.11038847
-0.31298711
-0.51243293
-0.7068132
-0.89427313
-1.0730299
-1.241389
-1.39776
-1.5406706
-1.6687796
-1.7808882
-1.8759502
-1.9530806
-2.0115628
-2.0508546
-2.0705918
-2.0705918
-2.0508546
-2.0115628
-1.9530806
-1.8759502
-1.7808882
-1.6687796
-1.5406706
-1.39776
-1.241389
-1.0730299
-0.89427313
-0.7068132
-0.51243293
-0.31298711
-0.11038847
0.093401916
0.2964551
0.4967952
0.69245289
0.88154184
1.0622175
1.232711
1.3913501
1.5365756
1.6669573
1.7812087
1.8782008
1.9569739
2.0167476
2.0569293
2.0771204
)
;
    }
    atmosphere
    {
        type            calculated;
        value           nonuniform List<scalar> 
64
(
-2.4822961e-05
-0.00022195288
-0.00060852349
-0.0011694621
-0.0018829108
-0.0027210933
-0.0036514132
-0.0046377393
-0.0056418263
-0.0066248127
-0.0075487376
-0.008378019
-0.0090808461
-0.0096304344
-0.010005938
-0.010192525
0
0
0
0
0
0
0
0
0
0
0
0
0
0
0
0
0
0
0
0
0
0
0
0
0
0
0
0
0
0
0
0
-0.010192525
-0.010005938
-0.0096304344
-0.0090808461
-0.008378019
-0.0075487376
-0.0066248127
-0.0056418263
-0.0046377393
-0.0036514132
-0.0027210933
-0.0018829108
-0.0011694621
-0.00060852349
-0.00022195288
-2.4822962e-05
)
;
    }
    defaultFaces
    {
        type            empty;
    }
}


// ************************************************************************* //
